source,symbol,link,date,title,content
서울경제,003680,/news/news_read.nhn?article_id=0003342966&office_id=011&mode=search&query=한성기업&page=1,2018-07-09 10:09,"&lt;유&gt;한성기업, 전일 대비 17.23% 상승.. 일일회전율은 19.69% 기록","[서울경제] 한성기업(003680) 은 9일 오전 10시 8분 현재 17.23% 오른 9,050원에 거래되고 있으며, 48(매도):52(매수)의 매수우위를 기록하고 있다. 거래대금은 97억2,020만, 거래량은 107만8,799주로 거래량회전율은 19.69%로 나타났다. 지난 1개월간 한성기업은 상승 13회, 하락 15회를 기록했고, 주가수익률은 20.03% 표준편차는 6.77%를 기록했다. 이 기간 ' 음식료품업 ' 업종 평균 주가수익률은 2.93%로 나타났으며, 변동성은 1.36%를 기록했다. 이 시각 현재 ' 음식료품업 '은 0.43% 상승 중이며, 35(매도):65(매수)의 매수우위를 기록하고 있다."
전자신문,003680,/news/news_read.nhn?article_id=0002511926&office_id=030&mode=search&query=한성기업&page=1,2016-08-08 14:24,[@마켓리포트]음식료품업종의 상승폭 확대_한성기업 강세흐름 돋보여,HTML PUBLIC '-//W3C//DTD HTML 4.01 Transitional//EN'
파이낸셜뉴스,003680,/news/news_read.nhn?article_id=0004066844&office_id=014&mode=search&query=한성기업&page=1,2018-07-30 14:00,[fnRASSI]한성기업 전일대비 8.09% 상승,"한성기업(003680)은 현재 주가가 전일 대비 8.09% 상승한 8,280원 선에서 거래가 이루어지고 있다.                   지표               항목               값               종합점수                 성장성               매출액증가율               0               4.87                 자기자본증가율               0                 안정성               부채비율               304.77               4.72                 유동비율               90.37                 이익안정성               9.44                 수익성               ROA               1.21               4.25                 ROE               4.88                 영업이익율               2.11          한성기업의 퀀트 재무 점수는 13.84점으로 지난 분기에 비해 성장성 점수가 하락했다. 이는 매출액 증가율과 자기자본 증가율이 감소하였기 때문이다. 수익성 측면에서 볼때 ROA, ROE, 영업이익률 모두 개선되어 이전보다 좋은 점수를 받았다. 외국인, 기관 모두 보유량 증가 (5일 누적) 최근 5일간 동종목의 외국인 투자자는 21,191주 순매수하였고 마찬가지로 기관은 49주 순매수하였다. 전날 두 주체 각각 7,965주, 49주 순매수하며 보유 비율을 늘렸다. 다음 표는 동종목의 외국인, 기관의 일별 순매수량을 나타낸 것이다. 'fnRASSI'는 증권전문 기업 씽크풀과 파이낸셜뉴스의 협업으로 로봇기자가 실시간으로 생산하는 기사입니다."
조세일보,003680,/news/news_read.nhn?article_id=0002161766&office_id=123&mode=search&query=한성기업&page=1,2017-06-02 15:52,"한성기업, &quot;'크맥' 인증하고 안주세트 받으세요&quot;","한성기업㈜ '크래미'는 여름시즌을 맞아 '전국민 크맥하자' 이벤트를 진행한다고 2일 전했다. 이번 이벤트는 크래미와 맥주를 함께 즐기는 사진 또는 영상을 자신의 SNS 인스타그램에 #크맥, #크래미 해시태그와 함께 인증만 하면 자동 응모가 된다. 응모 기간은 이달부터 8월31일까지이며 크맥을 인증하는 고객중 총 3000명을 선정해 4만원 상당의 푸짐한 한성기업의 안주세트가 선물로 증정된다. 선정은 응모기간 중 2주간격으로 이루어지며 선물 또한 순차적으로 배송이 이루어질 예정이다. 더 자세한 내용은 한성기업 공식 블로그에서 그 내용을 알 수 있다. 한성기업 홍보 담당자는 ""항상 여름시즌에 크래미가 큰 사랑을 받아왔다""며 ""올해 여름에는 크맥으로 무더위를 날려버리기를 권한다""고 말했다. 한편 한성기업은 앞으로 크맥 이라는 키워드를 중심으로 각종 프로모션 및 이벤트 등을 기획 중이며 관련 제품도 곧 출시를 앞두고 있다고 전했다."
전자신문,003680,/news/news_read.nhn?article_id=0002684182&office_id=030&mode=search&query=한성기업&page=1,2018-02-13 12:13,[ET투자뉴스][주요투자자 대량지분변동] 한성기업(003680),"한성기업(003680)은 13일 최대주주 임우근의 보유주식이 보유지분율에서의 변화는 없다고 발표했다. 이번 보고서에 따르면 보고자의 주식수는 2602417주이며, 현재 보유지분율은 47.5%를 유지하고 있다. 이번 보고 사유는 주식담보계약체결에 따른 질권설정만기연장으로  알려졌다.   최대주주와 특수관계자의 지분 변동은 주가에 영향을 주는 요인이다. 특히 보유비율을 지속적으로 늘리거나 줄일 경우, 해당종목 투자시 유의할 필요가 있다.  다음은 한성기업의 지분 변동 내역과 보유 내역이다."
한국경제,003680,/news/news_read.nhn?article_id=0003534739&office_id=015&mode=search&query=한성기업&page=1,2016-01-29 07:01,"[정성 가득 설 선물] 한성기업 저염 명란&middot;창란&middot;오징어젓갈, 밥 한 그릇 뚝딱 해...","[ 강진규 기자  ] 한성기업은 설을 맞아 ‘행복담은 첫 마음’ 고급 젓갈 선물세트, 독일식 전통소시지 캠프렌즈 등 65종의 선물세트를 내놨다. 한성기업 관계자는 “수산물 전문 회사의 장점을 살려 고품질의 수산물로 차별화했다”고 말했다. 대표 제품은 젓갈세트다. 한성기업만의 노하우인 ‘빙온 숙성 기법’을 적용해 정갈하고 고급스러운 맛을 내는 것으로 유명하다. 젓갈류를 찾는 사람들 사이에 최고의 선물로 꼽히는 제품이다. 프리미엄 골드명란, 저염명란 명품세트, 골드 명란·창란·오징어젓갈세트 등이 있으며 가격은 8만~17만원대다. 캠프렌즈 선물세트는 한성기업의 캠핑용 먹거리 브랜드 캠프렌즈 제품을 모아 담은 세트다. 캠핑에서 활용도가 높은 독일 소시지를 중심으로 구성됐다. 캠프렌즈 소시지는 돼지고기 함량을 크게 높여 식감이 우수하다는 점이 알려지면서 인기를 끌고 있는 제품이다. 캠프렌즈 선물세트는 ‘베스트 육가공품 선발대회’ 등에서 최우수상과 우수상을 받은 제품을 중심으로 담았다. 소시지 4종과 소스류 2종을 함께 담은 캠프렌즈 2호(6만2000원)가 대표 제품이다. 참치캔과 캔햄 등으로 구성된 캔류 선물세트도 있다. 제주도 흑돼지로 만든 캔햄 ‘흑돈팜’, 파슬리와 레몬페파가 함유돼 있는 신제품 ‘그릴팜’, 살코기 참치 제품 등을 함께 묶어 구성했다. 가격대는 3만~6만원대로 중저가 세트를 찾는 소비자에게 인기가 높다. 지역 특산물도 선보였다. 제주 인근 해산물로 만든 ‘제주 특선 선물세트’(12만~24만원), 광천 특산물인 ‘광천김 선물세트’, 청도 특산물인 ‘곶감세트’ 등이다. 식감이 좋은 프리미엄 어묵 ‘가고시마 사쯔마아게’ 선물세트도 있다. 한성기업은 온라인몰 HS마켓("
문화일보,003680,/news/news_read.nhn?article_id=0002263865&office_id=021&mode=search&query=한성기업&page=1,2016-01-21 14:12,"한성기업 65種 설 선물세트, 온라인몰 HS마켓 판매 시작","한성기업이 설 명절을 맞아 젓갈부터 독일 전통 소시지까지 총 65종의 선물세트를 선보였다. 한성기업은 온라인몰 HS마켓을 통해 설 선물세트 판매를 시작한다고 21일 밝혔다. 한성기업의 대표 제품은 젓갈 세트다. 좋은 재료에 한성기업만의 노하우 빙온 숙성 기법을 적용해 정갈하고 고급스러운 맛을 더했다. 젓갈류를 찾는 사람들 사이에 최고의 선물로 꼽힌다. 젓갈 선물세트 가격은 8만 원부터 17만 원까지다. 상품은 프리미엄 골드명란, 저염명란 명품세트, 골드 명란·창란·오징어젓갈세트 등으로 구성돼 있다. 캠프렌즈 선물세트는 독일 전통 소시지를 담은 상품이다. 돈육 함량을 높여 식감이 뛰어나다는 평이다. 특히 여기 포함된 소시지들은 베스트 육가공품 선발대회에서 최우수상과 우수상을 받은 제품이다. 캔류 선물세트는 제주도 흑돼지로 만든 흑돈팜 파슬리 등이 함유돼있는 신제품 그릴팜, 살코기 참치 제품 등이 있다. 가격은 3만 원부터 6만 원까지다."
한국경제,003680,/news/news_read.nhn?article_id=0003536637&office_id=015&mode=search&query=한성기업&page=1,2016-02-01 15:48,"한성기업, 지난해 영업이익 52억&hellip;전년比 270%&uarr;",[ 김아름 기자  ] 한성기업은 1일 지난해 연결 기준 영업이익이 전년보다 270.1% 늘어난 51억6000만원이라고 공시했다. 같은 기간 매출은 2915억4700만원으로 1.5% 증가했고 당기순이익은 27억1600만원으로 흑자전환했다. 김아름 한경닷컴 기자
아시아경제,003680,/news/news_read.nhn?article_id=0004147024&office_id=277&mode=search&query=한성기업&page=1,2017-12-26 18:03,"한성기업, 지분 투자로 약 28억원 차익 거둬","[팍스넷데일리 공도윤 기자] 한성기업이 한성크린텍 보유 주식 매각으로 약 28억원 가량의 차익을 거둔 것으로 확인됐다. 한성기업은 지난 23일 한성크린텍 보유주식 8만9870주를 주당 8만714원에 처분했다고 공시했다. 한성기업은 2013년 약 44억원에 주식을 보유해 4년만에 72억5376만원에 매각, 약 28억원의 차익을 본 것으로 파악된다. 회사 관계자는 26일 “한성기업과 영업적 거래가 없는 단순투자 주식의 처분”이라며 “이번 매각으로 현금 유동성 확보 및 재무구조 개선의 효과를 보게됐다”고 밝혔다."
파이낸셜뉴스,003680,/news/news_read.nhn?article_id=0003592241&office_id=014&mode=search&query=한성기업&page=1,2016-01-31 18:36,[설 선물세트 특집] 한성기업 '행복담은 첫 마음' 선물세트 &middot; 롯데칠성음료 델몬...,"한성기업 젓갈선물세트


 


 한성기업은 설을 맞아 '행복담은 첫 마음' 고급 젓갈 선물세트, 독일식 전통소시지 캠프렌즈 선물세트 등 65종의 선물세트를 내놨다.대표 제품인 젓갈세트는 좋은 재료에 한성기업만의 노하우인 빙온숙성 기법을 적용해 정갈하고 고급스러운 맛을 냈다. 덕분에 젓갈류를 찾는 사람들 사이에 최고의 선물로 꼽히며 오랜 기간 사랑받은 제품이다. 프리미엄 골드명란, 저염명란 명품세트, 골드 명란.창란.오징어젓갈세트 등이 있으며 가격은 8만~17만원대이다.캠프렌즈 선물세트는 독일 전통 소시지를 내세운 세트다. 크게 높인 돈육 함량 덕분에 식감이 뛰어난 프리미엄 소시지들로 구성됐다. 캔류 선물세트는 제주도 흑돼지로 만든 흑돈팜 파슬리와 레몬페파가 함유돼있는 신제품 그릴팜, 살코기 참치 제품으로 구성됐다. 가격은 3만~6만원대이다.지역 특산물도 있다. 제주 인근 해산물로 만든 '제주 특선 선물세트'(12만∼24만원), 광천 특산물인 '광천김 선물세트', 청도 특산물인 '곶감세트' 등이다.










롯데칠성음료 델몬트주스 설선물세트


 


 롯데칠성음료의 올해 설 선물세트는 국내 1등 주스 브랜드 '델몬트' 제품 중 소비자에게 신뢰받고 꾸준한 사랑을 받아온 제품으로 구성해 만족도를 높였다.'델몬트 주스 설 선물세트'는 8000원대부터 1만4000원대의 부담 없는 중저가 세트로 명절 분위기를 담은 고급스러운 포장재를 사용해 전하는 사람과 받는 사람 모두에게 만족을 준다.델몬트 병 선물세트는 명절마다 인기가 많았던 베스트셀러 제품 위주로 구성했다. 다양한 구성의 프리미엄 주스를 넉넉한 1L 용량으로 즐길 수 있는 '프리미엄 오렌지.포도.제주감귤 3본입 세트'와 '프리미엄 오렌지 3본입 세트'를 포함해 제주감귤 100%를 사용해 제대로 된 감귤주스의 맛을 낸 '제주감귤주스 3본입 세트' 등 3종으로 구성됐다.1.5L페트는 한국의 미가 물씬 풍기는 보석함 느낌을 살려 포장재를 고급스럽게 꾸민 '오렌지.포도.망고.토마토 4본입 세트'와 단아한 고급 보자기 모양의 선물상자에 담긴 '포도.매실.제주감귤 4본입 세트' 2종이 있다.

 ※ 저작권자 ⓒ"
이데일리,003680,/news/news_read.nhn?article_id=0003466134&office_id=018&mode=search&query=한성기업&page=1,2016-02-01 15:40,"한성기업, 작년 영업익 52억..전년比 270%&uarr;",[이데일리 임현영 기자] 한성기업(003680)은 작년 영업이익이 52억원으로 작년보다 270.1% 늘었다고 1일 공시했다. 같은기간 매출은 2915억원으로 흑자전환했다.
조세일보,003680,/news/news_read.nhn?article_id=0002145442&office_id=123&mode=search&query=한성기업&page=1,2016-10-26 16:30,"한성기업, '진짜' 토굴 새우젓으로 인기몰이","최근 국내에 유통되는 '광천 토굴 새우젓'이 대부분 가짜 수입산(중국산)이라는 내용의 먹거리X파일이 방송돼 시청자들에게 충격을 주고 있는 가운데, 사진과 등록증 등을 투명하게 공개한 한성기업의 토굴숙성 광천 새우젓이 믿을 수 있는 먹거리로 인기를 얻고 있다는 전언이다. 26일 한성기업에 따르면 한성기업의 토굴 광천 새우젓은 고객이 안전하게 믿고 구매할 수 있도록 홈페이지 및 기업 블로그에 숙성과정을 인증한 사진과 특허청에서 발부한 지리적 표시 단체표장등록증을 공개했다. 등록증은 광천읍 소재의 토굴에서 발효, 숙성시킨 것에 한해 발급되는 것으로 한성기업 토굴새우젓이 올바른 토굴숙성 과정을 거친 제품이라는 것을 확인할 수 있도록 되어 있다. 한성기업 관계자는 ""이 토굴은 사철 최고의 자연숙성 젓갈을 만들어주는 섭씨13~15도의 온도를 유지하며 청결하게 유지된 토굴에서 숙성된 새우젓은 고유의 풍미가 더욱 깊고 맛있다""며 ""신뢰를 바탕으로 맛있고 안전한 상품을 고객에게 전달하는데 최선을 다하겠다""고 덧붙였다. 한성기업은 국내 젓갈산업의 1등 기업으로 새우젓 이외에도 명란젓갈, 창란젓갈, 오징어젓갈, 낙지젓갈, 갈치젓 등 다양한 젓갈을 판매하고 있으며 상품들은 각종 유통채널 및 한성기업 공식 온라인몰 HS마켓에서 구매가 가능하다."
한국일보,003680,/news/news_read.nhn?article_id=0000163454&office_id=469&mode=search&query=한성기업&page=1,2016-09-19 18:43,"강만수, 한성기업에서 수억대 뇌물 받았다","본인의 금품수수 처음 드러나... 檢, 이번 주중 영장 청구 방침 같은 반 친구였던 한성기업 회장  姜 산은 회장 때 180억 특혜 대출 퇴임 후에도 영향 미쳐 대가 준 듯 “아무런 대가 없이 받은 것일 뿐” 대우조선 외압ㆍ뇌물죄 강력 부인"
이데일리,003680,/news/news_read.nhn?article_id=0003745637&office_id=018&mode=search&query=한성기업&page=1,2017-02-09 16:15,"한성기업, 지난해 영업익 79억..전년비 66.3% 증가",[이데일리 이유미 기자] 한성기업(003680)은 지난해 영업이익이 79억원으로 전년 동기 대비 66.3% 증가했다고 9일 공시했다. 같은기간 매출액은 3207억원으로 10.0% 증가했으나 당기순손실은 3억7800만원으로 적자전환했다.
연합뉴스,003680,/news/news_read.nhn?article_id=0008662929&office_id=001&mode=search&query=한성기업&page=1,2016-09-04 17:07,"檢, 강만수 시절 산업은행 '한성기업 신용등급 조작' 포착","임우근 회장 최근 참고인 소환해 '부당심사' 부탁 조사…재소환 전망 (서울=연합뉴스) 안희 최송아 기자 = 강만수(71) 전 산업은행장이 재직 시절 고교 동창의 회사인 한성기업에 특혜성 대출을 해 주는 과정에서 신용등급 조작 등 위법이 발생한 정황을 검찰이 포착해 수사하고 있다. 검찰 부패범죄특별수사단(단장 김기동 검사장)은 강 전 행장의 고교 시절 같은 반 친구인 한성기업임우근 회장을 최근 참고인으로 불러 조사한 것으로 4일 전해졌다. 검찰은 당시 임 회장에게 특혜대출 의혹을 집중 조사했다. 한성기업이 2011년 산업은행에서 연 5.87∼5.93% 이자율로 180억원을 대출받는 과정에서 강 전 행장과 사전에 '교감'이 있었는지, 편의를 부탁했는지 등을 캐물었던 것으로 알려졌다. 수사팀은 임 회장을 조사한 뒤인 이달 2일 한성기업 서울사무소를 전격 압수수색했다. 압수물 분석 과정에서 위법이 의심되는 정황이 드러난 것으로 알려졌다. 2011년 한성기업의 대출 규모나 기간 등은 당시 회사의 신용등급으로는 사실상 불가능한데도 탈법적으로 대출이 성사된 단서가 나온 것이다. 당시 산업은행은 재무제표 등 객관적 자료로 평가하는 부분은 최소화하는 대신 은행의 재량으로 하는 신용평가 비중을 대폭 늘려 대출을 성사시킨 것으로 전해졌다. 한성기업과 한성기업 관계사가 산업은행으로부터 지원받은 대출액 중 수십억원이 이 같은 '부당 심사' 과정을 거친 것으로 검찰은 보고 있다. 검찰은 특혜성 대출이 강 전 행장의 지시에 따른 것으로 의심하고 있다. 강 전 행장이 경남고 동창인 임 회장과의 친분 때문에 한성기업의 경영 고문으로 재직한 점, 자신의 사무실 운영비나 해외 출장비 등을 한성기업 측에서 지원받은 점 등도 특혜 의혹을 짙게 하는 정황이다. 한성기업은 산업은행의 대출을 받은 2011년에 바이오업체인 B사에 5억원을 투자하기도 했다. B사는 강 전 행장이 대우조선해양에 압력을 넣어 50억여원을 투자하도록 했다는 의혹이 제기된 회사다. 검찰은 강 전 행장이 한성기업으로부터 특혜 대출의 대가로 금전적 이익을 제공받았는지 등을 집중 수사하고 있다. 임 회장도 이르면 이번 주 재소환돼 조사를 받을 가능성이 점쳐진다. 강 전 행장의 소환 일정도 조만간 조율 단계에 들어갈 것으로 보인다. 오는 8∼9일 열리는 국회 기획재정위원회의 '조선·해운 구조조정 연석 청문회'에 강 전 행장이 증인으로 참석하는 일정을 감안할 때 검찰 소환 시점은 청문회를 마친 다음 주께 잡히지 않겠느냐는 관측이 나온다."
파이낸셜뉴스,003680,/news/news_read.nhn?article_id=0003701113&office_id=014&mode=search&query=한성기업&page=1,2016-09-02 15:06,"한성기업, 산은 180억 대출 수사..檢, 압수수색&middot;특혜의혹 검증(종합)","대우조선 비리를 수사중인 대검찰청 부패범죄특별수사단(단장 김기동 검사장)이 MB정부 핵심인사로 꼽히는 강만수 전 산업은행장(71) 재직 시절 특혜성 대출 의혹 등으로 수사범위를 확대하고 있다. 특별수사단은 2일 서울 오금동 한성기업 서울사무소를 압수수색해 투자·대출 관련 서류와 컴퓨터 하드디스크, 회계장부 등을 확보했다. 검찰은 압수물 분석을 통해 강 전 행장이 산업은행장으로 재직할 때 한성기업에 특혜성 대출을 해줬는지 분석할 방침이다. 수사팀은 서울사무소 외에 임우근 한성기업 회장 자택도 압수수색했다. 검찰 관계자는 대우조선해양 수사가 강 전 행장 개인 비리까지 확대되는지 여부에 대해 “기본적으로 대우조선해양과 직·간접적으로 관련 있는 사항을 철저히 수사하겠다는 입장”이라며 “산업은행이 한성기업과 관련 회사에 대출하는 과정에서 특혜를 준 부분이 있는지 확인중”이라고 전했다. 검찰 등에 따르면 수산식품 가공업체인 한성기업은 2011년 산업은행으로부터 연리 5.87~5.93%로 180억원을 대출받았다. 당시 한성기업이 시중은행에서 받은 대출금리보다 0.5%p가량 낮은 것이다. 검찰은 이 과정에서 대출금리가 공정하게 책정됐는지, 강 전 행장 등 산업은행 경영진이 부당하게 개입했는지 여부 등을 중점적으로 살펴볼 방침이다. 한성기업 임 회장은 강 전 회장과 고교 동문으로 평소 절친한 사이로 알려졌다. 강 전 행장이 과거 한성기업 고문을 지냈고 강 전 행장이 설립한 디지털경제연구소가 현재 한성기업 소유 빌딩에 입주해 있다. 임 회장은 이 연구소 등기이사로 등재돼 있다. 검찰은 또 한성기업이 산업은행으로부터 대출받은 2011년 8월께 강 전 행장이 대우조선해양에 투자하도록 압력을 행사했다는 의혹이 제기된 바이오업체 B사에 투자한 정황을 포착, 조사하고 있다. 한성기업은 강 전 행장의 지인 김모씨(구속)가 대표로 있는 B사에 4억9999만8000원을 투자해 4.74%의 지분을 확보했다. 대우조선해양과 자회사 부산국제물류(BIDC)도 같은 해 9월과 11월 B사에 같은 금액을 투자한 것으로 알려졌다. 대우조선해양은 투자금 외에도 연구개발비 명목으로 44억원을 B사에 지급하다가 강 전 행장 퇴임 직후 지원을 끊었다. 검찰은 B사가 연구용역을 현실화할 만한 기술과 의지가 없었던 것으로 보고 업체 대표 김씨를 사기 혐의 등으로 지난달 27일 구속했다. 검찰은 압수물 분석 등이 끝나는 대로 강 전 행장 및 관계자들을 피의자 신분으로 소환, 조사할 방침이다."
뉴시스,003680,/news/news_read.nhn?article_id=0007446905&office_id=003&mode=search&query=한성기업&page=1,2016-09-02 17:05,한성기업 압수수색,【서울=뉴시스】김선웅 기자 = 한성기업이 강만수 전 산업은행장 지인의 업체에 일감을 몰아준 정황 및 강 전 행장 재직 시절 산업은행으로부터 특혜 대출을 받은 것과 관련해 검찰이 한성기업을 압수수색한 2일 오후 서울 송파구 한성기업 서울사무소에서 검찰 관계자들이 압수품이 담긴 상자를 옮기고 있다. 2016.09.02.
뉴시스,003680,/news/news_read.nhn?article_id=0007518747&office_id=003&mode=search&query=한성기업&page=1,2016-10-12 06:01,[한성기업 의사결정 살펴보니]이사회가 오너 개인회사 보증 결정,"[중견기업 지배구조 대해부⑯] 【서울=뉴시스】박주연 기자 = 코스피 상장사인 한성기업이 오너3세 개인기업에 수차례 보증을 서는 등 오너일가 위주의 경영을 하고 있는 것으로 나타났다. 28일 한국지배구조원에 따르면 한성기업은 지난해 지배구조 평가결과 'C'등급을 받았다. 지배구조원은 매년 기업들을 7단계(S·A+·A·B+·B·C·D)로 평가하고 있으며, C는 하위권에 해당한다. 한성기업의 주요 의사결정을 하는 이사회는 3명의 상근이사와 1명의 사외이사로 구성돼 있다. 사내이사로는 임우근 회장과 임 회장의 아들 임준호 전무이사가 참여하고 있다. 박일경 한성기업 사장 역시 사내이사다. 박 사장의 경우 현재 그룹 지배구조 최상위에 있는 비상장사 극동수산의 1대주주였다가 지분을 오너3세에게 넘길 정도로 오너일가와 가까운 사이를 유지하고 있다. 사외이사로는 중부산 CATV 상무이사를 지낸 임종호 이사가 활동 중이다. 일반적으로 사외이사가 제대로 기능을 수행하려면 이사회 의사결정과정에서 실질적 영향력을 행사할 수 있는 인원수가 확보돼야 한다. 하지만 한성기업의 경우 사외이사의 견제기능이 제대로 작동할 수 없는 구조다. 이 때문에 이사회는 올해 들어서만 오너3세가 100% 소유하고 있는 개인기업 극동수산에 대한 보증 안건을 수 차례 통과시켰다. 극동수산 융어업경영자금 연대입보(수협은행), 극동수산 기업일반대출 보증, 극동수산 일반원화회전자금대출 연대보증(농협은행) 등이다. 한성기업에는 별도의 감사위원회가 설치돼있지는 않으며 롯데장학재단 이사를 지낸 이춘만 감사가 업무를 수행하고 있다. 소액주주를 보호하기 위한 전자투표제가 도입돼있지만 집중투표제, 서면투표제는 채택돼있지 않다. 금융권의 한 관계자는 ""상장사인 한성기업이 오너3세가 100% 소유한 극동수산에 일감을 몰아주는 것도 모자라 보증까지 서고 있는 것은 많은 소액주주들의 권리를 침해하는 것""이라고 우려했다."
서울경제,003680,/news/news_read.nhn?article_id=0003342811&office_id=011&mode=search&query=한성기업&page=1,2018-07-09 09:08,"&lt;유&gt;한성기업, 장중 신고가 돌파.. 9,170&rarr;9,490(▲320)","[서울경제] 오전 9시 6분 현재 한성기업(003680) 이 22.93% 오른 9,490원(▲1,770)을 기록하며, 52주 신고가를 +320원 경신했다. 기존 52주 최고가는 2018년 06월 21일 기록한 9,170원이다. 체결강도는 119%로 강세 반전했다. 총매수체결량은 121,802주, 총매도체결량은 102,233주를 각각 기록했다.  (※ 체결강도(%) = (총매수체결량/총매도체결량)*100) 이 시각 현재 거래대금은 18억1,362만, 거래량은 20만5,770주를 기록하고 있으며, 수급측면으로는 46(매도):54(매수)의 매수우위를 보이고 있다. 거래일을 기준으로 최근 3일간 평균 거래량은 1십1만6천주, 60일 평균 거래량 4만5천주로 최근 거래량이 큰 폭으로 증가하는 추세다."
문화일보,003680,/news/news_read.nhn?article_id=0002309113&office_id=021&mode=search&query=한성기업&page=1,2017-03-27 14:31,"한성기업, 한국어 학교에 &lsquo;크래미&rsquo; 간식 지원",식품업체 한성기업이 국내 거주 외국인을 대상으로 운영되는 한국어 학교에 간식을 지원하는 사업을 진행한다. 27일 한성기업은 출시 이후 줄곧 고급 맛살 국내 판매 1위를 지키고 있는 ‘크래미’ 등 제품을 국내 거주 외국인 대상 한국어 학교에 간식으로 지원하기로 했다고 밝혔다. 한성기업은 크래미를 활용해 일반고객에서부터 사회 소외계층에 이르기까지 각종 할인행사와 온·오프라인 증정 이벤트뿐만 아니라 사회공헌활동을 통해 다양한 도움을 전달하고 있다. 한성기업은 기존 진행 중이던 보육원과 각종 공공시설의 식자재 지원에 이어 올해부터는 그 활동 반경을 넓히기 위해 새롭게 국내 거주 외국인 대상으로 제품 협찬 범위를 확장했다고 이번 결정의 취지를 밝혔다. 한성기업 관계자는 “우리 제품인 크래미는 고객들의 사랑으로 꾸준히 시장 1위 자리를 지키고 있다”며 “이 같은 고객 사랑에 보답하기 위해 앞으로도 사회공헌활동을 계속해서 펼쳐나갈 예정”이라고 밝혔다.
한국경제TV,003680,/news/news_read.nhn?article_id=0000666727&office_id=215&mode=search&query=한성기업&page=1,2018-07-30 13:54,"한성기업, 전일 대비 약 8% 상승한 8,240원","[한국경제TV 라이온봇 기자] [그림 1] 최근 3개월 간 주가 추세 및 기간별 수익률 한성기업은 7월 30일 13시 54분 전일 대비 약 8% 상승한 8,240원에 거래되고 있다. 한성기업은 코스피 상장 기업으로 음식료품 업종에 속해 있다. 시가총액은 419억원으로 코스피 상장기업 중 734위에 위치 해 있다. [종목 성향 진단] [그림 2] 종목 성향 진단 한성기업의 투자 스타일은 가치주에 가깝다. 기업 가치 대비 낮은 주가가 매력적인 기업이다. 주가 모멘텀은 평범한 수준이었다. 최근 1개월 수익률이 6.83%, 3개월 수익률은 8.34%, 6개월 수익률은 12.32%를 기록했다. 한성기업 종목에 대한 투자자의 관심도는 평범한 수준이었다. [투자 점수 진단] [그림 3] 투자 점수 진단 한성기업은 어느 측면에서 투자 매력도가 높은 종목일까? AI 인공지능 종목 분석 시스템을 이용해 성장성, 수익성, 효율성, 안전성, 저평가성, 추세 등 주가 수익률에 영향을 줄 수 있는 6가지 핵심 투자 지표를 점수화하여 종목의 투자 매력도를 계산해보았다. 그 결과 한성기업은 상대적으로 저평가 측면에서 두각을 드러내고 있었다. 저평가 점수는 기업의 가치 대비 주가의 수준이 어느 정도인지를 나타낸다. 한성기업은 특히 PSR 측면에서 가장 높은 점수는 기록했는데, 전체 시장 내 83위를 기록하며 상위 4.4%에 위치했다. 업종별로는 7위를 기록하며 상위 6.9%에 위치했다. 그러나 재무건전성을 나타내는 기업안정성 측면에서는 아쉬운 점을 나타냈다. (위의 AI인공지능 점수는 재무 데이터를 기반으로 전체 상장 종목과 비교/분석하여 도출한 점수로 높은 점수가 반드시 높은 수익률을 보장하지 않습니다. 위의 자료는 당사의 추천 종목이 아니며, 투자 시 참고용으로 제시해드리는 것입니다. 핵심투자지표를 결합해 종목의 투자매력도를 종합 계산한 ""인공지능 투자점수""는 ""거장들의 투자공식"" 앱에서 확인하실 수 있습니다.) 라이온봇 기자 -한국경제TV※ 본 기사는 한국경제TV와 '거장들의 투자공식이'자체 개발한 '라이온봇 기자'가 실시간으로 작성한 기사입니다. 라이온봇기자"
헤럴드경제,003680,/news/news_read.nhn?article_id=0000985105&office_id=016&mode=search&query=한성기업&page=1,2016-02-01 16:12,"&lt;생생코스피&gt;한성기업, 작년 영업익 51.6억 전년비 270.1%&uarr;",한성기업은 지난해 영업이익이 51억6053만원으로 전년대비 270.1% 증가했다고 1일 공시했다. 매출액은 2915억4728만원으로 1.5% 늘었고 당기순이익은 27억1555만원으로 흑자전환했다.
한국일보,003680,/news/news_read.nhn?article_id=0000237713&office_id=469&mode=search&query=한성기업&page=1,2017-09-23 05:09,추석선물특집 - 한성기업,"100% 한돈에 엄격한 위생 환경에서 생산된 고급 캔햄 한성기업의 고급 육가공 브랜드인 캠프렌즈에서는 우리 민족의 대표 명절인 추석을 맞이하여 ‘그릴팜 베이직 선물세트’를 출시했다. 캠프렌즈 그릴팜 베이직은 100% 한돈만을 사용하고 위생적인 식품안전관리인증기준(HACCP) 환경에서 생산되어 고객들이 믿고 즐길 수 있는 고급 캔햄 제품이다. 소비자들이 즐겨 찾는 기본의 맛과 좋은 품질에 충실한 캔햄을 목표로 기획된 그릴팜 베이직은 고기 본연의 고소한 맛과 캔햄 고유의 부드러운 식감을 살리는 데 집중하였으며, 그릴이나 팬에 구워서 먹었을 때 가장 만족스러운 맛을 음미할 수 있도록 만들어졌다. 나들이용 도시락, 샌드위치 등에 들어가는 재료뿐만 아니라 부대찌개, 김치찌개, 부침 등 각종 요리에도 캔햄 고유의 풍미로 요리의 완성도를 높일 것이다. 그릴팜 베이직은 200g 사이즈로 즐길 수 있으며, 각종 대형 마트나 주변의 유통점에서 쉽게 찾아볼 수 있다. 또한 그릴팜 베이직은 올해 추석에 좋은 품질과 합리적인 가격의 선물세트로도 구성되어 소비자들의 만족감을 배가시킬 것으로 기대된다. 한성기업의 각종 선물세트는 한성공식 쇼핑몰 HS마켓(www.hsmarket.co.kr) 및 각종 온.오프라인 채널에서도 만날 수 있다."
연합뉴스,003680,/news/news_read.nhn?article_id=0008660066&office_id=001&mode=search&query=한성기업&page=1,2016-09-02 16:44,"검찰, 강만수 '180억 특혜대출' 의혹 포착&hellip;한성기업 압수수색(종합2보)","한성기업 압수수색 마친 검찰
    (서울=연합뉴스) 진연수 기자 = 2일 오후 검찰 특별수사팀이 압수수색을 실시한 서울 송파구 오금동 한성기업 서울사무소에서 검찰 관계자가 압수물을 들고 나오고 있다.  강만수 전 산업은행장은 산업은행 재직 시절 대우조선해양에 압력을 행사해 B사에 투자하도록 했다는 의혹을 받고 있다.  한성기업, 산은 '저리 대출' 전후 B사에 5억 투자…B사는 姜 지인들이 주주 (서울=연합뉴스) 안 희 차대운 전성훈 기자 = 검찰이 강만수(71) 전 산업은행장이 재직 시절 특혜성 대출에 관여한 정황을 포착해 수사 범위를 확대하고 나섰다. 검찰 부패범죄특별수사단(단장 김기동 검사장)은 이날 오전 서울 송파구에 있는 한성기업 서울사무소에 검사와 수사관을 보내 이 회사의 투자·대출 업무 관련 서류와 컴퓨터 하드디스크 등을 확보했다. 수사팀은 임우근 한성기업 회장 자택도 동시에 압수수색했다. 검찰은 강 전 행장이 산업은행장으로 있던 시기에 한성기업이 거액의 대출을 받게 된 경위를 들여다보는 것으로 전해졌다. 한성기업은 2011년 산업은행에서 연 5.87∼5.93% 이자율로 180억원을 대출받았다. 이런 산업은행 대출 금리 수준은 당시 한성기업이 다른 시중은행에서 받은 대출 금리 연 6.4%보다 0.5%포인트 가량 낮은 것이었다. 한성기업에서 나온 압수물
    (서울=연합뉴스) 진연수 기자 = 2일 오후 검찰 특별수사팀이 압수수색을 실시한 서울 송파구 오금동 한성기업 서울사무소에서 검찰 관게자들이 압수물을 들고 나오고 있다.  강만수 전 산업은행장은 산업은행 재직 시절 대우조선해양에 압력을 행사해 B사에 투자하도록 했다는 의혹을 받고 있다.  한성기업 관계사들도 산업은행으로부터 저리 대출을 받은 것으로 알려졌다. 한성기업과 관계사들의 대출액 중 수십억원은 부당한 특혜성 대출이었다고 볼만한 여러 단서가 검찰에 확보됐다. 이자를 낮게 잡아줬을 뿐 아니라 애초부터 여러 항목에서 대출 요건을 만족시키지 못하는데도 일반 은행보다 엄격한 산업은행의 대출 심사를 통과한 정황이 포착된 것으로 전해졌다. 검찰은 압수수색 결과물을 토대로 한성기업과 관계사들이 산업은행으로부터 대출을 받게 된 경위, 대출 금리의 적정성, 강 전 행장의 관여 여부 등을 집중적으로 조사할 계획이다. 검찰은 강 전 행장과 임 회장의 특수한 관계에도 주목하고 있다. 경남고 동창인 강 전 행장과 임 회장은 고교 시절 같은 반 친구로 절친한 사이인 것으로 전해졌다. 강 전 행장은 공직에 나가지 않은 야인(野人) 시절에 한성기업의 경영 고문을 지내기도 했다. 또 강 전 행장이 세운 디지털경제연구소도 임 회장이 등기이사로 등재돼 있을뿐 아니라 한성기업이 소유한 빌딩에 입주해 있다. 디지털경제연구소의 사무실 운영비는 한성기업 측에서 지원하는 것으로 알려졌다.  강만수전 산업은행장 [연합뉴스 자료사진] 아울러 검찰은 한성기업이 산업은행으로부터 대출을 받은 해인 2011년 강 전 행장이 '투자 유치' 압력을 행사했다는 의혹이 제기된 바이오 업체 B사에 투자한 경위도 주목하고 있다. 한성기업은 2011년 B사에 5억원을 투자해 현재도 이 회사 지분 4.29%를 보유중인 것으로 확인됐다. 강 전 행장의 지인들이 주요 주주인 B사는 우뭇가사리 같은 해조류를 원료로 연료용 바이오 에탄올을 생산하는 기술을 개발하는 것으로 알려진 업체다. 이 업체 김모 대표는 바이오 에탄올을 상용화할 수 있는 구체적인 계획과 능력이 없으면서도 2012년 2월부터 2013년 11월 사이 대우조선해양으로부터 44억원의 투자를 받은 혐의(사기) 등으로 지난달 27일 구속됐다. 앞서 검찰은 강 전 행장이 산업은행의 자회사인 대우조선해양에 압력을 행사해 B사에 투자하도록 했다는 혐의를 포착하고 수사해왔다. 대우조선과 자회사인 부산국제물류(BIDC)는 2011년 9월과 11월에 각각 4억9천999만8천원씩을 B사에 지분 투자했다. 이어 대우조선은 2012년 2월 '해조류를 이용한 바이오 에탄올 생산기술 개발'이라는 B사의 연구개발 사업에 50억원을 지원하기로 했다. 지원금은 2012년과 2013년까지 44억원이 집행됐지만, 강 전 행장이 퇴임하자 끊어졌다. 대우조선에서 B사에 들어간 돈은 지분 투자금 10억과 연구개발비 지원금 44억 등 총 54억원에 이른다. 강 전 행장은 앞서 '투자 강요' 의혹에 대해 ""2011년 행장에 부임해 B사에 투자를 검토해 볼 것을 권고한 것은 사실이지만 부정한 청탁이나 강압은 없었다""고 주장한 바 있다. 검찰 관계자는 이날 압수수색에 대해 ""대우조선해양 비리 수사와 관련된 사안을 수사하고 있다""며 ""이와 관련된 강만수 산업은행장의 재직 중 비리 의혹에 대해서도 확인할 예정""이라고 말했다."
동아일보,003680,/news/news_read.nhn?article_id=0003001256&office_id=020&mode=search&query=한성기업&page=1,2016-09-02 15:43,"檢, 한성기업 압수수색&hellip;한성기업, 장중 10% &lsquo;폭락&rsquo;",[동아닷컴] 사진=한성기업 홈페이지
아시아경제,003680,/news/news_read.nhn?article_id=0004119445&office_id=277&mode=search&query=한성기업&page=1,2017-11-15 16:30,"한성기업 후원, 유엔참전용사 추모 평화 음악회 성료","[팍스넷데일리 공도윤 기자] 한성기업이 후원하고 국가보훈처와 호국문화진흥위원회가 공동 주최한 ‘제 11회 유엔참전용사 추모 평화음악회’가 지난 일요일 오후 4시 서울 롯데 콘서트홀에서 열려 성공적으로 마쳤다. 이날 행사에는 한 ·터키 수교 60주년을 맞아 방한한 터키 전몰장병 유가족, 전후 복구 지원국인 독일 의료지원단과 가족, 유엔참전용사와 가족, 주한외교사절 등 2000여 명이 참석했다. 특히 이번 음악회는 미국 작곡가 이안 크라우스가 헌정한 ‘평화를 향한 여정’이 첫번째로 연주돼 의미를 더했다. 또 세계적인 트럼펫 연주자 옌스 린더만과 첼로 연주자 고봉신 등 정상급 음악가들이 출연해 화제가 됐다. 이날 호국문화진흥위원회의 이사장을 역임 중인 임우근 한성기업 회장은 “지금의 우리는 호국선열의 희생이 있었기에 가능했다”며 “감사의 마음으로 자선활동을 지속적으로 이어갈 것”이라고 말했다. 앞서 3일에는 호국문화진흥위원회와 한성기업이 마련한 특별 만찬회가 열렸다. 지난해 9월 호국문화진흥위원회가 프랑스에서 개최한 ‘유엔 참전용사 평화음악회’에 참석했던 프랑스 참전 용사와 관계자들이 프랑스 참전용사 르우 씨의 유해안장을 위해 방한함에 따라 마련된 자리였다. 이 자리에는 프랑스 참전용사와 가족, 프랑스 한국전 참전협회장인 패트릭 보두앵 생-망데시 시장을 포함 국내외 귀빈 30명이 함께했다. 이날 만찬에서 임우근 한성기업 회장은 오랜 시간이 지나도 변하지 않는 소나무가 그려진 자개 접시를 선물로 전달. 프랑스 참전협회장은 임 회장을 명예 프랑스 참전 협회원으로 추대했다."
뉴시스,003680,/news/news_read.nhn?article_id=0007518742&office_id=003&mode=search&query=한성기업&page=1,2016-10-12 06:00,[한성기업은 어떤 회사인가]게맛살 '강자'&hellip;크래미로 인기몰이,"[중견기업 지배구조 대해부⑯] 【서울=뉴시스】박주연 기자 = 1963년 한국 수산업계에 첫 발을 내딛은 한성기업은 올해로 창사 53주년을 맞는 게맛살 시장 1위 기업이다. 크래미와 한성게맛살 등이 한성기업의 대표제품이다. 한성기업 창업주 고(故) 임상필 회장은 일본에서 제1한성호를 도입해 1969년 7월 국내 최초로 북태평양으로 출어, 원양업에 뛰어들었다. 고 임상필 회장은 연근해 단순 수산물 채취에 그쳤던 열악한 수산업 환경 속에서 국민들의 식탁에 건강한 수산 단백질을 공급한다는 '수산보국'의 창업이념으로 사업에 나섰다. 임 회장은 1972년에는 울산에 냉동식품공장을 짓고 국내 최초로 명태 필렛을 생산, 수산식품 가공회사로서의 첫발을 내딛었다. 1975년에는 당시 27세였던 오너 2세 임우근 대표이사가 취임, 2세 경영을 열었다. 같은해 한성기업은 북양트롤선 대성호를 인수했고, 1982년에는 '한성게맛살' 생산을 시작했다. 이어 미국에 LA지사를 설립, 수산가공품 등을 미국으로 수출하기 시작했다. 1985년에는 북양트롤선 준성호를 인수하고 아르헨티나 현지법인 '한성 RA.S.A'를 설립했다. 또 1987년에는 부산제1공장을 인수했다. 1987년에는 참치연승선 제36한성호를 인수, 참치캔 시장 진출을 예고했다. 1996년에는 중국 현지법인을 설립, 세계시장 진출에 나섰고, 한성기업은 2001년에 '크래미'라는 히트상품을 내놓으며 제2의 도약에 나섰다. 한성기업은 국내 게맛살류 시장에서 지난해 기준 39.4%를 점유, 국내 1위를 기록했다. 사조는 27.3%, CJ는 15.5%, 동원F&B는 10.7%의 점유율을 각각 나타냈다. 최근 한성기업은 고난을 겪고 있다. 해양자원의 자국보호정책과 각 수산기구들의 쿼터축소 등으로 원양산업에 어려움을 겪고 있는데다 임우근 회장이 고교동창 강만수 전 산업은행장에게 억대의 금품을 제공했다는 혐의로 검찰의 수사선상에 올랐다. 한편 한성기업은 3세 경영시대를 앞두고 있다. 이미 오너3세가 100% 소유한 극동수산이 그룹 지배구조의 최정점에 자리했고, 3세 임준호(37) 전무이사가 등기임원으로 활동하며 경영수업을 받고 있다. 임준호 전무는 미국시라큐스대 경제학과를 졸업하고, 나루엔터테인먼트 최고운용책임자(CIO) 등을 거쳐 2013년 비등기이사로 임명됐으며, 지난해 사내이사로 취임했다."
한국경제TV,003680,/news/news_read.nhn?article_id=0000652385&office_id=215&mode=search&query=한성기업&page=1,2018-06-25 09:51,"한성기업, 전일 대비 약 6% 상승한 8,400원","[한국경제TV 라이온봇 기자] [그림 1] 최근 3개월 간 주가 추세 및 기간별 수익률 한성기업은 6월 25일 9시 50분 전일 대비 약 6% 상승한 8,400원에 거래되고 있다. 한성기업은 코스피 상장 기업으로 음식료품 업종에 속해 있다. 시가총액은 495억원으로 코스피 상장기업 중 725위에 위치 해 있다. [종목 성향 진단] [그림 2] 종목 성향 진단 한성기업의 투자 스타일은 가치주에 가깝다. 기업 가치 대비 낮은 주가가 매력적인 기업이다. 주가 모멘텀은 부진한 편이었다. 최근 1개월 수익률은 -6.94%의 하락폭을 기록했다. 한성기업 종목에 대한 투자자의 관심도는 높은 편에 속한다. [투자 점수 진단] [그림 3] 투자 점수 진단 한성기업은 어느 측면에서 투자 매력도가 높은 종목일까? AI 인공지능 종목 분석 시스템을 이용해 성장성, 수익성, 효율성, 안전성, 저평가성, 추세 등 주가 수익률에 영향을 줄 수 있는 6가지 핵심 투자 지표를 점수화하여 종목의 투자 매력도를 계산해보았다. 그 결과 한성기업은 상대적으로 추세지표 측면에서 두각을 드러내고 있었다. 추세 점수는 주가의 상승 모멘텀이 어느정도 인가를 나타낸다. 한성기업은 특히 1주전대비수익률 측면에서 가장 높은 점수는 기록했는데, 전체 시장 내 27위를 기록하며 상위 1.3%에 위치했다. 업종별로는 4위를 기록하며 상위 3.16%에 위치했다. 그러나 재무건전성을 나타내는 기업안정성 측면에서는 아쉬운 점을 나타냈다. (위의 AI인공지능 점수는 재무 데이터를 기반으로 전체 상장 종목과 비교/분석하여 도출한 점수로 높은 점수가 반드시 높은 수익률을 보장하지 않습니다. 위의 자료는 당사의 추천 종목이 아니며, 투자 시 참고용으로 제시해드리는 것입니다. 핵심투자지표를 결합해 종목의 투자매력도를 종합 계산한 ""인공지능 투자점수""는 ""거장들의 투자공식"" 앱에서 확인하실 수 있습니다.) 라이온봇 기자 -한국경제TV※ 본 기사는 한국경제TV와 '거장들의 투자공식이'자체 개발한 '라이온봇 기자'가 실시간으로 작성한 기사입니다. 라이온봇기자 ⓒ 한국경제TV, 무단 전재 및 재배포 금지 한국경제TV 관련뉴스해당 언론사에서 선정하며 언론사 페이지(아웃링크)로 이동해 볼 수 있습니다.""치킨보다 많이 팔렸다""…'월드컵 특수' 최대 수혜자는?10명 중 9명은 원인불명...여름철 '맥주·냉방' 조심하세요하루 100개 이상 빠진다면…탈모 의심증세 5가지열흘새 7조 증발한 현대차…삼성전자는?""침대 보다 집이 더 문제""… 커지는 라돈 공포"
연합뉴스,003680,/news/news_read.nhn?article_id=0008660103&office_id=001&mode=search&query=한성기업&page=1,2016-09-02 17:01,한성기업 사무실에서 나오는 압수물,(서울=연합뉴스) 진연수 기자 = 2일 오후 검찰 특별수사팀이 압수수색을 실시한 서울 송파구 오금동 한성기업 서울사무소에서 검찰 관계자들이 압수물을 들고 나오고 있다.  강만수 전 산업은행장은 산업은행 재직 시절 대우조선해양에 압력을 행사해 B사에 투자하도록 했다는 의혹을 받고 있다. 2016.9.2
한국일보,003680,/news/news_read.nhn?article_id=0000163932&office_id=469&mode=search&query=한성기업&page=1,2016-09-22 04:43,"[단독] 강만수, 기재부 장관 때도 한성기업에 대출 알선","‘MB노믹스 설계자’로 파워 막강 은행에 입김… 수억대 금품 챙겨 檢, 뇌물수수 혐의 등 영장 청구 강만수(71) 전 산은금융지주 회장 겸 산업은행장이 이명박(MB)정부 초기 기획재정부 장관을 지내던 시절에도 고교 동창이 운영하는 한성기업의 대출 편의를 위해 시중 은행에 입김을 불어넣은 사실이 검찰 수사로 드러났다. 그러면서 강 전 회장은 수억원대의 금품을 받아 챙겼다. 대우조선해양 비리를 수사 중인 대검 부패범죄특별수사단(단장 김기동 검사장)은 21일 강 전 회장에 대해 특정범죄가중처벌법상 뇌물수수와 특정경제범죄가중처벌법상 알선수재 및 배임, 제3자 뇌물수수 등 혐의로 사전구속영장을 청구했다. 검찰에 따르면 강 전 회장은 기재부 장관(2008년 2월~2009년 2월)과 산은 회장(2011년 3월~2013년 4월) 시절은 물론, 그 이후에도 한성기업이 유리한 조건으로 은행 대출을 받게 해 주고, 그 대가로 수억원 상당의 금품을 수수한 혐의다. 한성기업의 임우근(68) 회장은 강 전 회장의 경남고 동창으로 학창 시절부터 절친했던 것으로 알려졌다. 강 전 회장은 2000년대 초반 공직에 있지 않을 때와 산은 회장 퇴임 이후 한성기업 경영고문을 지냈는데, 검찰은 이를 ‘돈을 건네기 위한 구실’이었다고 보고 있다. 검찰은 수사 과정에서 강 전 회장이 MB정부 출범 이후 한성기업의 대출 과정에서 상당한 영향력을 행사한 정황을 포착했다. ‘MB노믹스의 설계자’로 알려진 그는 MB정부의 최고 실세 중 한 명으로 꼽혔다. 사정기관의 한 관계자는 “당시 강 전 회장의 한 마디면 은행 입장에선 어려운 대출도 성사됐을 정도로 그의 파워는 막강했다”고 귀띔했다. 그가 기재부 장관에 임명된 2008년 한 해 동안 시중은행들에서 한성기업이 신규 대출받은 액수(단기ㆍ장기차입금)는 총 167억원에 달한다. 특히 강 전 회장이 산은 회장으로 부임한 2011년 한성기업은 산은에서 다른 은행보다 낮은 이자율로 총 240여억원(관계사 포함)을 대출받았고, 이 중 수십억원은 신용등급 조작과 부실한 대출심사 과정을 거치기도 했다. 강 전 회장이 산은 회장이었던 시기에 받은 금품에 대해선 뇌물수수 혐의가, 그 밖의 시기 금품에는 알선수재 혐의가 적용됐다. 강 전 행장은 이와 별개로, 산은 회장 시절 남상태(66ㆍ구속기소) 당시 대우조선 사장에게 압력을 넣어 측근 김모(46ㆍ구속기소)씨의 바이오업체 B사에 44억원을 연구개발비로 부당 지원토록 한 혐의(배임)도 받고 있다. 또, 종친이 운영하는 건설사에 대우조선해양건설이 50억원 상당의 일감을 제공토록 한 것과 관련, 제3자 뇌물수수 혐의도 포함됐다. 그의 구속 여부는 23일 법원의 구속 전 피의자심문을 거쳐 결정된다."
한국경제,003680,/news/news_read.nhn?article_id=0003930425&office_id=015&mode=search&query=한성기업&page=1,2018-04-27 13:51,"[한경경영지원단] 건축물 시공전문 ㈜한성기업, 맞춤형 시공 및 철저한 사후관리로 ...","건축물 지붕재 및 외장재 전문 판매 ‧ 시공업체 , ( 주 ) 한성기업 맞춤형 시공과 철저한 사후관리로  ‘정평’ 한경경영지원단은 확고한 목표와 비전을 갖고 지속적으로 성장하려는 우수중소기업들을 발굴․지원해오고 있다. 한경경영지원단의 자문을 받고 있는 ‘(주)한성기업’은 아스팔트슁글 및 비닐, 시멘트 사이딩, 수입기, 금속기, 동판, 티타늄아연징크, 칼라강판, 돌출이음, 평이음, 각재심기, 세라믹사이딩 등 건축물 건설에 필요한 지붕재와 외장재를 전문으로 제작 및 판매, 시공하고 있는 건축자재 전문기업이다. 지붕재 등 외부 건축자재는 건축물의 디자인 및 장점을 최대한 부각시키면서도, 합리적인 가격과 견고한 내구성 등을 필요로 한다. 또한 꼼꼼한 시공도 필수다. ㈜한성기업은 소비자의 요구 및 건물의 용도에 따라 활용 가능한 자재사용을 면밀히 검토한 후 시공하기 때문에 고객 만족도가 높다. ㈜한성기업 한성호 대표는 한성기업의 핵심 경쟁력에 대해 “한성기업은 아스팔트슁글, 티타늄징크, 리얼징크, 우드사이딩, 방부목, 데크재, 후레싱 등 품질이 보증된 다양한 건축자재는 물론, 탁월한 시공 기술을 보유하고 있어 건축물의 용도에 맞는 최적의 자재로 맞춤 시공이 가능하다”며 “이를 통해 어떠한 시공 문의가 들어오더라도 가장 합리적이고 경쟁력 있는 자재사용을 권장할 수 있다”고 소개했다. 또한 한성호 대표는 “한성기업은 ‘가장 안전하고 검증된 공법으로 시공한다’는 원칙과 함께 고객만족 및 신뢰, 품질 확보를 최우선으로 생각해 합리적인 가격과 철저한 사후 관리를 진행하고 있다”며 “앞으로도 한성기업은 그동안 쌓아온 다양한 시공사례와 숙련된 기술력을 바탕으로 믿을 수 있는 전문시공을 앞장서 실천하고, 새로운 공법과 신제품 개발을 위해 부단히 노력해 대한민국 최고의 시공전문기업으로 거듭날 수 있도록 최선을 다하겠다”고 포부를 밝혔다."
뉴시스,003680,/news/news_read.nhn?article_id=0007019056&office_id=003&mode=search&query=한성기업&page=1,2016-02-01 16:13,"한성기업, 지난해 영업이익 52억&hellip;전년比 270%&uarr;","【서울=뉴시스】 수산물 제조유통업체 한성기업은 지난해 영업이익이 전년대비 270.1% 증가한 51억6054만원을 기록했다고 1일 공시했다. 같은 기간 매출은 2915억4729만원으로 1.5% 늘었고, 당기순이익은 27억1556만원으로 흑자 전환했다. 회사 측은 “주요사업 실적개선과 유가하락으로 원가를 절감했다”고 설명했다. ★ 세상에 이런일이 -  승진 축하주 마시고 음주운전 경관 ´승진 취소·1계급 강등´ ★ 오늘의 핫 포토 -  유승옥, 아찔 골반 ´호리병 몸매´"
한국일보,003680,/news/news_read.nhn?article_id=0000138199&office_id=469&mode=search&query=한성기업&page=1,2016-04-15 14:51,한성기업 빵에 발라먹는 &lsquo;크래미스프레드 오리지널&rsquo; 출시,"한성기업은 빵이나 크래커에 발라 먹는 크래미 신제품 ‘크래미스프레드 오리지널’을 출시했다고 15일 밝혔다. 크래미는 국내 최초로 프리미엄 게맛살 시장을 개척한 제품으로, 고급맛살 시장점유율 1위 브랜드다. 한성기업은 기존 게맛살 형태 외에 치즈와 참치로 속을 채운 ‘크래미 바이트’, 게맛살을 소스에 찍어먹을 수 있도록 한 ‘크래미 엑설런트’ 등 다양한 제품을 출시해왔다. 이번에 출시한 크래미스프레드 오리지널은 크래미를 활용해 빵 등에 발라먹을 수 있는 스프레드 제품이다. 잘게 찢은 크래미에 양파ㆍ피클 소스를 섞어 담백한 맛을 내며, 아몬드를 첨가해 풍부한 식감을 느낄 수 있다. 간편한 소포장 용기에 포크가 함께 담겨있어 야외에서도 간단히 먹을 수 있다. 한성기업 관계자는 “크래미스프레드 오리지널은 빵이나 크래커에 발라 브런치나 간편한 식사 메뉴로 활용할 수 있다”고 설명했다. 제품 패키지 안쪽 면에는 샌드위치, 카나페, 김밥, 샐러드 등 스프레드 활용 요리법 등을 소개해 소비자들이 활용할 수 있도록 했다."
뉴시스,003680,/news/news_read.nhn?article_id=0007446906&office_id=003&mode=search&query=한성기업&page=1,2016-09-02 17:05,"검찰, 한성기업 압수수색",【서울=뉴시스】김선웅 기자 = 한성기업이 강만수 전 산업은행장 지인의 업체에 일감을 몰아준 정황 및 강 전 행장 재직 시절 산업은행으로부터 특혜 대출을 받은 것과 관련해 검찰이 한성기업을 압수수색한 2일 오후 서울 송파구 한성기업 서울사무소에서 검찰 관계자들이 압수품이 담긴 상자를 옮기고 있다. 2016.09.02.
한국경제,003680,/news/news_read.nhn?article_id=0003817926&office_id=015&mode=search&query=한성기업&page=1,2017-09-01 17:54,"한성기업, 크래미 캐릭터 공모전 시상식 개최","한성기업이 주최하고 한국경제신문사와 한경닷컴의 후원으로 7월1일~ 28일까지 진행된 ‘2017 제1회 크래미 캐릭터공모전’의 시상식을 8월30일 한성기업 서울사무소에서 가졌다. 이번 공모전은 출시 이후 판매1위의 자리를 지키고 있는 국민 고급 맛살 크래미에 어울리는 캐릭터를 찾기 위해 진행되었다. 한성기업은 크래미에 가장 응모작중 가장 크래미에 어울리고 잘 표현한 작품 및 기발한 아이디어와 색다른 캐릭터등에 중점을 두고 내부 및 외부 전문가로 구성된 심사위원의 심사를 거쳐 총 3개의 수상작을 선정했다. 심사결과 대상에 해당되는 크래미상에는 보드람 크래미를 디자인한 박예진씨 우수상에 해당되는 캐릭터상과 아이디어상에 각각 쉐프래미를 디자인한 김동우씨 와 래미와 친구들을 디자인한 이지원씨가 수상했다. 크래미상에는 200만원의 상금과 한성기업 공식몰 HS 마켓 20만원 쿠폰이 부상으로 수여되었으며, 캐릭터상과 아이디어상에는 각각 100만원의 상금과 10만원 쿠폰이 부상으로 수여되었다. 한성기업은 앞으로도 공모전 형태의 행사를 지속적으로 진행할 예정이며, 고객의 손으로 만들어진 콘텐츠를 다양한 방법으로 활용할 계획이라고 밝혔다."
서울경제,003680,/news/news_read.nhn?article_id=0002794341&office_id=011&mode=search&query=한성기업&page=1,2016-01-28 16:26,[설 선물] 한성기업 '행복담은 첫마음',"빙온 숙성 젓갈·獨 전통 소시지로 전하는 품격 한성기업은 설을 맞아 '행복담은 첫 마음' 고급 젓갈 선물세트, 독일식 전통소시지 캠프렌즈 선물세트 등 65종의 선물세트(사진)를 내놨다. 대표 제품인 젓갈세트는 좋은 재료에 한성기업만의 노하우인 빙온 숙성 기법을 적용해 정갈하고 고급스러운 맛을 냈다. 젓갈류를 찾는 소비자들에게 최고의 선물로 꼽히며 오랜 기간 사랑받은 제품이다. 프리미엄 골드명란, 저염명란 명품세트, 골드 명란·창란·오징어젓갈세트 등이 있으며 가격은 8만~17만원대다. 캠프렌즈 선물세트는 독일 전통 소시지를 내세운 세트다. 돈육 함량을 크게 높여 식감이 뛰어난 프리미엄 소시지들로 구성했다. 베스트 육가공품 선발대회에서 최우수상과 우수상을 수상하기도 했다. 캔류 선물세트는 제주도 흑돼지로 만든 흑돈팜 파슬리와 레몬페퍼가 함유돼 있는 신제품 그릴팜, 살코기 참치 제품으로 구성됐다. 가격은 3만~6만원선. 지역 특산물도 있다. 제주 인근 해산물로 만든 '제주 특선 선물세트'(12∼24만원), 광천 특산물인 '광천김 선물세트', 청도 특산물인 '곶감세트' 등이다. 식감이 일품인 프리미엄 어묵 '가고시마 사쯔마아게' 선물세트도 나왔다. 한성기업은 온라인몰 HS마켓( www.hsmarket.co.kr)에서도 선물세트를 판매한다. 더욱 저렴한 가격에 선물세트를 구매할 수 있어 인기라는 게 업체의 설명이다. 기존 65종 외에도 단독 기획상품인 9,900원~1만5,000원대의 알찬세트가 준비돼 있다. 다양한 젓갈로 구성된 1만~3만원대의 중저가 바다젓갈세트도 마련해 소비자들에게 더욱 풍성한 설 선물을 제공하고 있다."
한국일보,003680,/news/news_read.nhn?article_id=0000206703&office_id=469&mode=search&query=한성기업&page=1,2017-06-05 14:49,한성기업 &ldquo;크맥하자&rdquo; 캠페인,"한성기업의 '크맥하자' 캠페인 포스터 여름엔 시원한 생맥주에 게맛살이 제격. 한성기업이 여름을 맞아 자사 대표 상품인 게맛살 크래미를 앞세워 “전국민 크맥하자” 이벤트를 진행한다고 5일 밝혔다. 크래미와 맥주를 함께 즐기는 사진 또는 영상을 자신의 SNS 인스타그램에 #크맥, #크래미 해시태그와 함께 인증하면 자동 응모가 된다. 응모 기간은 8월 31일까지이며, 인증하는 고객 중 3,000명을 선정하여 4만원 상당의 안주세트를 증정한다. 선정은 응모기간 중 2주 간격으로 이루어지며 순차적으로 배송될 예정이다. 자세한 내용은 한성기업 공식 블로그에서 찾아볼 수 있다. 한성기업 담당자는 크맥 이라는 키워드를 중심으로 각종 프로모션 및 이벤트 등을 기획 중이며 관련 제품도 곧 출시된다고 밝혔다."
문화일보,003680,/news/news_read.nhn?article_id=0002274815&office_id=021&mode=search&query=한성기업&page=1,2016-05-11 17:33,"한성기업, TVN 드라마 디어마이프렌즈 협찬","한성기업의 식품 브랜드 ‘크래미’가 13일부터 TVN 10주년 특별기획으로 방영되는 16부작 드라마 ‘디어마이프렌즈’를 협찬한다. 드라마 디어마이프렌즈는 각양각색의 시니어 캐릭터들이 등장해 일상 속에서 펼쳐지는 흥미진진한 스토리를 담고 있다. 두터운 팬층을 확보하고 있는 노희경 작가와 최고의 연기파 배우들이 총출동한다. 여배우 고현정의 3년 만의 안방극장 복귀와 신구, 김영옥, 김혜자, 나문희, 주현, 윤여정, 박원숙, 고두심 등 이들이 한 드라마에 뭉친 것만으로 이미 큰 화제를 모으고 있다. 한성기업은 남다른 의미를 두고 드라마 협찬을 진행한다. 출시 이후 시장 점유율 1위를 유지하고 있는 한성기업 크래미는 이번 드라마에서 ‘국민간식’으로 자리 잡은 모습을 보여줄 예정이다. 이번 드라마에서는 각종 크래미 제품들이 선보일 예정이며, 한성기업 공식 SNS 및 HS마켓(www.hsmarket.co.kr)을 통해 각종 이벤트와 혜택도 진행될 예정이다. 박준우 기자 jwrepublic [ 문화닷컴 바로가기 | 소설 서유기 | 모바일 웹 ] [Copyrightⓒmunhwa.com '대한민국 오후를 여는 유일석간 문화일보' 무단 전재 및 재배포 금지("
한국일보,003680,/news/news_read.nhn?article_id=0000124441&office_id=469&mode=search&query=한성기업&page=1,2016-01-26 04:44,"한성기업, 정갈한 젓갈ㆍ일품 소시지 등 미각 유혹","[설 선물 특집] 한성기업은 젖갈류 등 설 선물세트 65종을 선보였다. 대표상품 젓갈세트는 좋은 재료와  한성기업만의 노하우인 빙온숙성 기법으로 정갈하고 고급스러운 맛을 냈다. 프리미엄 골드명란, 저염명란 명품세트, 골드 명란ㆍ창란ㆍ오징어젓갈 세트 등이 8만~17만원대에 판매된다. 캠프렌즈 선물세트는 독일 전통 소시지를 포함한 세트다. 돈육 함량을 크게 높인 덕분에 식감이 뛰어난 프리미엄 소시지들로 구성됐다. 베스트 육가공품 선발대회에서 최우수상과 우수상을 수상한 소시지 제품으로 만들었다. 제주도 흑돼지로 만든 흑돈팜 파슬리와 레몬페퍼가 함유돼있는 신제품 그릴팜, 살코기 참치 제품으로 구성된 캔류 선물세트는 3만~6만원대에 나와 있다. 제주 인근 해산물로 만든‘제주 특선 선물세트(12만~24만원)’와 광천 특산물인 ‘광천김 선물세트’, 청도 특산물인 ‘곶감세트’ 등 지역특산물세트도 출시됐다. 식감이 일품인 프리미엄 어묵 ‘가고시마사쯔마아게’ 선물세트도 있다. 이 선물세트는 한성기업 온라인몰(HS마켓ㆍ"
서울경제,003680,/news/news_read.nhn?article_id=0002925813&office_id=011&mode=search&query=한성기업&page=1,2016-11-28 10:03,"檢 &quot;강만수, 한성기업 골프회원권도 받아&middot;&middot;&middot;추가 뇌물 포착&quot;",강만수 전 산업은행장/연합뉴스
한국경제,003680,/news/news_read.nhn?article_id=0003875987&office_id=015&mode=search&query=한성기업&page=1,2018-01-08 18:22,"[마켓인사이트][단독] KIC 출신 PEF WWG, 게맛살 1위 한성기업 계열사 ...","지분 100% 인수후 일부 임직원에 매각..MBO 방식 접목한성기업, 수산업 집중위해 사업재편WWG 반년 만에 M&amp;A 3건 성과  ≪이 기사는 01월08일(04:37) 자본시장의 혜안 ‘마켓인사이트’에 게재된 기사입니다≫ 한국투자공사(KIC) 출신 임원들이 만든 사모펀드(PEF) 운용사인 화이트웨일그룹(WWG)이 국내 게맛살 시장 1위 기업인 한성기업의 계열사 한성크린텍을 인수했다. 5일 투자은행(IB) 업계에 따르면 WWG는 수처리 설비 전문기업인 한성크린텍 지분 100%를 약 300억원에 사들였다. 한성크린텍은 한성기업(38.18%)과 임우근 한성기업 회장(7.48%) 임 회장의 동생인 임범관 한성크린텍 대표(47.34%) 등이 지분을 나눠갖고 있었다. WWG는 한성크린텍의 기존 임직원들에게 일부 지분을 투자할 수 있도록 할 계획이다. 경영진 매수(MBO) 방식을 섞어 PEF인 WWG와 한성크린텍 임직원의 이해관계를 일치시킨 것으로 풀이된다. 한성크린텍은 소수의 일본업체와 함께 반도체 및 전자산업의 초순수 수처리 공정기술을 보유한 전세계에서 몇 안되는 기업이다. 지난해 매출 615억원, 영업이익 26억원을 올렸다.삼성전자와 LG디스플레이 동우화인캠 등이 고객회사다. 반도체 회사들이 생산라인 증설과 세대교체를 앞두고 있고 제약 디스플레이 제철 석유화학 업종의 초순수 공업용수 수요가 증가하는 추세여서 성장전망이 밝은 산업으로 평가된다. 한성기업은 본업인 수산업 및 수산물 제조가공업에 사업역량을 집중하기 위해 한성크린텍을 매각한 것으로 알려졌다. 한성크린텍을 제외하면 한성식품, 한성수산식품, 극동수산 등 한성기업의 계열사 5곳은 모두 수산업과 수산물가공업체다. 다른 계열사들과 시너지효과가 떨어지다보니 세계적인 기술력에 비해 성장세가 더디다는 평가를 받았다. 박제용 회장 등 WWG 경영진은 ""충분한 자금을 투입하고 WWG의 글로벌 네트워크를 활용해 해외영업을 확장하면 한성크린텍을 세계적인 수처리 회사로 성장시킬 수 있다""고 임범관 대표와 한성기업을 설득한 것으로 전해졌다. 게맛살 크래미 등으로 일반 소비자들에게 친숙한 한성기업은 내년이면 창업 60주년을 맞는 부산의 오래된 기업이다. 2009년 경쟁사인 사조그룹이 이 회사에 대한 적대적 인수합병(M&A)을 시도하며 유명세를 타기도 했다. WWG는 지난해 7월 진영욱 전 한국투자공사(KIC) 사장, 박제용 전 KIC 최고운영책임자(COO), 이기홍 전 KIC 전무 등 KIC 출신 임원들이 소설 ‘모비딕(백경)’에서 이름을 따서 만들었다. 설립한 지 3개월 만에 기관투자가들로부터 투자를 받아 프로젝트펀드(투자대상을 정하고 만든 PEF)를 만들었다. 지난 11월에는 유럽 최대 투자그룹 가운데 하나인 톱랜드그룹으로부터 영국 브리스톨시의 랜드마크 사무용빌딩인 하버사이드 오피스를 1400억원에 사들였다. 2007년 준공된 지상 5층, 지하 1층(연면적 1만6500㎡) 건물인 하버사이드 오피스는 로이드뱅킹그룹의 보험자회사인 스코티시 위도우와 15년간 임차계약을 맺어 안정적인 수익이 보장됐다. 작년 말에는 부산 소재 솔브레인저축은행 지분 100%를 300억원에 인수했다. 솔브레인저축은행은 자산순위 61위의 소형 저축은행이지만 국제결제은행(BIS) 비율이 법정최저치(7%)의 두배가 넘는 16.5%에 달한다. 안정성을 바탕으로 매년 40억원의 순이익을 내고 있다. 펀드를 꾸린 지 반년도 지나지 않아 세건의 투자이력(트랙레코드)을 쌓은 WWG는 올해부터 KIC의 전문성을 살려 글로벌 투자에 나설 계획이다. 블라인드펀드(투자대상을 정하지 않고 만드는 PEF)도 추진할 예정이다."
뉴시스,003680,/news/news_read.nhn?article_id=0007518739&office_id=003&mode=search&query=한성기업&page=1,2016-10-12 06:00,"[중견기업 지배구조 대해부?]한성기업, 오너3세 '극동수산'에 일감 몰아줘 지배구...","【서울=뉴시스】 한성기업 주요계열사 지배구도. 자료:금융감독원 【서울=뉴시스】박주연 기자 = '크래미'를 생산하는 코스피 상장사 한성기업이 오너 3세가 100% 소유한 개인기업에 일감 몰아주기 방식을 통해 '오너 지배구조 체제'를 공고히 해온 것으로 나타났다. 한성기업은 수산물 어획, 수산가공식품 제조 판매 등을 하는 회사로, 극동수산·한성식품·한성수산식품·한성크린텍·한성네트웍스 등 7개 회사와 기업집단을 형성하고 있다. 기업지배구조의 최상위에는 오너3세 임준호(53.39%) 전무이사와 임선민(46.61%) 이사가 100% 소유하고 있는 비상장사 '극동수산'이 자리하고 있다. 극동수산의 자산규모는 지난해 말 기준 396억원 수준이지만 오너 3세들은 이 회사를 통해 자산 2311억원(올해 하반기 말 기준) 규모인 상장사 한성기업과 그 외의 다른 계열사들을 모두 지배하고 있다. 한성기업 오너일가와 특수관계인들은 올해 상반기 말 기준 47.50%의 한성기업 지분을 갖고 있다. 오너3세 회사 극동수산이 19.94%를 보유한 1대 주주이고, 오너2세 임우근 회장은 18.87%의 지분을 보유한 2대 주주다. 임준호 전무이사는 0.96%, 임선민 이사는 0.13%의 지분을 직접 보유하고 있을 뿐이지만 1대주주인 극동수산을 100% 보유하고 있어 사실상 오너3세가 지배구조의 최정점에 선 셈이다. 극동수산은 수산업, 원양어업을 비롯해 수산물 수출입무역, 냉동·냉장보관, 수산물 가공 등을 주 사업으로 하는 회사로, 지난해 153억원의 매출을 올렸다. 전체 이중 152억원이 한성기업과의 거래로 이뤄졌다. 2014년 역시 전체 매출 100억원 중 92억원이 한성기업을 상대로 올린 매출이다. 내부거래 비율이 92~99% 수준으로, 사실상 전체 매출의 대부분을 상장사인 한성기업에 의존하는 셈이다. 대기업이었다면 공정거래위원회 등으로부터 '일감 몰아주기' 관련 규제를 받아야 하지만 한성기업의 경우 중견기업이어서 아무런 제재를 받지 않고 있다. 극동수산은 한성기업으로부터 123억원의 차입금 지급보증을 받고, 또다른 계열사인 한성식품으로부터 10억원을 단기차입하는 등 지원을 받고 있다. 오너일가 지분비율이 높은 비상장사 한성수산식품 역시 한성기업으로부터 전폭적 지원을 받고 있다. 한성수산식품의 최대주주는 34.94%의 지분을 보유한 한성식품(최대주주 극동수산)이며, 극동수산(30.00%), 임우근 회장 등 특수관계인(24.94%) 등 오너일가 직접 보유지분도 55%에 육박한다. 한성수산식품은 지난해 한성기업과의 거래로 298억원을 벌어들였다. 이는 지난해 한성수산식품 매출과 정확히 같은 규모로, 모든 매출을 한성기업과의 거래로 낸 셈이다. 임우근 회장 등 특별관계자들은 10년 전까지만 해도 12%대의 한성기업 지분만을 보유하고 있었다. 하지만 사조그룹이 2008년 하반기부터 장내에서 집중적으로 한성기업 주식을 사들이면서 경영권 방어를 위해 지분을 매집, 오너와 계열사들의 지분을 40%대까지 높였다. 특히 극동수산은 2009년 한성기업 지분 1.73%를 취득해 주주명부에 처음 이름을 올린 후 꾸준히 장내매수를 해 한성기업 1대주주까지 올라섰다. 이후 사조그룹은 한성기업에 대한 적대적 인수합병(M&A)을 포기하고, 2002년 한성기업 지분을 장내 매도했다. 오너 3세 임준호 전무이사와 임선민 이사는 2014년까지만해도 극동수산 주식 42.14%(임준호 22.5, 임선민 19.64)를 갖고 있었지만 지난해 지분율을 100%까지 늘렸다. 극동수산 최대주주는 30.82%의 지분을 보유한 박일경 당시 한성기업 부사장이었으나, 현재는 지분을 모두 처분하고 한성기업 대표이사 사장으로 활동 중이다. 업계의 한 관계자는 ""극동수산이 한성기업으로부터 받은 일감으로 회사의 규모를 키우고 이를 바탕으로, 한성기업 지분을 사들인 것은 경영권 승계를 위해 이뤄지는 전형적인 편법""이라며 ""사실상 경영승계가 마무리 단계인 것으로 보인다""고 설명했다. 한편 한성기업은 지난해 2915억원의 매출을 올렸지만, 영업이익은 47억원, 당기순이익은 24억원에 그쳤다."
문화일보,003680,/news/news_read.nhn?article_id=0002293256&office_id=021&mode=search&query=한성기업&page=1,2016-10-28 16:03,한성기업 &lsquo;토굴숙성 광천 새우젓&rsquo; 김장철 인기,"국내에 유통되는 대부분의 ‘광천 토굴 새우젓’은 가짜 수입산(중국산)이라는 사실이 화제가 되면서 시중 토굴 새우젓이 의심을 받는 가운데 국내 젓갈 1등 업체인 한성기업의 ‘토굴숙성 광천 새우젓’이 김장철 고객들에게 인기를 끌고 있다. 28일 식품회사 한성기업에 따르면, 한성기업의 토굴숙성 광천 새우젓은 고객이 안전하게 믿고 구매할 수 있도록 홈페이지와 기업 블로그에 숙성과정을 인증한 사진과 특허청에서 발부한 지리적 표시 단체표장등록증을 공개했다. 등록증은 광천읍 소재의 토굴에서 발효, 숙성시킨 것에 한하여 발급되는 것으로 한성기업 토굴새우젓이 올바른 토굴숙성 과정을 거친 제품이라는 것을 확인시켜주고 있다. 한성기업이 공개한 내용을 확인한 한 소비자는 “새우젓의 중국산 논란을 지켜보며 불안했는데 등록증을 보니 믿어도 될 것 같다”는 반응을 보였다. 한성기업 관계자는 “자연숙성 젓갈에 최적화된 13~15도의 온도를 유지하며, 청결하게 유지된 토굴에서 숙성된 새우젓은 고유의 풍미가 더욱 깊고 맛있다”며 “신뢰를 바탕으로 맛있고 안전한 상품을 고객에게 전달하는 데 최선을 다하겠다”고 말했다. 한편, 한성기업은 국내 젓갈산업의 1등 기업으로 새우젓 이외에도 명란젓갈, 창란젓갈, 오징어젓갈, 낙지젓갈, 갈치젓 등 다양한 젓갈을 판매하고 있으며, 상품들은 각종 유통채널과 한성기업 공식 온라인몰 ‘HS마켓(www.hsmarket.co.kr)’에서 쉽게 구매가 가능하다."
한국경제TV,003680,/news/news_read.nhn?article_id=0000651851&office_id=215&mode=search&query=한성기업&page=1,2018-06-22 12:49,"한성기업, -13% 하락... 전일 보다 1,200원 내린 7,840원","[한국경제TV 라이온봇 기자] [그림 1] 최근 3개월 간 주가 추세 및 기간별 수익률 한성기업은 6월 22일 12시 48분 전일 대비 약 -13% 급락한 7,840원에 거래되고 있다. 한성기업은 코스피 상장 기업으로 음식료품 업종에 속해 있다. 시가총액은 495억원으로 코스피 상장기업 중 725위에 위치 해 있다. [종목 성향 진단] [그림 2] 종목 성향 진단 한성기업의 투자 스타일은 가치주에 가깝다. 기업 가치 대비 낮은 주가가 매력적인 기업이다. 주가 모멘텀은 부진한 편이었다. 최근 1개월 수익률은 -6.94%의 하락폭을 기록했다. 한성기업 종목에 대한 투자자의 관심도는 높은 편에 속한다. [투자 점수 진단] [그림 3] 투자 점수 진단 한성기업은 어느 측면에서 투자 매력도가 높은 종목일까? AI 인공지능 종목 분석 시스템을 이용해 성장성, 수익성, 효율성, 안전성, 저평가성, 추세 등 주가 수익률에 영향을 줄 수 있는 6가지 핵심 투자 지표를 점수화하여 종목의 투자 매력도를 계산해보았다. 그 결과 한성기업은 상대적으로 추세지표 측면에서 두각을 드러내고 있었다. 추세 점수는 주가의 상승 모멘텀이 어느정도 인가를 나타낸다. 한성기업은 특히 1주전대비수익률 측면에서 가장 높은 점수는 기록했는데, 전체 시장 내 27위를 기록하며 상위 1.3%에 위치했다. 업종별로는 4위를 기록하며 상위 3.16%에 위치했다. 그러나 재무건전성을 나타내는 기업안정성 측면에서는 아쉬운 점을 나타냈다. (위의 AI인공지능 점수는 재무 데이터를 기반으로 전체 상장 종목과 비교/분석하여 도출한 점수로 높은 점수가 반드시 높은 수익률을 보장하지 않습니다. 위의 자료는 당사의 추천 종목이 아니며, 투자 시 참고용으로 제시해드리는 것입니다. 핵심투자지표를 결합해 종목의 투자매력도를 종합 계산한 ""인공지능 투자점수""는 ""거장들의 투자공식"" 앱에서 확인하실 수 있습니다.) 라이온봇 기자 -한국경제TV※ 본 기사는 한국경제TV와 '거장들의 투자공식이'자체 개발한 '라이온봇 기자'가 실시간으로 작성한 기사입니다. 라이온봇기자 ⓒ 한국경제TV, 무단 전재 및 재배포 금지 한국경제TV 관련뉴스해당 언론사에서 선정하며 언론사 페이지(아웃링크)로 이동해 볼 수 있습니다.대출금리에 '바가지'…7개 은행 적발""사우디 악재까지""…고민 깊어가는 韓 증시'철밥통' 노조의 질주…""이익 30%배당해라""""멕시코 약점 우리가 알아요""…유럽 클럽이 감탄한 '스타트업'품절 빚던 '꼬북칩'…1년 만에 이럴줄은"
머니투데이,003680,/news/news_read.nhn?article_id=0003623266&office_id=008&mode=search&query=한성기업&page=1,2016-02-01 15:55,"한성기업, 작년 당기순이익 27억원&hellip;전년比 '흑자전환'","[머니투데이 김주현 기자] 한성기업은 지난해 당기순이익이 27억1600만원으로 전년대비 흑자로 전환했다고 1일 공시했다. 같은 기간 영업이익은 51억6100만원, 매출액은 2915억4700만원으로 각각 270%, 1.5% 증가했다. 회사 측은 ""주요사업 실적 개선과 유가 하락으로 인한 원가 절감으로 손익구조가 개선됐다""고 설명했다. textlinktopstart textlinktopend textlinkstart"
머니투데이,003680,/news/news_read.nhn?article_id=0003576618&office_id=008&mode=search&query=한성기업&page=1,2015-11-11 10:02,"&lsquo;응답하라 1988&rsquo; 공식 협찬사 한성기업, 누가 88게맛살을 먹나? 이벤트 열어","[머니투데이 김도화 에디터] /사진제공=한성기업 오는 13일 한성기업이 공식으로 협찬하는 드라마 ‘tvN 응답하라 1988’의 온라인 이벤트를 진행한다. 한성기업 공식 페이스북 페이지를 통해 13일부터 일주일 동안 “누가 88게맛살을 먹나?” 라는 타이틀로 드라마 장면 중 누가 한성기업의 게맛살을 먹는지 맞추는 퀴즈 이벤트를 연다. 한성기업은 이벤트 당첨자 26명(1+9+8+8)에게 드라마에 나오는 ‘한성 88맛살’과 다양한 제품이 담긴 ‘1988 박스’를 이벤트 상품으로 전달할 예정이다.  또한 13일 당일, 서울 올림픽공원 체조경기장에서 ‘응답하라 88맛살’ 홍보 부스를 통한 오프라인 행사가 진행된다. 드라마에 나오는 1988 공식 게맛살과 ‘누가 88게맛살을 먹나?’ 이벤트에 대한 자세한 소개와 함께 제품 증정도 진행 될 예정이다. 한성기업은 실제 88서울올림픽 공식 게맛살을 제조했던 업체로, 현재는 크래미, 해물경단, 어묵, 젓갈 류 등의 제품으로 유명한 종합식품회사이다. 드라마 ‘응답하라 1988’에서도 그때 당시 88맛살을 재생산해 공식 게맛살로 협찬하여 시청자들에게 옛 향수를 진하게 불러일으킬 예정이다. textlinktopstart textlinktopend textlinkstart"
서울경제,003680,/news/news_read.nhn?article_id=0003360831&office_id=011&mode=search&query=한성기업&page=1,2018-07-30 13:46,"&lt;유&gt;한성기업, 전일 대비 7.83% 상승.. 일일회전율은 1.94% 기록","[서울경제] 한성기업(003680) 은 30일 오후 1시 45분 현재 7.83% 오른 8,260원에 거래되고 있으며, 37(매도):63(매수)의 매수우위를 기록하고 있다. 거래대금은 8억4,054만, 거래량은 10만6,311주로 거래량회전율은 1.94%로 나타났다. 지난 1개월간 한성기업은 상한가 1회, 상승 12회, 하락 16회를 기록했고, 주가수익률은 14.72% 표준편차는 9.44%를 기록했다. 이 기간 ' 음식료품업 ' 업종 평균 주가수익률은 -8.42%로 나타났으며, 변동성은 0.98%를 기록했다. 이 시각 현재 ' 음식료품업 '은 0.16% 상승 중이며, 47(매도):53(매수)의 매수우위를 기록하고 있다."
연합뉴스,003680,/news/news_read.nhn?article_id=0008660113&office_id=001&mode=search&query=한성기업&page=1,2016-09-02 17:02,한성기업 압수수색 마친 검찰,(서울=연합뉴스) 진연수 기자 = 2일 오후 검찰 특별수사팀이 압수수색을 실시한 서울 송파구 오금동 한성기업 서울사무소에서 검찰 관계자가 압수물을 들고 나오고 있다.  강만수 전 산업은행장은 산업은행 재직 시절 대우조선해양에 압력을 행사해 B사에 투자하도록 했다는 의혹을 받고 있다. 2016.9.2
연합뉴스,003680,/news/news_read.nhn?article_id=0008660098&office_id=001&mode=search&query=한성기업&page=1,2016-09-02 16:59,한성기업 압수물 옮기는 검찰,(서울=연합뉴스) 진연수 기자 = 2일 오후 검찰 특별수사팀이 압수수색을 실시한 서울 송파구 오금동 한성기업 서울사무소에서 검찰 관게자들이 압수물을 들고 나오고 있다.  강만수 전 산업은행장은 산업은행 재직 시절 대우조선해양에 압력을 행사해 B사에 투자하도록 했다는 의혹을 받고 있다. 2016.9.2
뉴스1,003680,/news/news_read.nhn?article_id=0002261222&office_id=421&mode=search&query=한성기업&page=1,2016-09-04 18:51,"'특혜성 대출' 한성기업, 강만수 행장시절 불법대출 정황","대우조선해양 경영 비리 의혹을 수사 중인 검찰이 강만수 전 산업은행장 겸 산은금융지주 회장(71)의 비위 의혹을 확인하기 위해 지난 2일 오전 서울 송파구 오금동에 있는 한성기업 서울사무소를 압수수색하고 있다. 2016.9.2/뉴스1 © News1 임세영 기자 신용등급에 맞지 않는 대출…부실심사 의혹 (서울=뉴스1) 조재현 기자 = 대우조선해양 비리를 수사 중인 검찰이 산업은행으로부터 특혜성 대출을 받은 의혹을 사고 있는 한성기업의 불법대출 정황을 포착한 것으로 알려졌다. 검찰은 한성기업에 대한 산업은행의 특혜성 대출과 관련, 위법한 방법으로 대출이 이뤄진 정황을 포착하고 수사에 박차를 가하고 있다. 한성기업은 강만수 전 산업은행장 겸 산은금융지주 회장(71)의 고교동창인 임우근 회장(68)이 운영하는 기업이다. 검찰 부패범죄특별수사단(단장 김기동 검사장)은 최근 임 회장을 참고인으로 불러 산은의 특혜성 대출과 관련된 의혹을 집중 조사한 것으로 4일 전해졌다. 특수단은 강만수 전 장관이 산업은행 행장으로 재직하던 2011년 한성기업과 그 관계사 등에 수십억원대의 특혜성 대출을 해준 혐의를 찾아내고 수사 중이다. 한성기업은 당시 시중금리보다 0.5%포인트 가량 낮은 연 5.9% 안팎의 이자율로 대출을 받은 것으로 알려졌다. 특수단은 강 전 행장 비위 의혹과 관련, 임 회장을 조사한 직후 지난 2일 한성기업 서울사무소와 임 회장 자택 등을 압수수색했다. 특수단은 확보한 투자업무 관련 서류와 회계자료 분석을 통해 산은이 대출 심사과정에서 부실심사를 한 정황을 포착한 것으로 알려졌다. 당시 한성기업의 신용등급 등을 고려했을 때 받기 어려운 규모의 대출이었다는 게 특수단의 판단이다. 특수단은 이 대출이 강 전 행장의 지시로 이뤄진 것으로 파악하고, 자세한 대출 경위와 방법 등을 조사하고 있다. 특수단은 임 회장이 특혜성 대출을 받은 시기에 강 전 행장의 지인이 운영하는 바이오에너지 개발업체 B사에 5억원을 투자해 지분 4.29%를 획득한 점도 주목하고 있다. B사는 우뭇가사리와 같은 해조류로부터 바이오에탄올을 추출하는 기술을 개발하는 회사다. B사는 바이오에탄올을 상업적으로 이용할 수 있는 기술을 개발할 의사나 능력이 없음에도 2012년 2월부터 2013년 11월까지 대우조선으로부터 44억원의 투자를 받았다. 이 회사 대표 김모씨는 44억원을 부당하게 투자받은 혐의(특정경제범죄가중처벌법상 사기 등)로 지난 8월27일 구속됐다. 검찰이 한성기업에 대한 압수수색을 마친 후 압수품을 갖고 사무실을 나서고 있는 모습. (뉴스1 DB) /뉴스1 © News1 임세영 기자 특수단은 강 전 회장이 한성기업에 이득을 주기 위해 대우조선 등 산은의 자회사를 통해 B사에 일감을 몰아준 것은 아닌지도 조사하고 있다. 강 전 행장이 설립한 디지털경제연구소도 현재 한성기업 소유 빌딩에 입주해있고, 임 회장은 이 연구소의 등기이사로도 등재돼 있다. 특수단은 임 회장이 연구소 사무실 유지 비용도 대준 것으로 의심하고 있다. 특수단은 조만간 임 회장을 재소환해 특혜성 대출을 받은 대가로 강 전 행장 측에 금전적 이익을 제공했는지 여부 등을 캐물을 방침이다. 아울러 강 전 행장도 피의자 신분으로 불러 관련 의혹 등을 조사할 방침이다. 특수단은 앞서 남상태(66·2006년 3월~2012년 3월 재임), 고재호(61·2012년 3월~2015년 5월 재임) 전 대우조선 사장을 수사하는 과정에서 강 전 행장이 대우조선 경영 비리에 직·간접적으로 관여한 정황을 포착하고 수사를 벌여왔다."
한국경제,003680,/news/news_read.nhn?article_id=0003875911&office_id=015&mode=search&query=한성기업&page=1,2018-01-08 17:27,"[마켓인사이트] KIC 출신이 만든 사모펀드 WWG, 한성기업 계열사 한성크린텍 ...","지분 100% 약 300억원에WWG ""글로벌 수처리社로 육성""한성기업 ""수산업에 역량 집중"" [ 정영효 기자  ]"
서울경제,003680,/news/news_read.nhn?article_id=0003341588&office_id=011&mode=search&query=한성기업&page=1,2018-07-06 14:54,"&lt;유&gt;한성기업, 전일 대비 11.71% 상승.. 일일회전율은 2.31% 기록","[서울경제] 한성기업(003680) 은 6일 오후 2시 53분 현재 11.71% 오른 7,820원에 거래되고 있으며, 43(매도):57(매수)의 매수우위를 기록하고 있다. 거래대금은 9억6,821만, 거래량은 12만6,798주로 거래량회전율은 2.31%로 나타났다. 지난 1개월간 한성기업은 상승 13회, 하락 15회를 기록했고, 주가수익률은 3.71% 표준편차는 5.69%를 기록했다. 이 기간 ' 음식료품업 ' 업종 평균 주가수익률은 1.68%로 나타났으며, 변동성은 1.36%를 기록했다. 이 시각 현재 ' 음식료품업 '은 1.58% 상승 중이며, 41(매도):59(매수)의 매수우위를 기록하고 있다."
아시아경제,003680,/news/news_read.nhn?article_id=0003728108&office_id=277&mode=search&query=한성기업&page=1,2016-04-15 10:23,"한성기업, 살짝 바르면 요리 끝 '크래미스프레드 오리지널' 출시","브런치 등 요리 활용도 높은 특징 [아시아경제 이주현 기자]한성기업이 살짝 바르기만 해도 요리가 되는 크래미 신제품 '크래미스프레드 오리지널'을 출시했다고 15일 밝혔다. 크래미는 국내 최초로 프리미엄 게맛살 시장을 개척한 제품으로 평가 받고 있으며 현재까지 고급맛살 시장점유율 1위 자리를 지키고 있는 국민 고급 게맛살 브랜드다. 한성기업의 크래미를 기존 게맛살의 형태에서 벗어난 ‘크래미바이트’, ‘크래미엑설런트’ 등 다양한 제품을 출시해왔으며 이번에 새롭게 출시한 크래미스프레드 오리지널 역시 크래미를 활용한 먹기 간편한 스프레드 제품이다. 크래미스프레드 오리지널은 한 올 한 올 잘게 찢은 '크래미 에어니언&피클소스'로 맛을 내 느끼하지 않고 담백한 맛을 내고 있다. 또한 아몬드를 첨가해 풍부한 식감을 느낄 수 있으며 간편한 소포장 용기에 포크가 함께 담겨있어 야외에서도 간단히 활용할 수 있다는 점이 큰 특징이다. 크래미스프레드 오리지널은 기존 크래미 제품들과는 다르게 제품 그대로를 빵이나 크래커에 바르기만 해도 맛있어 브런치 메뉴에 활용하거나 쉽고 간편하게 훌륭한 식사가 될 만큼 그 활용도가 매우 다양하다. 한성기업은 제품 패키지 안쪽 면에 소비자들이 크래미스프레드 오리지널을 다양하게 활용할 수 있도록 샌드위치, 까나페, 김밥, 샐러드 등 스프레드 활용 레시피를 알려주고 있다. 한편 크래미스프레드 오리지널은 4월에 출시돼 한성기업 공식온라인쇼핑몰 HS마켓을 중심으로 각종 온·오프라인 매장을 통해 소비자들에게 선보이고 있다."
전자신문,003680,/news/news_read.nhn?article_id=0002685951&office_id=030&mode=search&query=한성기업&page=1,2018-02-21 16:21,[ET투자뉴스][주요투자자 대량지분변동] 한성기업(003680),"한성기업(003680)은 21일 최대주주 임우근의 보유주식이 보유지분율에서의 변화는 없다고 발표했다. 이번 보고서에 따르면 보고자의 주식수는 2602417주이며, 현재 보유지분율은 47.5%를 유지하고 있다. 이번 보고 사유는 주식담보계약체결에 따른 질권설정만기연장으로  알려졌다.   최대주주와 특수관계자의 지분 변동은 주가에 영향을 주는 요인이다. 특히 보유비율을 지속적으로 늘리거나 줄일 경우, 해당종목 투자시 유의할 필요가 있다.  다음은 한성기업의 지분 변동 내역과 보유 내역이다."
파이낸셜뉴스,003680,/news/news_read.nhn?article_id=0003908330&office_id=014&mode=search&query=한성기업&page=1,2017-11-17 14:25,"한성기업, 유엔참전용사 추모 평화음악회 성료","지난 11월 3일 프랑스 참전 용사 방한을 맞아 진행한 만찬회 참석자들이 기념 촬영을 하고 있다.       한성기업은 지난 12일 롯데 콘서트홀에서 '유엔참전용사 추모 평화음악회'를 진행했다고 17일 밝혔다. 국가보훈처와 호국문화진흥위원회가 공동 주최하는 유엔참전용사 추모 평화음악회는 6·25 전쟁 당시 전사한 유엔군 전몰장병을 추모하는 행사로 올해 10주년을 맞았다. 이날 행사에는 유엔참전용사 및 가족, 주한외교사절 등 2000여 명이 참석했으며 한·터키 수교 60주년을 맞아 방한한 터키 전몰장병 유가족, 전후 복구 지원국인 독일 의료지원단 등도 참가했다. 앞서 지난 11월 3일에는 프랑스 참전 용사 및 관계자들이 프랑스 참전용사 르우 씨의 유해안장을 위해 한국을 찾았고 이에 호국문화진흥위원회와 한성기업이 만찬회 자리를 마련하기도 했다. 이날 행사에는 프랑스 생망데 시장이자 프랑스 한국전 참전협회장인 패트릭 보두앵 씨를 포함해 국내외 귀빈 30명이 참가했다. 임우근 한성기업 회장은 이날 만찬회에서 오랜 시간 바래지 않는 우정을 의미하는 소나무 자개 접시를 선물로 전달했다. 임우근 회장은 호국문회 진흥 위원회의 이사장을 역임중이다."
파이낸셜뉴스,003680,/news/news_read.nhn?article_id=0003506063&office_id=014&mode=search&query=한성기업&page=1,2015-09-17 18:05,한성기업 고급젓갈세트 등 추석선물 65종 판매,"특산물세트 12만~24만원 실속형 4만원대부터 갖춰 

보름달처럼 풍성한 추석이 성큼 다가왔다. 추석은 설과 함께 우리민족의 고유한 대표적인 명절이지만 벌써부터 선물 고민이 앞선다. 한성기업은 추석을 맞아 고급 젓갈 선물세트, 독일식전통소세지 캠프렌즈 선물세트 등을 비롯해 총 65종의 다양한 제품을 준비했다고 17일 밝혔다.젓갈 선물세트는 무농약고춧가루, 마늘, 천일염을 사용한 프리미엄 골드명란과 진품백명란의 '프리미엄 명란 세트'(17만원), 카라시멘타이코 타입의 일본풍 프리미엄 명란을 급속 동결해 신선함을 유지한 '저염명란명품 세트'(14만원), 질 좋은 원료에 한성기업 고유의 고추양념과 천일염으로 숙성시켜 감칠맛이 살아 있는 '골드 명란.창란.오징어젓갈세트'(13만원) 등이 있다.독일식 전통 소세지 캠프렌즈 선물세트는 신제품으로 구성된 양.돈장 세트를 새로 선보인다. 높은 돈육 함량과 천연 양.돈장으로 만들어져 톡 터지는 식감이 일품인 프리미엄 소세지로에델부어스트와페퍼그릴윈너는 베스트 육가공품 선발대회에서 각각 최우수상과 우수상을 수상한 제품이다.캔류 선물세트는 제주도에서 자란 100% 국산 흑대지와 국산 천일염으로 만든 흑돈팜, 살코기 참치 제품으로 구성됐고 가격대는 4~7만원이다. 프리미엄 어묵인 '가고시마사쯔마아게' 선물세트도 출시했다.지역 특산물 선물세트도 있다. '제주 특선 선물세트'(12만∼24만원)는 제주도 연근해에서 갓 잡아 올린 해산물을 엄선해 위생적으로 개별 포장한 제품이며 광천 특산물인 '광천김 선물세트', 청도 특산물인 '곶감세트' 등이 있다.홍석근 기자

 ※ 저작권자 ⓒ"
서울경제,003680,/news/news_read.nhn?article_id=0003329025&office_id=011&mode=search&query=한성기업&page=1,2018-06-22 09:38,"대북 수산주라던 한성기업, 하루 만에 10%대 급락","[서울경제] 한성기업(003680) 이 22일 오전 전날 대비 10% 이상 하락하고 있다. 한성기업은 22일 오전 9시27분 현재 전날보다 980원(10.84%) 내린 8,060원을 기록 중이다. 한성기업은 전날 대북 수협중앙회가 남북수산협력단을 신설하고 대북 수산 분야 교류를 추진한다는 소식에 25.91% 급등하며 장중 52주 신고가를 기록한 바 있다. 단기 급등에 따른 피로감에 하락세인 것으로 분석된다."
뉴시스,003680,/news/news_read.nhn?article_id=0008472254&office_id=003&mode=search&query=한성기업&page=1,2018-03-06 17:36,"한성기업, 한 주당 150원 배당","【서울=뉴시스】이진영 기자 = 한성기업(003680)은 보통주 한 주당 150원을 결산 배당한다고 6일 공시했다. 시가배당률은 2.3%이며, 배당총액은 8억원이다."
서울경제,003680,/news/news_read.nhn?article_id=0002761494&office_id=011&mode=search&query=한성기업&page=1,2015-11-12 15:25,"[특징주] 한성기업, 정부 중국 진출 적극 지원 소식에 강세","한성기업(003680)은 정부가 수산물 수출을 위해 중국을 중심으로 외국 시장에 적극적으로 지원에 나선다는 소식에 강세를 보이고 있다. 한성기업은 유가증권시장에서 12일 오후 3시23분 현재 전날 보다 3.77% 오른 7,160원에 거래되고 있다. 이날 정부는 최근 부진한 수산물 수출을 회복하기 위해 서울 양재동에 소재한 농수산식품유통공사(aT센터)에서 수산물 수출 관계기관이 참여한 가운데 ‘수산물 수출진흥 협의회’를 개최했다. 정부는 올해 말까지 한국 수산식품 홍보행사인 ‘케이씨푸드(K-seafood) 페어’를 중국 상하이를 비롯해 인도네시아, 프랑스 등에서 잇따라 열기로 했다. 특히 정부는 오는 16∼20일 정부·지자체·업계 관계자 17명으로 구성된 수출조사단을 중국에 파견할 계획이다. 수출조사단은 업체의 중국 수출전략 수립을 지원하고, 현지 유통업계를 방문해 수출상담 등 판촉 활동을 한다. 한편 정부는 중국에는 수출용 수산물 통합브랜드 ‘케이피쉬’(K-Fish)를 출시하고, 다음 달 온라인몰 페이판(ffan.com)에 한국 수산식품 전용관도 개설할 예정이다. 한성기업은 원양어업 및 수산물 가공업체로 원양어업을 통한 어획물을 국내 공급 및 수출하는 해외사업부문과 수산 및 육가공 식품을 제조판매하는 식품사업부문을 주력으로 하고 있다."
한국일보,003680,/news/news_read.nhn?article_id=0000253062&office_id=469&mode=search&query=한성기업&page=1,2017-11-16 09:44,"한성기업, 유엔 참전용사 추모 평화 음악회 성료","제 11회 ‘유엔참전용사 추모 평화음악회’가 지난 일요일 오후 4시 롯데 콘서트홀에서 열렸다. ‘유엔참전용사 추모 평화음악회‘는 국가보훈처와 호국문화진흥위원회가 공동 주최하는 행사로 6․25전쟁 당시 고귀한 생명을 바친 유엔군 전몰장병을 추모하는 행사로 올해 10주년을 맞이하였다. 한-터키 수교 60주년을 맞아 방한한 터키 전몰장병 유가족 과 전후 복구 지원국인 독일 의료지원단 및 가족 도 참하였다. 이외 유엔참전용사 및 가족, 주한외교사절 등 2,000여 명이 참석하여 그 의미를 더하는 자리였다. 이에 앞서 지난 11월3일에는 작년 9월 호국문화진흥위원회가 프랑스에서 개최하였던 유엔 참전용사 평화음악회에 참석하였던 프랑스 참전 용사 및 관계자들이 프랑스 참전용사 르우 氏 의 유해안장을 위해 방한함에 따라 호국문화진흥위원회 와 ㈜한성기업이 함께 특별 만찬회를 마련하였다. 이 자리에는 프랑스 참전용사들과 그의 가족들 그리고 現 생-망데市 시장이자 프랑스 한국전 참전협회장인 패트릭 보두앵 씨를 포함 국내외 귀빈 30명과 함께 전쟁 후 급 성장한 한국의 모습과 여전히 굳건한 두 나라간의 우정을 확인하는 자리를 가졌다. 이날 만찬회에서 임우근 회장은 오랜 시간 바래지 않는 우정을 의미하는 소나무가 그려진 자개 접시를 선물로 전달 하였으며, 프랑스 참전협회장은 10년째 평화음악회를 통해 프랑스 군의 희생을 기리고 있는 임우근 회장을 명예 프랑스 참전 협회원으로 추대하였다. 제11회 평화음악회에서는 유엔군 전몰장병을 추모하고 나라사랑을 주제로 한 수준 높은 음악으로 감동의 무대를 선사하였으며 미국 작곡가 이안 크라우스가 이번 공연을 위해 헌정한 ‘평화를 향한 여정’ 이 초연되었다. 세계적인 트럼펫 연주자 옌스 린더만(캐나다)과 첼로 연주자 고봉신(CSU Fullerton 교수) 등 정상급 음악가들이 출연하였으며, 500명 합창단원들의 노래로 관객들의 뜨거운 환호를 받았다. 호국문화 진흥 위원회의 이사장을 역임중인 ㈜한성기업의 임우근회장은 지금의 우리는 호국선열의 희생이 있었기에 가능한 것이라 말하며, 감사의 마음으로 자신의 활동을 지속적으로 이어갈 것이라는 뜻을 밝히기도 했다."
뉴시스,003680,/news/news_read.nhn?article_id=0007446899&office_id=003&mode=search&query=한성기업&page=1,2016-09-02 17:05,"검찰, 한성기업 압수수색 종료",【서울=뉴시스】김선웅 기자 = 한성기업이 강만수 전 산업은행장 지인의 업체에 일감을 몰아준 정황 및 강 전 행장 재직 시절 산업은행으로부터 특혜 대출을 받은 것과 관련해 검찰이 한성기업을 압수수색한 2일 오후 서울 송파구 한성기업 서울사무소에서 검찰 관계자들이 압수품이 담긴 상자를 옮기고 있다. 2016.09.02.
연합뉴스,003680,/news/news_read.nhn?article_id=0008660089&office_id=001&mode=search&query=한성기업&page=1,2016-09-02 16:58,한성기업에서 나온 압수물,(서울=연합뉴스) 진연수 기자 = 2일 오후 검찰 특별수사팀이 압수수색을 실시한 서울 송파구 오금동 한성기업 서울사무소에서 검찰 관계자들이 압수물을 들고 나오고 있다.  강만수 전 산업은행장은 산업은행 재직 시절 대우조선해양에 압력을 행사해 B사에 투자하도록 했다는 의혹을 받고 있다. 2016.9.2
문화일보,003680,/news/news_read.nhn?article_id=0002317669&office_id=021&mode=search&query=한성기업&page=1,2017-06-15 15:51,한성기업 &lsquo;크래미&rsquo; 중국 진출,"지난달 중국 상하이(上海)에서 열린 아시아 최대 규모의 식품 전문 B2B 박람회인 ‘SIAL CHINA 2017(시알 차이나)’에서 ‘크래미’가 중국 데뷔무대를 가졌다. 박람회에 참석한 한성기업㈜ 관계자에 따르면, 크래미의 중국상표는 ‘고객이 즐겨 찾는 맛’이라는 의미의 ‘커라이메이’로 명명됐다. 15일 업계 등에 따르면, 이번 전시회에서 한성기업㈜은 브랜드 및 제품의 현지화 전략을 통해 중국인들에게 크래미를 자연스럽게 소개하는 데 초점을 맞췄다. 특히 신제품에 민감한 10·20대 고객을 붙잡기 위해 ‘왕홍(網紅·중국의 SNS 스타)’들을 초대해 현장에서 크래미를 소개하고 직접 먹어보면서 알리는 행사도 진행했다. 박람회 외에도 호텔에서 만찬회를 개최하여 15개 성 100여 명의 주요 바이어에게 크래미 판매현황과 브랜드 전략 및 비전을 공유하는 자리를 가졌으며, 현지 셰프가 직접 요리한 크래미 활용 레시피를 바이어들과 함께 맛보기도 했다. 관계자에 따르면 현재 크래미는 라이펀, 샘스클럽, 량핑푸즈 등 중국 유통업체뿐만 아니라 중국 전역을 아우르는 온라인 판매 체계를 구축 중에 있다. 중국 최대쇼핑몰 중 하나인 ‘경동산청’에는 현재 입점이 완료되어 중국 내 판매가 이뤄지고 있으며, 6월 중 ‘티몰’에도 한성 브랜드관이 신설돼 한성기업의 다양한 제품에 대한 적극적인 마케팅 활동을 진행할 계획이라고 밝혔다. 크래미는 현지화를 위해 중국인들의 소비성향을 고려해 낱개 포장으로 출시했으며, 상온 장기보관이 가능하면서도 크래미 고유의 맛과 식감을 그대로 유지한 중국현지시장에 알맞은 제품을 개발함으로써 중국 내 유통부담을 줄였다. 크래미 치즈볼의 경우 브랜드화 전략의 일환으로 국내에서는 출시하지 않은 새우맛, 게살맛, 오리지널 3종을 선보이기도 했다. 또한 향후 맛살제품 외에도 다양한 영양간식 출시를 앞두고 있으며, 중국 내에서 식품회사로서의 입지를 굳힐 예정이라고 밝혔다."
서울경제,003680,/news/news_read.nhn?article_id=0003347331&office_id=011&mode=search&query=한성기업&page=1,2018-07-13 09:02,"&lt;유&gt;한성기업, 장중 신고가 돌파.. 10,050&rarr;10,150(▲100)","[서울경제] 오전 9시 0분 현재 한성기업(003680) 이 1.00% 오른 10,150원(▲100)을 기록하며, 52주 신고가를 +100원 경신했다. 기존 52주 최고가는 2018년 07월 12일 기록한 10,050원이다. 체결강도는 37%로 강세 반전했다. 총매수체결량은 12,683주, 총매도체결량은 34,350주를 각각 기록했다.  (※ 체결강도(%) = (총매수체결량/총매도체결량)*100) 이 시각 현재 거래대금은 10억1,696만, 거래량은 10만870주를 기록하고 있으며, 수급측면으로는 73(매도):27(매수)의 매도우위를 보이고 있다. 거래일을 기준으로 최근 3일간 평균 거래량은 1백3십1만8천주, 60일 평균 거래량 1십5만6천주로 최근 거래량이 큰 폭으로 증가하는 추세다."
아시아경제,003680,/news/news_read.nhn?article_id=0003619247&office_id=277&mode=search&query=한성기업&page=1,2015-11-05 15:32,"한성기업, &lsquo;응답하라 1988&rsquo; 첫방 맞춰 마케팅","[아시아경제 팍스넷 공도윤 기자] 한성기업이 채널 tvN의 드라마 ‘응답하라 1988’의 첫방송(6일)에 맞춰 본격적인 제품 마케팅이 나선다고 5일 밝혔다. 먼저 한성기업은 오는 13일부터 일주일간 페이스북 공식페이지를 통해 ‘누가 88게맛살을 먹나?’라는 타이틀로 이벤트를 실시한다. 이번 온라인 행사는 오는 13일 방영되는 ‘응답하라 1988’ 드라마 장면 중 누가 한성기업 게맛살을 먹는지 맞추는 퀴즈 형식이다. 한성기업은 이벤트 당첨자 26명(1+9+8+8)에게 드라마에 나오는 ‘한성 88맛살’을 비롯해 푸짐한 한성기업 제품이 담긴 ‘1988 박스’를 전달할 예정이다. 또한 13일에는 서울 올림픽공원 체조경기장에서 ‘응답하라 88맛살’ 홍보 부스를 설치해 오프라인 행사를 진행한다. 행사 참여자들에게는 드라마에 나오는 1988 공식 게맛살과 ‘누가 88게맛살을 먹나?’ 이벤트에 대한 자세한 소개와 함께 제품 증정도 진행 할 예정이다. 한편 한성기업은 실제 88서울올림픽 공식 게맛살을 제조했던 업체로, 여전히 크래미, 해물경단, 어묵, 젓갈류 등의 제품으로 소비자들에게 인기를 얻고 있다. 이번 드라마 ‘응답하라 1988’에서는 당시 88맛살을 재생산한 게맛살을 협찬해 시청자들에게 옛향수를 불러일으킬 것으로 기대된다."
경향신문,003680,/news/news_read.nhn?article_id=0002727389&office_id=032&mode=search&query=한성기업&page=1,2016-09-06 21:05,[추석선물특집]한성기업 - 젓갈&middot;소시지 등 실속 선물세트 꾸준한 사랑,"한성기업은 고급 젓갈 선물세트, 독일식 전통소시지 캠프렌즈 선물세트 등 실속 있고 알찬 추석선물 세트를 선보였다. 대표 제품인 젓갈세트는 좋은 원료에 한성기업만의 노하우인 빙온숙성 기법을 적용해 정갈하고 고급스러운 맛을 냈다. 젓갈류를 찾는 사람들 사이에 최고의 선물로 꼽히고 있다. 진품명란세트, 프리미엄 골드명란, 순명란세트 등 프리미엄 젓갈세트와 더불어 골드 명란·창란·오징어젓갈세트 등 오랜 기간 동안 사랑을 받아 온 한성젓갈세트도 있다. 캠프렌즈 선물세트는 독일 전통 소시지를 내세운 세트다. 크게 높인 돈육 함량 덕분에 식감이 뛰어난 프리미엄 소시지들로 구성됐다. 담백한 맛으로 유명한 캠프렌즈의 프리미엄 캔햄 ‘그릴팜’ 선물세트가 이번 추석을 맞아 더욱 다양하고 알찬 세트구성을 선보이고 있다. 한성기업은 공식 온라인몰(www.hsmarket.co.kr)을 통해서도 선물세트 판매를 실시한다."
아시아경제,003680,/news/news_read.nhn?article_id=0003743187&office_id=277&mode=search&query=한성기업&page=1,2016-05-10 07:02,"한성기업 크래미, tvN 10주년 기념 드라마 '디어 마이 프렌즈' 협찬","[아시아경제 이주현 기자]한성기업 '크래미'가 13일부터 방영되는 16부작 tvN 10주년 특별기획 드라마 '디어 마이 프렌즈'와 함께한다. 드라마는 공감100%, 각양각색의 시니어 캐릭터들이 등장, 일상적인 삶에서 펼쳐지는 흥미진진한 스토리를 담고 있다. 국내외 확고한 팬 층을 확보 하고 있는 노희경 작가와 50여 년간 대한민국 안방극장의 희로애락을 책임져온 최고의 연기파 배우들이 총 출동하는 이번 드라마는 대한민국 대표 여배우 고현정의 3년만의 안방극장 복귀와 신구, 김영옥, 김혜자, 나문희, 주현, 윤여정, 박원숙, 고두심 등이 한 드라마에 뭉친 것 만으로 이미 큰 화제를 모으고 있다. 오랜 시간 국민들에게 웃음과 감동을 선사하고 한국 드라마 역사와 함께해온 연기자들이 뭉친 작품에 53년 전통의 한성기업은 조금은 남다른 의미를 두고 협찬을 진행한다. 출시 이후 대한민국 1등 타이틀을 놓친 적 없는 한성기업 크래미는 이번 드라마에서 소중한사람들과 함께하는 일상적인 공간에 언제나 함께해온 국민 간식 크래미의 모습을 보여줄 예정이다. 드라마를 통해 함께라는 의미를 되새기고 감사함을 전달 하고자 한다. 이번 드라마에서는 각종 크래미 제품들이 선보일 예정이며 한성기업 공식 소셜네트워크서비스(SNS)및 HS마켓을 통해 고객들과 함께하는 각종 이벤트와 혜택도 진행될 예정이다."
뉴시스,003680,/news/news_read.nhn?article_id=0007848176&office_id=003&mode=search&query=한성기업&page=1,2017-03-24 15:21,"한성기업, 임우근 대표이사 체제로 변경",【서울=뉴시스】김경원 기자 = 한성기업(003680)은 박일경 대표이사의 사임으로 기존 임우근·박일경 각자 대표이사 체제에서 임우근 대표이사 체제로 변경됐다고 24일 공시했다.
서울경제,003680,/news/news_read.nhn?article_id=0003346707&office_id=011&mode=search&query=한성기업&page=1,2018-07-12 14:01,"&lt;유&gt;한성기업, 전일 대비 7.74% 상승.. 일일회전율은 3.69% 기록","[서울경제] 한성기업(003680) 은 12일 오후 2시 0분 현재 7.74% 오른 8,350원에 거래되고 있으며, 43(매도):57(매수)의 매수우위를 기록하고 있다. 거래대금은 16억1,114만, 거래량은 20만2,206주로 거래량회전율은 3.69%로 나타났다. 지난 1개월간 한성기업은 상승 12회, 하락 16회를 기록했고, 주가수익률은 11.33% 표준편차는 7.17%를 기록했다. 이 기간 ' 음식료품업 ' 업종 평균 주가수익률은 2.05%로 나타났으며, 변동성은 1.35%를 기록했다. 이 시각 현재 ' 음식료품업 '은 1.21% 상승 중이며, 45(매도):55(매수)의 매수우위를 기록하고 있다."
한국일보,003680,/news/news_read.nhn?article_id=0000153267&office_id=469&mode=search&query=한성기업&page=1,2016-07-14 20:08,[상반기 히트상품] 한성기업 캠프렌즈 캔햄 &lsquo;그릴팜&rsquo;,"한성기업 캠프렌즈에서 출시한 프리미엄 캔햄 ‘그릴팜’이 고객들에게 좋은 반응을 얻고 있다. 캠핑장에서 맛보던 바비큐의 맛과 향을 그대로 전하겠다는 제품의 콘셉트가 적중했다는 평가다. 캠프렌즈 그릴팜은 100% 국산 돼지고기인 한돈을 원재료로 사용한 짜지 않은 캔햄이다. 돼지고기 함량이 93.73%나 되고 식품안전관리인증기준(HACCP)에 따른 위생적인 환경에서 생산돼 소비자들이 믿고 먹을 수 있다. 은은한 파슬리와 상큼하고 알싸한 맛의 레몬 페퍼로 풍미를 더해 그냥 두툼하게 잘라 구워 먹어도 풍부한 맛과 향을 즐길 수 있다. 나들이용 도시락이나 샌드위치 등에도 어울리고, 부대찌개 김치찌개 등 다양한 요리의 재료로도 손색이 없다. 캔햄이라 보관과 휴대가 편리해 캠핑 등 야외 활동에도 제격이다. 실온에서는 3년간 보관이 가능하다. 그릴팜은 340g과 200g짜리 두 가지 제품이 판매 중이다. 대형마트와 유통점에서 손쉽게 구입할 수 있다. 그릴팜은 올해 추석을 비롯한 명절에도 합리적인 가격의 고급 선물세트로 많은 사랑을 받을 것으로 보인다. 그릴팜 선물세트는 한성기업 공식 쇼핑몰인 HS마켓("
한국경제,003680,/news/news_read.nhn?article_id=0003769128&office_id=015&mode=search&query=한성기업&page=1,2017-05-16 15:12,"올박스-한성기업, 공동 제품 개발 위한 MOU체결","협업 관계 통해 공동 상품 개발 박차.. 두 회사 시너지 효과 기대 엔터테인먼트를 기반으로 홈쇼핑, 유통, 제조 사업을 병행하고 있는 ㈜올박스(대표 조수영)가 종합식품회사 한성기업㈜과 공동 제품 개발을 골자로 한 MOU를 체결했다고 밝혔다. 지난 12일(금) 진행된 체결식에서는 양사가 프로젝트 수행 및 제품 개발에 있어서의 TF팀을 구축하여 적극적으로 협력할 것을 약속했다. 또한 공동 개발 제품의 판매 소유권 등에 대한 협의를 논의하였다. 이번 MOU를 통해 한성기업㈜은 홈쇼핑, 온라인, 네트워크 마케팅 채널에 대하여 우선적 협업대상으로 ㈜올박스를 지정할 것을 합의했다. 한편 올박스는 떡갈비명작, 손질피꼬막 등 다양한 홈쇼핑 식품을 출시했고 히트 브랜드로는 김나운더키친, 반기수라 등이 있으며, 유통/제조 사업부로 잘 알려져 있는 기업이다. 특히 김나운 떡갈비명작은 CJ오쇼핑 연속 매진 신화를 기록하며 주부들 사이에 높은 인기를 누리고 있다. ㈜올박스의 조수영 대표는 “이번 MOU체결을 통해 종합식품회사 한성기업㈜와의 공동 제품 개발로 홈쇼핑과 온라인 상에서 유통 가능한 다양한 제품을 선보일 예정”이라면서 “이번 협약은 두 기업이 차별화된 상품 개발을 해나가는데 좋은 기회가 될 것"" 이라고 전했다."
MBN,003680,/news/news_read.nhn?article_id=0001015330&office_id=057&mode=search&query=한성기업&page=1,2016-09-02 15:58,'강만수 특혜대출 의혹'&hellip;한성기업 주가 급락,"'강만수 특혜대출 의혹'…한성기업 주가 급락 한성기업 주가 / 사진=MBN 검찰의 압수수색 소식에 한성기업의 주가가 급락세입니다. 한성기업은 2일 오후 3시 44분 현재 유가증권시장에서 전일대비 1,000원(10.2%) 내린 8,800원을 기록하고 있습니다. 앞서 오후 2시 11분에는 전일대비 8.67% 내린 8,950원을 기록했습니다. 한성기업은 강만수 전 산업은행장의 2011년 재직 당시 수십억원대의 특혜성 대출을 받은 혐의를 받고 있습니다. 이에 따라 검찰은 한성기업의 서울 사무소와 임우근 한성기업 회장의 자택 등을 압수수색했습니다."
파이낸셜뉴스,003680,/news/news_read.nhn?article_id=0004054117&office_id=014&mode=search&query=한성기업&page=1,2018-07-09 09:06,[fnRASSI]한성기업(003680) 현재 +12.31%,"한성기업(003680)은 현재 주가가 전일 대비 12.31% 상승한 8,670원 선에서 거래가 이루어지고 있다. 주가등락폭이 너무 커 최근 한달간 한성기업의 상장주식수 대비 거래량을 비교해보니 일별 매매회전율이 2.07%로 집계됐다. 동기간 일평균 주가변동률은 19.94%로 장중 주가등락이 심하기 때문에 투자시 주의가 요망된다. 외국인, 기관 모두 보유량 감소 (5일 누적) 최근 5일간 동종목의 외국인 투자자는 304주 순매도하였고 마찬가지로 기관은 1주 순매도하였다. 전날 두 주체 각각 4,609주, 1주 순매도하며 보유 비율을 줄였다. 다음 표는 동종목의 외국인, 기관의 일별 순매수량을 나타낸 것이다. 'fnRASSI'는 증권전문 기업 씽크풀과 파이낸셜뉴스의 협업으로 로봇기자가 실시간으로 생산하는 기사입니다."
머니투데이,003680,/news/news_read.nhn?article_id=0003621656&office_id=008&mode=search&query=한성기업&page=1,2016-01-29 04:00,"한성기업, 정갈한 젓갈 정성담은 선물세트 선보여","[머니투데이 민동훈 기자] [[2016 설 선물]빙온 숙성 기법 적용한 젓갈세트  8만~17만원대] 한성기업 프리미엄 명란세트 한성기업은 설을 맞아 고급 젓갈 선물세트 '행복담은 첫 마음', 독일식 전통 소세지 '캠프렌즈 선물세트' 등 65종의 선물세트를 내놨다. 대표 제품인 젓갈세트는 좋은 재료에 한성기업만의 노하우인 빙온 숙성 기법을 적용해 정갈하고 고급스러운 맛을 냈다. 프리미엄 골드명란, 저염명란 명품세트, 골드 명란·창란·오징어젓갈세트 등을 8만~17만원대로 선보인다. '캠프렌즈 선물세트'는 독일 전통 소시지를 내세운 세트다. 돈육 함량이 높아 식감이 뛰어난 프리미엄 소시지들로 구성했다. 세트에 포함된 소시지들은 베스트 육가공품 선발대회에서 최우수상과 우수상을 수상했다. 제주도 흑돼지로 만든 흑돈팜 파슬리와 레몬페파를 함유한 그릴팜, 살코기 참치 제품으로 구성한 캔류 선물세트는 3만~6만원대로 준비했다. 또 제주 인근 해산물로 만든 '제주 특선 선물세트'(12만∼24만원), 광천 특산물인 '광천김 선물세트', 청도 특산물인 '곶감세트', 식감이 우수한 프리미엄 어묵 '가고시마사쯔마아게' 등도 선보인다. 자체 온라인몰 HS마켓을 통해서도 선물세트 판매를 진행한다. HS마켓에서만 판매하는 9900~1만5000원대 알찬세트와 다양한 젓갈로 구성된 1~3만원대 중저가 바다젓갈세트 등을 판매한다. textlinktopstart textlinktopend textlinkstart"
파이낸셜뉴스,003680,/news/news_read.nhn?article_id=0003508262&office_id=014&mode=search&query=한성기업&page=1,2015-09-21 18:19,한성기업 추석선물세트 65종 판매,고급젓갈·독일 소세지 등 실속형 4만원대부터 갖춰
머니투데이,003680,/news/news_read.nhn?article_id=0004002760&office_id=008&mode=search&query=한성기업&page=1,2018-02-02 16:38,"한성기업, 지난해 영업익 67억원&hellip;전년比 14.6% &darr;","[머니투데이 박진영 기자] 한성기업은 지난해 개별 영업이익이 67억원으로 전년 대비 14.6% 줄었다고 2일 공시했다. 같은 기간 매출액은 3228억원으로 0.7% 늘었고 당기순이익은 26억원으로 흑자전환했다. 기업 측은 ""원가 상승 등으로 인해 영업이익은 감소했지만 투자자산 처분이익등으로 당기순이익은 증가했다""고 말했다."
서울경제,003680,/news/news_read.nhn?article_id=0003346724&office_id=011&mode=search&query=한성기업&page=1,2018-07-12 14:17,"&lt;유&gt;한성기업, 장중 신고가 돌파.. 9,500&rarr;9,550(▲50)","[서울경제] 오후 2시 16분 현재 한성기업(003680) 이 23.23% 오른 9,550원(▲1,800)을 기록하며, 52주 신고가를 +50원 경신했다. 기존 52주 최고가는 2018년 07월 09일 기록한 9,500원이다. 체결강도는 144%로 강세를 유지했다. 총매수체결량은 666,652주, 총매도체결량은 462,496주를 각각 기록했다.  (※ 체결강도(%) = (총매수체결량/총매도체결량)*100) 이 시각 현재 거래대금은 101억9,426만, 거래량은 115만9,383주를 기록하고 있으며, 수급측면으로는 41(매도):59(매수)의 매수우위를 보이고 있다. 거래일을 기준으로 최근 3일간 평균 거래량은 1백1십9만4천주, 60일 평균 거래량 1십만5천주로 최근 거래량이 큰 폭으로 증가하는 추세다."
뉴시스,003680,/news/news_read.nhn?article_id=0008427860&office_id=003&mode=search&query=한성기업&page=1,2018-02-02 17:00,"한성기업, 작년 영업익 67억&hellip;전년比 14.6%&darr;","【서울=뉴시스】장서우 기자 = 한성기업(003680)은 지난해 개별 재무제표 기준 영업이익이 전년 대비 14.6% 감소한 67억1286만원으로 잠정 집계됐다고 2일 공시했다. 같은 기간 매출액은 전년 대비 0.7% 늘어난 3227억9736만원이다. 당기순이익은 25억9330만원으로 집계돼 흑자전환됐다. 회사 측은 ""원가 상승 등으로 영업이익은 감소했으나 투자자산 처분이익 등으로 당기순이익은 증가했다""고 설명했다."
파이낸셜뉴스,003680,/news/news_read.nhn?article_id=0004043936&office_id=014&mode=search&query=한성기업&page=1,2018-06-21 14:03,"[fnRASSI]한성기업, 52주 신고가...21.03% &uarr;","한성기업(003680)은 52주신고가를 기록하고 있어 주목할만하다. 동종목의 현재 주가는 8,690원 선에서 이루어지고 있다. 거래일을 기준으로 최근 3일간 평균 거래량은 5만 주이다. 이는 60일 일 평균 거래량 1만 주와 비교해보면 최근 거래량이 급격히 늘어났다는 것을 알 수 있다. 주요 매매주체는 개인투자자  최근 한달간 주체별 거래비중을 살펴보면 개인 비중이 97.46%로 가장 높았고, 기관이 1.53%로 그 뒤를 이었다. 외국인은 1%를 나타냈다. 그리고 최근 5일간 거래비중은 개인 비중이 93.6%로 가장 높았고, 기관이 6.29%로 그 뒤를 이었다. 외국인은 0.1%를 나타냈다. 외국인/개인 순매수, 기관은 순매도(한달누적)  6월18일부터 전일까지 기관이 3거래일 연속 순매도를 보였다. 4주간을 기준으로 보면 외국인이 순매수량을 늘리며 1,438주를 순매수했고, 개인들도 순매도를 기록하다가 다시 순매수로 돌아서면서 221주를 순매수했다. 하지만 기관은 순매도로 돌아서면서 1,659주를 순매도했다. 'fnRASSI'는 증권전문 기업 씽크풀과 파이낸셜뉴스의 협업으로 로봇기자가 실시간으로 생산하는 기사입니다."
서울경제,003680,/news/news_read.nhn?article_id=0003352045&office_id=011&mode=search&query=한성기업&page=1,2018-07-19 09:35,"&lt;유&gt;한성기업, 전일 대비 8.15% 상승.. 일일회전율은 2.55% 기록","[서울경제] 한성기업(003680) 은 19일 오전 9시 34분 현재 8.15% 오른 8,760원에 거래되고 있으며, 39(매도):61(매수)의 매수우위를 기록하고 있다. 거래대금은 11억7,392만, 거래량은 13만9,819주로 거래량회전율은 2.55%로 나타났다. 지난 1개월간 한성기업은 상한가 1회, 상승 11회, 하락 16회를 기록했고, 주가수익률은 17.11% 표준편차는 9.21%를 기록했다. 이 기간 ' 음식료품업 ' 업종 평균 주가수익률은 -7.42%로 나타났으며, 변동성은 1.19%를 기록했다. 이 시각 현재 ' 음식료품업 '은 0.01% 상승 중이며, 43(매도):57(매수)의 매수우위를 기록하고 있다."
한국경제TV,003680,/news/news_read.nhn?article_id=0000672535&office_id=215&mode=search&query=한성기업&page=1,2018-08-16 10:55,"한성기업, 전일 대비 약 -4% 하락한 7,110원","[한국경제TV 라이온봇 기자] [그림 1] 최근 3개월 간 주가 추세 및 기간별 수익률 한성기업은 8월 16일 10시 54분 전일 대비 약 -4% 하락한 7,110원에 거래되고 있다. 한성기업은 코스피 상장 기업으로 음식료품 업종에 속해 있다. 시가총액은 405억원으로 코스피 상장기업 중 741위에 위치 해 있다. [종목 성향 진단] [그림 2] 종목 성향 진단 한성기업의 투자 스타일은 가치주에 가깝다. 기업 가치 대비 낮은 주가가 매력적인 기업이다. 주가 모멘텀은 좋지 못했다. 최근 1개월 수익률은 -27.36%의 하락폭을 기록했다. 한성기업 종목에 대한 투자자의 관심도는 상대적으로 낮은 편이었다. [투자 점수 진단] [그림 3] 투자 점수 진단 한성기업은 어느 측면에서 투자 매력도가 높은 종목일까? AI 인공지능 종목 분석 시스템을 이용해 성장성, 수익성, 효율성, 안전성, 저평가성, 추세 등 주가 수익률에 영향을 줄 수 있는 6가지 핵심 투자 지표를 점수화하여 종목의 투자 매력도를 계산해보았다. 그 결과 한성기업은 상대적으로 저평가 측면에서 두각을 드러내고 있었다. 저평가 점수는 기업의 가치 대비 주가의 수준이 어느 정도인지를 나타낸다. 한성기업은 특히 PSR 측면에서 가장 높은 점수는 기록했는데, 전체 시장 내 75위를 기록하며 상위 3.95%에 위치했다. 업종별로는 6위를 기록하며 상위 5.75%에 위치했다. 그러나 재무건전성을 나타내는 재무안정성 측면에서는 아쉬운 점을 나타냈다. (위의 AI인공지능 점수는 재무 데이터를 기반으로 전체 상장 종목과 비교/분석하여 도출한 점수로 높은 점수가 반드시 높은 수익률을 보장하지 않습니다. 위의 자료는 당사의 추천 종목이 아니며, 투자 시 참고용으로 제시해드리는 것입니다. 핵심투자지표를 결합해 종목의 투자매력도를 종합 계산한 ""인공지능 투자점수""는 ""거장들의 투자공식"" 앱에서 확인하실 수 있습니다.) 라이온봇 기자 -한국경제TV※ 본 기사는 한국경제TV와 '거장들의 투자공식이'자체 개발한 '라이온봇 기자'가 실시간으로 작성한 기사입니다. 라이온봇기자"
서울경제,003680,/news/news_read.nhn?article_id=0003351172&office_id=011&mode=search&query=한성기업&page=1,2018-07-18 10:29,"&lt;유&gt;한성기업, 전일 대비 7.01% 상승.. 일일회전율은 6.54% 기록","[서울경제] 한성기업(003680) 은 18일 오전 10시 28분 현재 7.01% 오른 9,310원에 거래되고 있으며, 35(매도):65(매수)의 매수우위를 기록하고 있다. 거래대금은 32억950만, 거래량은 35만8,116주로 거래량회전율은 6.54%로 나타났다. 지난 1개월간 한성기업은 상한가 1회, 상승 12회, 하락 15회를 기록했고, 주가수익률은 27.01% 표준편차는 9.11%를 기록했다. 이 기간 ' 음식료품업 ' 업종 평균 주가수익률은 -7.11%로 나타났으며, 변동성은 1.31%를 기록했다. 이 시각 현재 ' 음식료품업 '은 0.63% 상승 중이며, 35(매도):65(매수)의 매수우위를 기록하고 있다."
스포츠경향,003680,/news/news_read.nhn?article_id=0000449720&office_id=144&mode=search&query=한성기업&page=1,2016-09-02 15:36,"검찰, 한성기업 압수수색&hellip;강만수 &lsquo; 특혜대출&rsquo; 의혹 포착","대검찰청 부패범죄특별수사단은 강만수 전 산업은행장(71)이 지인 회사에 대출 특혜를 주고 투자 압력도 행사했다는 혐의로 2일 한성기업을 압수수색하고 있다고 밝혔다. 경향신문에 따르면 특수단은 이날 오전 서울 오금동에 있는 한성기업 서울사무소에서 투자 관련 서류, 회계장부, 컴퓨터 하드디스크 등을 확보하고 있다. 임우근 한성기업 회장(68) 자택도 대상에 포함된 것으로 전해졌다. 검찰은 한성기업이 강 전 행장 재직 시절(2011년 3월~2013년 5월) 산업은행으로부터 수십억원대 특혜 대출을 받은 혐의를 포착했다. 강 전 행장은 대출심사 자료 및 조건 등을 한성기업에 유리하게 바꿔준 것으로 의심받고 있다. 또한 검찰은 2011년 8월 전남 고흥의 바이오 업체 ㄱ사에 5억원을 투자하는 과정에서 강 전 행장이 영향력을 행사했는지도 들여다보고 있다. ㄱ사 대표 김모씨(46)는 대우조선해양을 상대로 44억원대 투자사기를 한 혐의로 지난달 27일 구속됐다. 강 전 행장은 임 회장과 경남고 선후배 사이로 친분이 두터운 것으로 알려졌다. 강 전 행장이 2000년에 설립한 (사)디지털경제연구소도 한성기업 빌딩에 사무실을 뒀다. 실제 업계에서는 강 전 행장이 재임 시절 대우조선해양과 산업은행 계열사들의 명절 선물로 한성기업 제품을 구입하라는 압력을 행상했다는 진술도 나오고 있다. 앞서 검찰은 지난달 2일 대우조선해양 비리 혐의로 강 전 행장 사무실과 자택, ㄱ사 등 대우조선해양 관계사 2곳을 압수수색했다."
파이낸셜뉴스,003680,/news/news_read.nhn?article_id=0003726707&office_id=014&mode=search&query=한성기업&page=1,2016-10-27 16:53,"한성기업, 김장철 앞두고 '토굴숙성 광천 새우젓' 인기","지난 23일 방송된 먹거리X파일 '명품 '토굴 새우젓'의 실체'가 연일 화제다. 방송에 따르면 국내에 유통되는 대부분의 '광천 토굴 새우젓'은 가짜 수입산(중국산)으로 공개돼 시청자들에게 큰 충격을 줬다. 27일 한성기업에 따르면 먹거리X파일 토굴새우젓이 화제가 되며 시중 토굴 새우젓이 의심받는 가운데 한성기업의 토굴숙성 광천 새우젓이 김장철인 현재 고객들에게 인기를 얻고 있다. 한성기업의 토굴 광천 새우젓은 고객이 안전하게 믿고 구매할 수있도록 홈페이지 및 기업 블로그에 숙성과정을 인증한 사진과 특허청에서 발부한 지리적 표시 단체표장등록증을 공개했다. 등록증에 따르면 광천읍 소재의 토굴에서 발효, 숙성시킨 것에 한해 발급되는 것으로 한성기업 토굴새우젓이 올바른 토굴숙성 과정을 거친 제품이라는 것을 확인시켜주고 있다. 한성기업이 공개한 내용을 보는 소비자들의 반응 역시 '먹거리X파일 새우젓편을 보며 불안했는데 등록증을 보니 믿음이 간다' 등의 긍정적인 반응을 보였다. 한성기업 관계자는 ""이 토굴은 사철 최고의 자연숙성 젓갈을 만들어주는 섭씨 13~15도의 온도를 유지하며, 청결하게 유지된 토굴에서 숙성된 새우젓은 고유의 풍미가 더욱 깊고 맛있다""며 ""신뢰를 바탕으로 맛있고 안전한 상품을 고객에게 전달하는데 최선을 다하겠다""고 말했다. 한편 한성기업은 국내 젓갈산업의 1등 기업으로 새우젓 이외에도 명란젓갈, 창란젓갈, 오징어젓갈, 낙지젓갈, 갈치젓 등 다양한 젓갈을 판매하고 있다."
한국일보,003680,/news/news_read.nhn?article_id=0000184073&office_id=469&mode=search&query=한성기업&page=1,2017-01-18 20:04,[설 선물특집] 명절 선물 신흥강자 한성기업 캔햄 &lsquo;그릴팜&rsquo;,"캔참치와 캔햄은 남녀노소 구분 없이 모두 선호하는 전통적인 명절 선물이다. 한성기업 캠프렌즈에서 생산하는 프리미엄 캔햄 ‘그릴팜’(사진)은 캠핑장에서의 인기를 앞세워 명절 선물의 신흥 강자로 부상하고 있다. 그릴팜은 100% 국산 돼지고기 ‘한돈’을 원재료로 사용한데다 돼지고기 함량이 93.73%나 돼 식감이 좋다. 게다가 식품위해요소중점관리기준(HACCP) 환경에서 생산돼 소비자들이 믿고 먹을 수 있는 위생적인 고급 캔햄이다. 은은한 파슬리와 상큼하면서 알싸한 레몬 후추가 더해져, 두툼하게 잘라서 바로 구워 먹으면 그릴팜의 풍성한 맛과 향을 즐길 수 있다. 나들이용 도시락이나 샌드위치 등의 훌륭한 재료이며, 부대찌개와 김치찌개 등 찌개류와도 ‘찰떡궁합’이다. 부침 등 각종 요리 재료로도 손색이 없다. 실온에서 3년간 보관이 가능한데다 휴대가 편리해 야외 활동 때 더욱 진가를 발휘한다. 그릴팜은 340g과 200g 포장 제품이 대형마트 등에서 판매되고 있다. 한성기업은 정유년 설을 앞두고 합리적인 가격의 그릴팜 선물세트도 선보였다. 한성기업 공식 쇼핑몰 ‘HS마켓’을 비롯해 각종 온ㆍ오프라인 매장에서 그릴팜 선물세트를 손쉽게 구입할 수 있다."
머니투데이,003680,/news/news_read.nhn?article_id=0003544821&office_id=008&mode=search&query=한성기업&page=1,2015-09-17 03:20,"한성기업 &quot;젓갈부터 제주 특산물까지, 알찬 먹거리&quot;","[머니투데이 박진영 기자] [[고향길 정성담은 선물]한성기업 '고급 젓갈 선물세트' 등] 한성기업 추석선물세트/사진제공=한성기업 한성기업은 추석을 맞아 고급 젓갈 선물세트, 독일식 전통소세지 캠프렌즈 선물세트 등 총 65종의 다양한 제품을 출시했다. 한성기업 대표 제품인 젓갈 선물세트는 엄선한 원료를 사용, 빙온숙성 공법을 이용해 만들어진 젓갈로 구성됐다. 무농약 고춧가루, 마늘, 천일염을 사용한 프리미엄 골드명란과 진품백명란의 '프리미엄 명란 세트'(17만원), 일본풍 프리미엄 명란을 급속 동결해 신선함을 유지한 '저염명란 명품세트'(14만원), 한성기업 고유의 고추양념과 천일염으로 숙성시킨 '골드 명란·창란·오징어젓갈세트'(13만원) 등을 선보였다. 독일식 전통 소세지 캠프렌즈 선물세트는 신제품으로 구성된 양·돈장 세트를 새로 선보인다. 톡 터지는 식감이 일품인 프리미엄 소세지 '에델부어스트'와 '페퍼그릴윈너'는 베스트 육가공품 선발대회에서 각각 최우수상과 우수상을 수상했다. 캔류 선물세트는 제주도에서 자란 100% 국산 흑돼지와 국산 천일염으로 만든 '흑돈팜', '살코기 참치' 제품으로 구성됐다. 가격대는 4~7만원대다. 프리미엄 어묵인 ‘가고시마 사쯔마아게’ 선물세트와 지역 특산물 선물세트도 있다. '제주 특선 선물세트'(12만∼24만원)'는 제주도 연근해에서 갓 잡아 올린 해산물을 엄선해 위생적으로 개별 포장한 제품이며 광천 특산물인 '광천김 선물세트', 청도 특산물인 '곶감세트' 등도 선보인다. 대량 구매를 희망하는 기업 또는 개인 소비자를 위해 별도 배송팀을 운영하고 있다. 한성기업 선물세트는 한성기업 인터넷 홈페이지와 인터넷쇼핑몰(www.hsmarket.co.kr) 등에서 구매 가능하다. 국내 오픈마켓과 종합쇼핑몰에서도 찾아볼 수 있다. [박진영 기자 트위터 계정"
조세일보,003680,/news/news_read.nhn?article_id=0002156294&office_id=123&mode=search&query=한성기업&page=1,2017-03-24 17:30,"한성기업, '풍부한 토핑' 리얼피자 3종 출시","한성기업(대표 : 임우근)이 냉동 피자 시장에 출사표를 던졌다. 한성기업은 24일 히트상품 롤피자 4종의 인기에 힘입어 토핑이 살아있는 리얼 피자(콤비네이션, 불고기, 고르곤졸라) 3종을 출시했다고 밝혔다. 저온 숙성 도우와 99%의 자연치즈 그리고 풍부한 토핑으로 담백한 오븐피자의 맛을 담았다는 것이 한성기업 측의 설명이다. 한성기업 관계자는 ""간편하게 전자레인지 조리로 쉽게 즐길 수 있어 아이들 간식을 고민하는 주부 나 많은 피자 애호가들에게 큰 사랑을 받을 것으로 예상된다""며 ""제품을 접한 소비자들은 조리가 간편하고 토핑이 풍부하고 맛이 좋아 만족스럽다는 반응을 보였다""고 말했다. 신제품 3종은 한성기업 공식몰 HS마켓과 전국 대형 마트 등에서 만나볼 수 있다."
뉴시스,003680,/news/news_read.nhn?article_id=0007446895&office_id=003&mode=search&query=한성기업&page=1,2016-09-02 17:03,"검찰, 한성기업 압수수색 종료",【서울=뉴시스】김선웅 기자 = 한성기업이 강만수 전 산업은행장 지인의 업체에 일감을 몰아준 정황 및 강 전 행장 재직 시절 산업은행으로부터 특혜 대출을 받은 것과 관련해 검찰이 한성기업을 압수수색한 2일 오후 서울 송파구 한성기업 서울사무소에서 검찰 관계자들이 압수품이 담긴 상자를 옮기고 있다. 2016.09.02.
뉴시스,003680,/news/news_read.nhn?article_id=0007446902&office_id=003&mode=search&query=한성기업&page=1,2016-09-02 17:05,한성기업 압수품 옮기는 검찰 관계자들,【서울=뉴시스】김선웅 기자 = 한성기업이 강만수 전 산업은행장 지인의 업체에 일감을 몰아준 정황 및 강 전 행장 재직 시절 산업은행으로부터 특혜 대출을 받은 것과 관련해 검찰이 한성기업을 압수수색한 2일 오후 서울 송파구 한성기업 서울사무소에서 검찰 관계자들이 압수품이 담긴 상자를 옮기고 있다. 2016.09.02.
이데일리,003680,/news/news_read.nhn?article_id=0003622821&office_id=018&mode=search&query=한성기업&page=1,2016-09-02 17:37,"檢, 수십억 특혜대출 의혹&hellip;&lsquo;강만수 연루&rsquo; 한성기업 압수수색(종합)","- 산은, 한성기업 및 관계회사에 수십억 특혜대출 의혹 - 한성기업, 2011년 ‘강만수 의혹’ B사에 5억 투자 - 임우근 한성기업 대표-강 전 행장, 경남고 동문 검찰 부패범죄특별수사단이 2일 한성기업 서울사무소에 대해 압수수색을 실시했다. (사진 = 연합뉴스) [이데일리 조용석 기자] 대우조선해양 비리를 수사하는 검찰이 강만수 전 산업은행장과 연루된 한성기업에 대해 압수수색을 실시했다. 검찰 부패범죄특별수사단(단장 김기동 검사장)은 2일 오전 서울 송파구 소재 한성기업 서울사무소에 수사관을 보내 컴퓨터 하드디스크 및 회계문서 등 관련 자료를 확보하고 있다. 검찰은 강 전 행장이 산업은행장 시절(2011~2013년) 한성기업과 관계회사에 수십억원 규모의 특혜대출을 해줬다고 의심하고 있다. 강 전 행장과 임우근 한성기업 대표는 모두 경남 출신으로 경남고 선후배 사이다. 검찰 관계자는 “산업은행이 한성기업 등에 대출해 준 모든 돈을 특혜대출로 보기는 어렵다”며 “대출 결정 및 심사과정, 이율특혜 등을 종합적으로 판단해 문제가 있는 부분만 들여다보고 있다”고 말했다. 또 검찰은 한성기업이 2011년 바이오 에탄올 업체인 B사에 5억원을 투자한 배경에 대해서도 수사하고 있다. B사는 강 전 행장이 대우조선해양에 압력을 행사해 투자하도록 했다고 의심을 받는 기업이다. 검찰은 강 전 행장이 임 대표에게 B사를 투자하도록 권유한 이유가 무엇인지에 대해서 수사할 계획이다. 앞서 B사 대표 김모씨는 바이오 에탄올을 상용화할 수 있는 계획과 능력이 없으면서도 대우조선해양으로부터 44억원의 투자를 받은 혐의(사기) 등으로 지난달 27일 구속된 상태다. 또 강 전 행장이 소장으로 있는 디지털경제연구소는 한성기업 빌딩에 입주중이다. 검찰은 강 전 행장의 사무실 유지비용을 임 회장이 대준 것으로 의심하고 있다. 검찰은 조만간 임 대표를 피의자 신분으로 소환 조사할 방침인 것으로 알려졌다."
한국경제TV,003680,/news/news_read.nhn?article_id=0000662579&office_id=215&mode=search&query=한성기업&page=1,2018-07-19 09:48,"한성기업, 전일 대비 약 5% 상승한 8,530원","[한국경제TV 라이온봇 기자] [그림 1] 최근 3개월 간 주가 추세 및 기간별 수익률 한성기업은 7월 19일 9시 48분 전일 대비 약 5% 상승한 8,530원에 거래되고 있다. 한성기업은 코스피 상장 기업으로 음식료품 업종에 속해 있다. 시가총액은 443억원으로 코스피 상장기업 중 731위에 위치 해 있다. [종목 성향 진단] [그림 2] 종목 성향 진단 한성기업의 투자 스타일은 가치주에 가깝다. 기업 가치 대비 낮은 주가가 매력적인 기업이다. 주가 모멘텀은 좋은 편에 속했다. 최근 6개월 수익률은 31.62%의 상승폭을 기록했다. 최근 1개월 수익률 또한 20.17% 상승하며 좋은 모멘텀을 보이고 있다. 한성기업 종목에 대한 투자자의 관심도는 높은 편에 속한다. [투자 점수 진단] [그림 3] 투자 점수 진단 한성기업은 어느 측면에서 투자 매력도가 높은 종목일까? AI 인공지능 종목 분석 시스템을 이용해 성장성, 수익성, 효율성, 안전성, 저평가성, 추세 등 주가 수익률에 영향을 줄 수 있는 6가지 핵심 투자 지표를 점수화하여 종목의 투자 매력도를 계산해보았다. 그 결과 한성기업은 상대적으로 추세지표 측면에서 두각을 드러내고 있었다. 추세 점수는 주가의 상승 모멘텀이 어느정도 인가를 나타낸다. 한성기업은 특히 단기추세 측면에서 가장 높은 점수는 기록했는데, 전체 시장 내 114위를 기록하며 상위 5.68%에 위치했다. 업종별로는 5위를 기록하며 상위 4.26%에 위치했다. 그러나 재무건전성을 나타내는 기업안정성 측면에서는 아쉬운 점을 나타냈다. (위의 AI인공지능 점수는 재무 데이터를 기반으로 전체 상장 종목과 비교/분석하여 도출한 점수로 높은 점수가 반드시 높은 수익률을 보장하지 않습니다. 위의 자료는 당사의 추천 종목이 아니며, 투자 시 참고용으로 제시해드리는 것입니다. 핵심투자지표를 결합해 종목의 투자매력도를 종합 계산한 ""인공지능 투자점수""는 ""거장들의 투자공식"" 앱에서 확인하실 수 있습니다.) 라이온봇 기자 -한국경제TV※ 본 기사는 한국경제TV와 '거장들의 투자공식이'자체 개발한 '라이온봇 기자'가 실시간으로 작성한 기사입니다. 라이온봇기자 ⓒ 한국경제TV, 무단 전재 및 재배포 금지 한국경제TV 관련뉴스해당 언론사에서 선정하며 언론사 페이지(아웃링크)로 이동해 볼 수 있습니다.'공공의 적' 메릴린치…0.5%에도 내다파는 초단타국민연금發 배당 확대…에너지株·지주사 '1순위''형편없는' 퇴직연금 수익률…'이것' 바꾸면 5배 뛴다어? 카카오가 아니네…""블록체인 내세운 피싱 사이트""어린이집 등원하다 또…'7시간 방치' 4세 여아 숨져"
전자신문,003680,/news/news_read.nhn?article_id=0002724536&office_id=030&mode=search&query=한성기업&page=1,2018-07-17 09:11,[ET투자뉴스]한성기업_외국인과 기관 동반 매도세 현재 -4.03%,"기관과 외국인 투자자의 동반 순매도에 힘입어 주가가 계속 밀리고 있다. 어제까지 2일 연속 동시 순매도를 기록한 한성기업은 오늘도 370원(4.03%) 내린 8,820원을 기록하며 약세를 면치 못하고 있다.    [주가/수급동향]     7월13일부터 전일까지 기관과 외국인은 2거래일연속 동반 순매도했다. 최근 한달간 한성기업의 매매회전율을 분석한 결과 10일에 1번 꼴로 주식의 주인이 바뀐 것으로 나타났다.  이와 같이 회전율이 너무 높은 종목들은 투자시 주의가 필요하다.  동종목의 경우도 일평균 주가변동률이 10.38%로 장중 주가등락이 상담히 심하다는 것을 알 수 있다.  그리고 최근 5일간 거래비중은 개인이 전체 거래량의 98.18%를 차지하며 가장 활발한 참여를 보였고, 외국인은 1.79%, 기관은 0.02%의 거래 참여율을 보였다.     [업종내 종목흐름]     이 시각 현재 관련종목들은 상승이 우세하지만 음식료품업종은    0.14% 하락중이다. 고려산업 2,910원▲25(+0.87%) 사조해표 13,650원▲150(+1.11%)  서울식품 234원▲1(+0.43%) MH에탄올 5,520원0 (0.00%)    [재무특징]     영업이익률 현재 2.08%로 업종평균 수준.PER은 21.11로 업종평균보다 높으며, PBR은 0.98로 다소 낮은편."
머니투데이,003680,/news/news_read.nhn?article_id=0003918825&office_id=008&mode=search&query=한성기업&page=1,2017-08-11 17:52,"한성기업, 55억 규모 전환사채 발행 결정",[머니투데이 강기준 기자] 한성기업은 운영자금 마련을 위해 55억원 규모의 무기명식 이권부 무보증 사모 전환사채 발행을 결정했다고 11일 공시했다.
아시아경제,003680,/news/news_read.nhn?article_id=0003732114&office_id=277&mode=search&query=한성기업&page=1,2016-04-21 10:49,"한성기업, '맛&middot;향&middot;식감' 잡은 신제품 '그릴 4종' 출시","불에 직접 구운 은은한 그릴풍미 일품 [아시아경제 이주현 기자]한성기업은 불에 직접 구운 은은한 그릴풍미가 일품인 냉동 가공식품 4종 ‘그릴스시’, ‘그릴불고기’, ‘그릴떡갈비’, ‘남도별미육전’을 출시했다고 21일 밝혔다. 신제품 4종은 간편함과 품질, 맛을 동시에 충족시킬 수 있는 프리미엄 가정간편식으로 한성기업에서 자체 개발한 듀얼그릴마킹과 다이싱가공법을 사용해 고기 육질이 살아있는 식감과 천연 그릴의 풍미가 잘 살아있어 많은 사랑을 받을 것으로 보인다. 특히 다이싱 공법을 활용해 갈지 않고 깍둑썰기 형식의 육원료를 사용, 유사제품들이 가지고 있는 갈은 고기 식감의 한계점을 극복하고 육질이 살아있는 것이 큰 장점이다. 그릴스시와 그릴불고기는 고기초밥, 덮밥, 반찬 활용 등 요리의 활용도가 높은 제품이다. 국내 생산되는 육가공 냉동식품 중 가장 얇은 두께(3.5mm)로 돼지고기를 저며 불에 구운 제품으로 돼지고기 함량이 80% 수준으로 돼지고기 본연의 풍부한 맛과 풍미를 느낄 수 있다. 그릴떡갈비는 언제 어디서나 손쉽게 맛있는 떡갈비를 즐길 수 있게 만든 제품이다. 돼지고기의 갈비살을 두툼하게 빚어 불에 구운 제품으로 돼지고기의 풍부한 육즙과 쫄깃한 식감이 일품이며 후라이팬에 기름을 두르고 약불에서 3~4분만에 구워 먹을 수 있다. 남도별미육전은 얇게 저민 돼지고기에 고소한 달걀 옷을 입혀 고소한 맛과 부드러운 식감이 일품이다. 육전이라는 전통음식을 남녀노소 누구나 간편하게 즐길 수 있게 만들어졌으며 각종 유통점에서 찾아볼 수 있다."
한국경제TV,003680,/news/news_read.nhn?article_id=0000661846&office_id=215&mode=search&query=한성기업&page=1,2018-07-17 09:51,"한성기업, 전일 대비 약 -5% 하락한 8,720원","[한국경제TV 라이온봇 기자] [그림 1] 최근 3개월 간 주가 추세 및 기간별 수익률 한성기업은 7월 17일 9시 50분 전일 대비 약 -5% 하락한 8,720원에 거래되고 있다. 한성기업은 코스피 상장 기업으로 음식료품 업종에 속해 있다. 시가총액은 503억원으로 코스피 상장기업 중 720위에 위치 해 있다. [종목 성향 진단] [그림 2] 종목 성향 진단 한성기업의 투자 스타일은 가치주에 가깝다. 기업 가치 대비 낮은 주가가 매력적인 기업이다. 주가 모멘텀은 좋은 편에 속했다. 최근 6개월 수익률은 38.82%의 상승폭을 기록했다. 최근 1개월 수익률 또한 26.93% 상승하며 좋은 모멘텀을 보이고 있다. 한성기업 종목에 대한 투자자의 관심도는 높은 편에 속한다. [투자 점수 진단] [그림 3] 투자 점수 진단 한성기업은 어느 측면에서 투자 매력도가 높은 종목일까? AI 인공지능 종목 분석 시스템을 이용해 성장성, 수익성, 효율성, 안전성, 저평가성, 추세 등 주가 수익률에 영향을 줄 수 있는 6가지 핵심 투자 지표를 점수화하여 종목의 투자 매력도를 계산해보았다. 그 결과 한성기업은 상대적으로 추세지표 측면에서 두각을 드러내고 있었다. 추세 점수는 주가의 상승 모멘텀이 어느정도 인가를 나타낸다. 한성기업은 특히 단기추세 측면에서 가장 높은 점수는 기록했는데, 전체 시장 내 28위를 기록하며 상위 1.35%에 위치했다. 업종별로는 2위를 기록하며 상위 1.06%에 위치했다. 그러나 재무건전성을 나타내는 기업안정성 측면에서는 아쉬운 점을 나타냈다. (위의 AI인공지능 점수는 재무 데이터를 기반으로 전체 상장 종목과 비교/분석하여 도출한 점수로 높은 점수가 반드시 높은 수익률을 보장하지 않습니다. 위의 자료는 당사의 추천 종목이 아니며, 투자 시 참고용으로 제시해드리는 것입니다. 핵심투자지표를 결합해 종목의 투자매력도를 종합 계산한 ""인공지능 투자점수""는 ""거장들의 투자공식"" 앱에서 확인하실 수 있습니다.) 라이온봇 기자 -한국경제TV※ 본 기사는 한국경제TV와 '거장들의 투자공식이'자체 개발한 '라이온봇 기자'가 실시간으로 작성한 기사입니다. 라이온봇기자 ⓒ 한국경제TV, 무단 전재 및 재배포 금지 한국경제TV 관련뉴스해당 언론사에서 선정하며 언론사 페이지(아웃링크)로 이동해 볼 수 있습니다.韓 홀로 증세…""부동산발 잃어버린 20년 온다""삼성, ""1위 화웨이 잡는다""…5G 수주 '절치부심'車·조선 노조, 회사 적자에도 파업 강행불과 3년 만에 '억' 소리나게 팔린 한끼아시아나항공, SK그룹이 인수?…주가 급등"
경향신문,003680,/news/news_read.nhn?article_id=0002820453&office_id=032&mode=search&query=한성기업&page=1,2017-09-21 20:40,"한성기업, 맥주에 안주까지 &lsquo;간편하게 크맥&rsquo;","한성기업(주)은 올 추석 가족들과 함께 맥주 한잔하며 즐기기에 안성맞춤인 크맥컵 3종을 출시했다. 한성기업은 크래미와 맥주의 환상적인 궁합을 뜻하는 ‘크맥’을 2017년 키워드로 선정하고 각종 프로모션을 통해 고객과 만나고 있다. 한성기업은 소비자 조사를 통해 ‘크래미’가 오랜 기간 맥주 안주로 많은 사랑을 받아온 사실을 확인하고 ‘크맥’을 활용해 새로운 맥주 안주 문화를 만들어 가고 있는 것이다. 한성기업은 소비자들이 편의점이나 야외에서 좀 더 ‘크맥’을 쉽게 접하고 즐길 수 있도록 올해 여름을 시작으로 크맥컵 3종을 순차적으로 출시했다. 크맥컵은 컵 모양의 용기에 튜나, 치즈 그리고 카나페 3종의 크래미 제품이 들어 있다. 내용물은 안주로 즐기고 용기는 간편하게 맥주 컵으로 사용하는 제품이다. 하지만 맥주를 즐기기 어려운 아이들이나 청소년들도 맛있게 즐기기에 충분한 웰메이드 제품이다. 신제품 크맥컵 3종은 각각 화이트 치즈가 듬뿍 들어간 크맥컵 치즈, 그리고 살코기 참치가 들어간 튜나, 담백한 크래미 스프레드를 크래커 위에 올려서 즐기는 크맥컵 카나페로 구성돼 있으며 전국의 편의점에서 쉽게 찾아 볼 수 있다. 크맥컵 카나페는 일정 기간 코리아 세븐과 독점으로 진행돼 전국의 세븐일레븐 편의점을 통해 공격적인 마케팅을 진행 중이다. 특히 크맥컵 카나페는 크래미 스프레드 소스와 크래커의 궁합은 소비자들 사이에서 이미 그 맛을 인정받아 출시 후 소비자들의 사랑을 듬뿍 받고 있다."
이데일리,003680,/news/news_read.nhn?article_id=0003781026&office_id=018&mode=search&query=한성기업&page=1,2017-03-24 15:02,"한성기업, 박일경 대표 사임..임우근 1인 대표 체제로",[이데일리 성문재 기자] 한성기업(003680)은 박일경 대표이사가 사임했다고 24일 공시했다. 이로써 임우근 1인 대표이사 체제로 변경됐다. 임우근 대표는 한성기업 최대주주다.
조세일보,003680,/news/news_read.nhn?article_id=0002168579&office_id=123&mode=search&query=한성기업&page=1,2017-08-31 11:19,"한성기업, &quot;'크맥(크래미+맥주)'을 간편하게 즐기자&quot;","한성기업㈜은 크래미와 맥주는 환상의 궁합이라는 의미를가진 '크맥'을 키워드로 선정하고 sns 및 오프라인 프로모션을 통해 고객과의 소통을 진행하고 있다고 31일 전했다. 한성기업은 작년 말부터 소비자들이 편의점이나 야외에서 크맥을 쉽게 접하고 즐길 수 있는 방법을 고민했으며, 올해 여름을 시작으로 크맥컵3종을 순차적으로 출시하고 있다고 밝혔다. 크맥컵은 컵 모양의 용기에 튜나. 치즈 그리고 카나페 3종의 크래미 제품이 들어 있으며, 내용물은 안주로 즐기고 용기는 간편하게 맥주 컵으로 사용 하는 제품이다. 신제품 크맥컵3종은 각각 화이트 치즈가 듬뿍 들어간 크맥컵 치즈 그리고 살코기 참치가 들어간 튜나, 담백한 크래미 스프레드를 크래커 위에 올려서 즐기는 크맥컵 카나페로 구성됐다. 아울러 내달 1일 출시되는 크맥컵 카나페는 일정기간 코리아 세븐과 독점으로 진행되어 전국의 세븐일레븐 편의점을 통해 공격적인 마케팅에 나선다. 특히 크맥컵 카나페는 이미 MD들 사이에서는 그 맛을 인정받아 출시 후 소비자들의 사랑을 듬뿍 받을 것으로 한성기업은 기대했다. 한성기업은 인스타그램을 통해 8월말까지 '크맥하고 크맥박스받자!' 이벤트를 진행했다며 앞으로도 크맥을 활용한 많은 이벤트를 기획하고 지속적인 크래미를 활용한 안주 및 간식 레시피 개발을 통해 고객과의 소통을 이어갈 계획이라고 밝혔다."
한국경제,003680,/news/news_read.nhn?article_id=0003724314&office_id=015&mode=search&query=한성기업&page=1,2017-02-07 16:06,"[똑똑한 소비] 한성기업, &quot;캬~ 맥주와 찰떡궁합 크래미&quot;&hellip;혼술족 겨냥 '크맥' ...","[ 이수빈 기자  ] 한성기업은 2001년 크래미를 출시하면서 고급맛살 시장을 개척했다. 올해 이 회사는 ‘크맥(크래미+맥주)’이라는 키워드를 내세워 마케팅을 펼친다. 크맥이라는 말을 이미 특허 출원했다. 한성기업은 크래미와 맥주의 궁합을 강조했다. 대게 다리살의 맛과 식감을 잘 표현한 크래미가 시원한 맥주와 잘 어울린다는 것. 회사 관계자는 “짭조름한 맛이 맥주 안주로 제격”이라며 “소셜네트워크서비스(SNS)에도 소비자들이 맥주와 함께 크래미를 즐기는 사진이 자주 올라온다”고 말했다. 특히 크래미는 편의점에서 매년 매출이 증가하고 있다고 회사 측은 설명했다. ‘혼술’ 트렌드가 퍼지면서 간편하게 즐길 수 있는 안줏거리 수요가 높아졌다고 분석했다. 한성기업은 올해 크맥을 중심으로 각종 이벤트를 계획하고 있다. 자체 SNS 채널을 통해 맥주 및 주류 안주로 활용할 수 있는 크래미 레시피를 지속적으로 개발해 알릴 예정이다. TV와 라디오, 온라인 매체를 통해 관련 콘텐츠도 지속적으로 선보여 다각화된 크맥 문화를 조성할 방침이다. 최근엔 크래미 요리법을 책으로도 출판해 홍보하고 있다. 한성기업은 크래미를 앞세워 해외 진출에도 나섰다. 해외 거주 한국인뿐 아니라 현지인 입맛도 사로잡기 위해 식품 박람회에 참가해 크래미를 홍보했다. 그 결과 크래미를 미국 중국 대만 호주 등 8개국에 공식적으로 수출하게 됐다. 2017년엔 중국 내 식품 박람회에 참여해 크래미를 알릴 계획이다. 올해 중국 시장에서 매출이 크게 증가할 것으로 기대하고 있다. 중국의 랴오닝성 및 산둥성 지역을 중심으로 중국 내 17개성에 크래미를 수출하고 있다. 크래미는 이미 고급 맛살의 대명사가 됐다고 회사 측은 설명했다. 초코파이, 빼빼로, 활명수, 대일밴드 등 제품명을 대명사처럼 사용하는 현상이 크래미에서도 나타난다는 얘기다. 상당수 소비자가 크래미와 비슷한 경쟁사 제품도 모두 크래미로 부르고 있다. 시장 지배력을 유지하기 위해 크래미 제품을 확장해 크래미 치즈볼, 크래미 바이트, 크래미 스프레드 등 제품도 내놨다. 앞으로도 신제품을 지속적으로 개발할 계획이다."
파이낸셜뉴스,003680,/news/news_read.nhn?article_id=0004056971&office_id=014&mode=search&query=한성기업&page=1,2018-07-12 15:33,"[fnRASSI]한성기업,제일제강 등 14종목 52주 신고가 경신","12일 한성기업(003680), 제일제강(023440), 코스모신소재(005070), 일진머티리얼즈(020150), 더존비즈온(012510), 롯데푸드(002270)등이 장중 52주 신고가를 경신했다. 특히 한성기업은 전 거래일 대비 29.7% 오른 10,050원에 거래를 마감하며 높은 관심을 받았다. 이외에 청보산업은 4450원까지 올라 신고가를 경신했으나, 전일보다 오히려 하락한 3,895원에 거래를 마감했다. 'fnRASSI'는 증권전문 기업 씽크풀과 파이낸셜뉴스의 협업으로 로봇기자가 실시간으로 생산하는 기사입니다."
한국일보,003680,/news/news_read.nhn?article_id=0000161259&office_id=469&mode=search&query=한성기업&page=1,2016-09-01 20:04,[추석선물] 선물세트에 행복 담은 한성기업,"프리미엄 캔햄 그릴팜으로 구성된 한성기업 선물세트. 한성기업은 추석을 맞아 고급 젓갈과 독일식 전통 소시지 캠프렌즈 등을 담은 실속있고 맛있는 추석선물세트로 고객을 맞는다. 대표 제품인 젓갈세트는 좋은 원료에 한성기업만의 노하우인 ‘빙온숙성 기법’이 더해져 정갈하고 고급스러운 맛이 일품이다. 진품명란세트, 프리미엄 골드명란, 순명란세트 등 프리미엄 세트와 함께 명란ㆍ창란ㆍ오징어 젓갈세트 등 오랜 기간 사랑 받은 한성젓갈세트가 고객을 기다리고 있다. 캠프렌즈 선물세트는 돈육 함량을 크게 높여 식감이 뛰어난 프리미엄 소시지로 채워졌다. 담백한 맛이 자랑인 캠프렌즈의 프리미엄 캔햄 그릴팜 선물세트는 더욱 다양하고 알찬 세트로 거듭났다. 지역의 맛을 제대로 살린 ‘제주 특선 선물세트’ ‘광천김 선물세트’ ‘청도 곶감세트’ 같은 특산물 세트도 눈길을 끈다. 식감이 뛰어난 프리미엄 어묵 ‘가고시마 사쯔마아게’ 선물세트도 갈수록 사랑을 받고 있다. 한성기업은 공식 온라인몰 HS마켓("
서울경제,003680,/news/news_read.nhn?article_id=0003346733&office_id=011&mode=search&query=한성기업&page=1,2018-07-12 14:23,"&lt;유&gt;한성기업, 상한가 진입.. +29.68% &uarr;","[서울경제] 오후 2시 22분 현재 한성기업(003680) 이 +29.68% 오른 10,050원(▲2,300)으로 장중 상한가에 진입했다. 거래대금은 165억371만, 거래량은 180만319주를 기록하고 있으며, 수급측면으로는 41(매도):59(매수)의 매수우위를 보이고 있다. 한성기업은 전일 하락(7,750원, ▼-650, -7.74%) 마감했으나, 이 시각 현재 장중 상한가를 기록하며 강세를 보이고 있다. 지난 1개월간 한성기업은 상승 12회, 하락 16회를 기록했고, 주가수익률은 34.00%였다. 이 기간 ' 음식료품업 ' 업종 평균 주가수익률은 2.30%를 기록했다. 현재 ' 음식료품업 ' 총 48개 종목 중 상승 종목은 29개로, 일부 종목만이 상승세를 보이고 있다. ( 롯데푸드(002270) +5.46%, 오리온(271560) +3.45%, CJ씨푸드(011150) +3.02%)"
파이낸셜뉴스,003680,/news/news_read.nhn?article_id=0003637357&office_id=014&mode=search&query=한성기업&page=1,2016-04-20 13:51,"한성기업, 맛&middot;향&middot;식감 '3대 만족' 신제품 그릴 4종 출시","한성기업의 냉동 가공식품 4종. ‘그릴떡갈비’, ‘그릴스시’, ‘그릴불고기’, ‘남도별미육전’(왼쪽부터 시계방향으로)


 한성기업㈜은 프리미엄 가정간편식인 냉동 가공식품 4종 ‘그릴스시’, ‘그릴불고기’, ‘그릴떡갈비’, ‘남도별미육전’을 출시했다고 20일 밝혔다. 불에 직접 구워 은은한 그릴풍미를 느끼게 하는 신제품4종은 간편함과 품질,맛을 동시에 충족시킬 수 있다고 한성기업 측은 전했다. 한성기업 관계자는 ""본사가 자체 개발한 듀얼그릴마킹과 다이싱가공법을 사용했기 때문에 고기 육질의 살아있는 식감과 천연 그릴의 풍미가 잘 살아있어 많은 사랑을 받을 것으로 보인다""고 말했다. 특히 갈지 않고 깍뚝 썰기 형식의육원료를 사용, 유사제품들이 가지고있는 갈은 고기 식감의 한계점을 극복하고 육질이 살아있는 것이 큰 장점이다. ‘그릴스시’와 ‘그릴불고기’는 고기초밥, 덮밥, 반찬 활용 등 요리의 활용도가 높은 제품이다. 국내에서 생산되는 육가공 냉동식품 중 가장 얇은 두께(3.5mm)로 돼지고기를 저며 불에 구운 제품으로, 돼지고기 함량이 80% 수준에 이른다. ‘그릴떡갈비’는 언제 어디서나 손쉽게 맛있는 떡갈비를 즐길 수 있게 만든 제품이다. 돼지고기의 갈비살을 두툼하게 빚어 불에 구웠기 때문에 돼지고기의 풍부한 육즙과 쫄깃한 식감이 일품이며, 후라이팬에 기름을 두른 뒤 약불에서 3~4분만에 구워 먹을 수 있다. ‘남도별미육전’은 얇게 저민 돼지고기에 고소한 달걀 옷을 입혀 고소한 맛과 부드러운 식감이 탁월하다. 육전이라는 전통음식을 남녀노소 누구나 간편하게 즐길 수 있게 만들어졌으며, 각종 유통점에서 쉽게 찾아볼 수 있다."
파이낸셜뉴스,003680,/news/news_read.nhn?article_id=0003829315&office_id=014&mode=search&query=한성기업&page=1,2017-06-14 17:22,한성기업 고급맛살 '크래미' 中 진출,亞 최대 식품 박람회 참여.. 오픈마켓 '티몰' 입점 예정
한국경제TV,003680,/news/news_read.nhn?article_id=0000659685&office_id=215&mode=search&query=한성기업&page=1,2018-07-11 09:48,"한성기업, 전일 대비 약 -5% 하락한 8,020원","[한국경제TV 라이온봇 기자] [그림 1] 최근 3개월 간 주가 추세 및 기간별 수익률 한성기업은 7월 11일 9시 48분 전일 대비 약 -5% 하락한 8,020원에 거래되고 있다. 한성기업은 코스피 상장 기업으로 음식료품 업종에 속해 있다. 시가총액은 460억원으로 코스피 상장기업 중 723위에 위치 해 있다. [종목 성향 진단] [그림 2] 종목 성향 진단 한성기업의 투자 스타일은 가치주에 가깝다. 기업 가치 대비 낮은 주가가 매력적인 기업이다. 주가 모멘텀은 좋은 편에 속했다. 최근 6개월 수익률은 27.66%의 상승폭을 기록했다. 최근 1개월 수익률 또한 12% 상승하며 좋은 모멘텀을 보이고 있다. 한성기업 종목에 대한 투자자의 관심도는 높은 편에 속한다. [투자 점수 진단] [그림 3] 투자 점수 진단 한성기업은 어느 측면에서 투자 매력도가 높은 종목일까? AI 인공지능 종목 분석 시스템을 이용해 성장성, 수익성, 효율성, 안전성, 저평가성, 추세 등 주가 수익률에 영향을 줄 수 있는 6가지 핵심 투자 지표를 점수화하여 종목의 투자 매력도를 계산해보았다. 그 결과 한성기업은 상대적으로 추세지표 측면에서 두각을 드러내고 있었다. 추세 점수는 주가의 상승 모멘텀이 어느정도 인가를 나타낸다. 한성기업은 특히 1주전대비수익률 측면에서 가장 높은 점수는 기록했는데, 전체 시장 내 24위를 기록하며 상위 1.15%에 위치했다. 업종별로는 4위를 기록하며 상위 3.16%에 위치했다. 그러나 재무건전성을 나타내는 기업안정성 측면에서는 아쉬운 점을 나타냈다. (위의 AI인공지능 점수는 재무 데이터를 기반으로 전체 상장 종목과 비교/분석하여 도출한 점수로 높은 점수가 반드시 높은 수익률을 보장하지 않습니다. 위의 자료는 당사의 추천 종목이 아니며, 투자 시 참고용으로 제시해드리는 것입니다. 핵심투자지표를 결합해 종목의 투자매력도를 종합 계산한 ""인공지능 투자점수""는 ""거장들의 투자공식"" 앱에서 확인하실 수 있습니다.) 라이온봇 기자 -한국경제TV※ 본 기사는 한국경제TV와 '거장들의 투자공식이'자체 개발한 '라이온봇 기자'가 실시간으로 작성한 기사입니다. 라이온봇기자 ⓒ 한국경제TV, 무단 전재 및 재배포 금지 한국경제TV 관련뉴스해당 언론사에서 선정하며 언론사 페이지(아웃링크)로 이동해 볼 수 있습니다.대한항공, 진짜 위기 덮친다...2분기 실적전망 '충격적'90도 숙인 이재용...文 대통령의 한마디 ""한국에도...""최지우 남편, 베일 벗었다…'훈남에 생활앱 대표'장하준 교수 ""韓 주식시장은 자동인출기""…해법 있다1만 원에 놀란 가슴…영세 자영업자 '절규'"
파이낸셜뉴스,003680,/news/news_read.nhn?article_id=0003637077&office_id=014&mode=search&query=한성기업&page=1,2016-04-20 07:01,"한성기업, 크래미스프레드 오리지널 출시","있는 그대로 빵이나 크래커에 바르기만 해도 브런치 메뉴로 활용 가능한 크래미 제품이 출시됐다. 20일 업계에 따르면 한성기업은 먹기 간편한 스프레드 형태의 '크래미스프레드 오리지널'을 선보였다. 크래미스프레드 오리지널은 한 올 한 올 잘게 찢은 크래미에어니언&피클소스로 맛을 내, 느끼하지 않고 담백한 맛을 내고 있다. 또한 아몬드를 첨가해 풍부한 식감을 느낄 수 있으며, 간편한 소포장 용기에 포크가 함께 담겨있어 야외에서도 간단히 활용할 수 있다는 점이 큰 특징이다. 특히 한성기업은 제품패키지 안쪽 면에 소비자들이 '크래미스프레드 오리지널'을 다양하게 활용할 수 있도록 샌드위치,까나페,김밥,샐러드 등 스프레드 활용 레시피를 알려주고 있다."
서울신문,003680,/news/news_read.nhn?article_id=0002873535&office_id=081&mode=search&query=한성기업&page=1,2017-11-30 03:39,"[업계소식] 한성기업, 유엔군 전몰장병 추모 음악회","[서울신문] 제11회 ‘유엔참전용사 추모 평화음악회’가 지난 12일 롯데콘서트홀에서 열렸다. 지난 3일 방한한 프랑스 참전용사와 관계자들이 한성기업이 마련한 만찬회를 한 뒤 기념촬영을 하고 있다. 이날 행사에는 한·터키 수교 60주년을 맞아 방한한 터키 전몰장병 유가족과 전후 복구 지원국인 독일 의료지원단 및 가족, 유엔참전용사·가족, 주한 외교사절 등 2000여명이 참석했다. 국가보훈처와 호국문화진흥위원회가 공동으로 주최한 이 음악회는 6·25전쟁 당시 생명을 바친 유엔군 전몰장병을 추모하는 행사로 올해 10회째를 맞았다. MobileAdNew center 이날 행사에서 임우근 호국문화진흥위원회 이사장(한성기업 회장)은 “지금의 우리는 호국선열의 희생이 있었기에 가능한 것”이라며 “감사의 마음으로 지금과 같은 활동을 이어갈 것”이라고 말했다."
한국경제TV,003680,/news/news_read.nhn?article_id=0000660393&office_id=215&mode=search&query=한성기업&page=1,2018-07-12 14:59,"한성기업, 27% 급등... 전일 보다 2,090원 상승한 9,840원","[한국경제TV 라이온봇 기자] [그림 1] 최근 3개월 간 주가 추세 및 기간별 수익률 한성기업은 7월 12일 14시 58분 전일 대비 약 27% 급등한 9,840원에 거래되고 있다. 한성기업은 코스피 상장 기업으로 음식료품 업종에 속해 있다. 시가총액은 424억원으로 코스피 상장기업 중 733위에 위치 해 있다. [종목 성향 진단] [그림 2] 종목 성향 진단 한성기업의 투자 스타일은 가치주에 가깝다. 기업 가치 대비 낮은 주가가 매력적인 기업이다. 주가 모멘텀은 평범한 수준이었다. 최근 1개월 수익률이 3.33%, 3개월 수익률은 14.48%, 6개월 수익률은 17.25%를 기록했다. 한성기업 종목에 대한 투자자의 관심도는 높은 편에 속한다. [투자 점수 진단] [그림 3] 투자 점수 진단 한성기업은 어느 측면에서 투자 매력도가 높은 종목일까? AI 인공지능 종목 분석 시스템을 이용해 성장성, 수익성, 효율성, 안전성, 저평가성, 추세 등 주가 수익률에 영향을 줄 수 있는 6가지 핵심 투자 지표를 점수화하여 종목의 투자 매력도를 계산해보았다. 그 결과 한성기업은 상대적으로 추세지표 측면에서 두각을 드러내고 있었다. 추세 점수는 주가의 상승 모멘텀이 어느정도 인가를 나타낸다. 한성기업은 특히 1주전대비수익률 측면에서 가장 높은 점수는 기록했는데, 전체 시장 내 89위를 기록하며 상위 4.41%에 위치했다. 업종별로는 7위를 기록하며 상위 6.32%에 위치했다. 그러나 재무건전성을 나타내는 기업안정성 측면에서는 아쉬운 점을 나타냈다. (위의 AI인공지능 점수는 재무 데이터를 기반으로 전체 상장 종목과 비교/분석하여 도출한 점수로 높은 점수가 반드시 높은 수익률을 보장하지 않습니다. 위의 자료는 당사의 추천 종목이 아니며, 투자 시 참고용으로 제시해드리는 것입니다. 핵심투자지표를 결합해 종목의 투자매력도를 종합 계산한 ""인공지능 투자점수""는 ""거장들의 투자공식"" 앱에서 확인하실 수 있습니다.) 라이온봇 기자 -한국경제TV※ 본 기사는 한국경제TV와 '거장들의 투자공식이'자체 개발한 '라이온봇 기자'가 실시간으로 작성한 기사입니다. 라이온봇기자 ⓒ 한국경제TV, 무단 전재 및 재배포 금지 한국경제TV 관련뉴스해당 언론사에서 선정하며 언론사 페이지(아웃링크)로 이동해 볼 수 있습니다.무역전쟁에 줄줄이 마이너스...혼자 웃는 펀드 있다'88올림픽 때 탄생한 '이 과자'…17억 봉지 팔렸다외국계 증권사 ""무역전쟁 반사이익 보는 한국기업 있다""美에서 임상 3상...10조원 블록버스터 신약 나온다내 잘못 없어도 6:4...억울한 쌍방과실 줄인다"
파이낸셜뉴스,003680,/news/news_read.nhn?article_id=0004020362&office_id=014&mode=search&query=한성기업&page=1,2018-05-14 11:23,"[fnRASSI]한성기업, 2.16% 오르며 거래량 증가","한성기업(003680)의 현재 거래량이 최근 5거래일 거래량의 최고치를 경신했다. 그리고 한성기업은 3일 연속 상승흐름을 보이며, 11시 15분 현재 2.16% 증가한 7,560원에 거래중이다. 기관투자자 연속 0일 순매도 최근 5일간 동종목의 외국인 투자자는 0주 순매수하였고 마찬가지로 기관은 1,220주 순매수하였다. 전날 기관은 1,220주 순매수했지만 외국인은 순매수량이 0으로 보유비율 그대로 유지했다. 다음 표는 동종목의 외국인, 기관의 일별 순매수량을 나타낸 것이다. 퀀트 재무분석, 종합점수 29점으로 상승                    지표               항목               값               종합점수                 성장성               매출액증가율               0.01               5.64                 자기자본증가율               0.02                 안정성               부채비율               324.04               4.72                 유동비율               90.26                 이익안정성               9.44                 수익성               ROA               1.11               4.01                 ROE               4.72                 영업이익율               2.07          한성기업의 퀀트 재무 점수는 14.37점으로 3개월 이전 14.15점보다 올랐다. 지난 분기에 비해 성장성 점수가 하락했다. 이는 매출액 증가율이 감소하였기 때문이다. 실적 안정성이 개선되어 안정성 종합 점수는 상승했다. 수익성 측면에서 볼때 ROA, ROE가 개선되어 이전보다 좋은 점수를 받았다. 'fnRASSI'는 증권전문 기업 씽크풀과 파이낸셜뉴스의 협업으로 로봇기자가 실시간으로 생산하는 기사입니다."
뉴시스,003680,/news/news_read.nhn?article_id=0007446904&office_id=003&mode=search&query=한성기업&page=1,2016-09-02 17:05,한성기업 압수품 옮기는 검찰 관계자,【서울=뉴시스】김선웅 기자 = 한성기업이 강만수 전 산업은행장 지인의 업체에 일감을 몰아준 정황 및 강 전 행장 재직 시절 산업은행으로부터 특혜 대출을 받은 것과 관련해 검찰이 한성기업을 압수수색한 2일 오후 서울 송파구 한성기업 서울사무소에서 검찰 관계자들이 압수품이 담긴 상자를 옮기고 있다. 2016.09.02.
한국경제TV,003680,/news/news_read.nhn?article_id=0000660391&office_id=215&mode=search&query=한성기업&page=1,2018-07-12 14:55,"한성기업, 52주 신고가 경신... 전일 대비 28% 상승","[한국경제TV 라이온봇 기자] [그림 1] 최근 3개월 간 주가 추세 및 기간별 수익률 한성기업은 52주 신고가를 경신했다. 한성기업은 7월 12일 14시 54분 전일 대비 약 28% 상승한 9,950원에 거래되고 있다. 한성기업은 코스피 상장 기업으로 음식료품 업종에 속해 있다. 시가총액은 424억원으로 코스피 상장기업 중 733위에 위치 해 있다. [종목 성향 진단] [그림 2] 종목 성향 진단 한성기업의 투자 스타일은 가치주에 가깝다. 기업 가치 대비 낮은 주가가 매력적인 기업이다. 주가 모멘텀은 평범한 수준이었다. 최근 1개월 수익률이 3.33%, 3개월 수익률은 14.48%, 6개월 수익률은 17.25%를 기록했다. 한성기업 종목에 대한 투자자의 관심도는 높은 편에 속한다. [투자 점수 진단] [그림 3] 투자 점수 진단 한성기업은 어느 측면에서 투자 매력도가 높은 종목일까? AI 인공지능 종목 분석 시스템을 이용해 성장성, 수익성, 효율성, 안전성, 저평가성, 추세 등 주가 수익률에 영향을 줄 수 있는 6가지 핵심 투자 지표를 점수화하여 종목의 투자 매력도를 계산해보았다. 그 결과 한성기업은 상대적으로 추세지표 측면에서 두각을 드러내고 있었다. 추세 점수는 주가의 상승 모멘텀이 어느정도 인가를 나타낸다. 한성기업은 특히 1주전대비수익률 측면에서 가장 높은 점수는 기록했는데, 전체 시장 내 89위를 기록하며 상위 4.41%에 위치했다. 업종별로는 7위를 기록하며 상위 6.32%에 위치했다. 그러나 재무건전성을 나타내는 기업안정성 측면에서는 아쉬운 점을 나타냈다. (위의 AI인공지능 점수는 재무 데이터를 기반으로 전체 상장 종목과 비교/분석하여 도출한 점수로 높은 점수가 반드시 높은 수익률을 보장하지 않습니다. 위의 자료는 당사의 추천 종목이 아니며, 투자 시 참고용으로 제시해드리는 것입니다. 핵심투자지표를 결합해 종목의 투자매력도를 종합 계산한 ""인공지능 투자점수""는 ""거장들의 투자공식"" 앱에서 확인하실 수 있습니다.) 라이온봇 기자 -한국경제TV※ 본 기사는 한국경제TV와 '거장들의 투자공식이'자체 개발한 '라이온봇 기자'가 실시간으로 작성한 기사입니다. 라이온봇기자 ⓒ 한국경제TV, 무단 전재 및 재배포 금지 한국경제TV 관련뉴스해당 언론사에서 선정하며 언론사 페이지(아웃링크)로 이동해 볼 수 있습니다.무역전쟁에 줄줄이 마이너스...혼자 웃는 펀드 있다'88올림픽 때 탄생한 '이 과자'…17억 봉지 팔렸다외국계 증권사 ""무역전쟁 반사이익 보는 한국기업 있다""美에서 임상 3상...10조원 블록버스터 신약 나온다내 잘못 없어도 6:4...억울한 쌍방과실 줄인다"
서울경제,003680,/news/news_read.nhn?article_id=0003328351&office_id=011&mode=search&query=한성기업&page=1,2018-06-21 13:59,"&lt;유&gt;한성기업, 장중 신고가 돌파.. 7,950&rarr;8,950(▲1,000)","[서울경제] 오후 1시 58분 현재 한성기업(003680) 이 24.65% 오른 8,950원(▲1,770)을 기록하며, 52주 신고가를 +1,000원 경신했다. 기존 52주 최고가는 2018년 05월 15일 기록한 7,950원이다. 체결강도는 153%로 강세를 유지했다. 총매수체결량은 74,216주, 총매도체결량은 48,501주를 각각 기록했다.  (※ 체결강도(%) = (총매수체결량/총매도체결량)*100) 이 시각 현재 거래대금은 10억6,297만, 거래량은 12만6,410주를 기록하고 있으며, 수급측면으로는 40(매도):60(매수)의 매수우위를 보이고 있다. 거래일을 기준으로 최근 3일간 평균 거래량은 5천주, 60일 평균 거래량 9천주로 최근 거래량이 큰 폭으로 감소하는 추세다."
문화일보,003680,/news/news_read.nhn?article_id=0002251135&office_id=021&mode=search&query=한성기업&page=1,2015-09-17 15:03,"한성기업, 추석선물 65種선봬&hellip; &ldquo;젓갈세트로 情 전하세요&rdquo;","한성기업은 추석을 맞아 고급 젓갈 선물세트와 독일식 전통 소시지 캠프렌즈 선물세트(사진) 등 65종류의 다양한 추석 선물세트를 출시한다고 17일 밝혔다. 이번에 내놓은 선물세트는 무농약 고춧가루와 마늘, 천일염 등을 사용한 ‘프리미엄 골드 명란’과 진품 백 명란의 ‘프리미엄 명란 세트’(17만 원), ‘카라시멘타이코’ 타입의 일본풍 프리미엄 명란을 급속 동결해 신선함을 유지한 ‘저염 명란 명품 세트’(14만 원), 질 좋은 원료에 한성기업 고유의 고추 양념과 천일염으로 숙성시켜 감칠맛이 살아 있는 ‘골드 명란·창란·오징어 젓갈 세트’(13만 원) 등이다. 또 ‘독일식 전통 소시지 캠프렌즈 선물세트’는 높은 돼지고기 함량과 천연 양·돈장으로 만들어져 톡 터지는 식감이 일품인 프리미엄 소시지로 구성됐다. 캔류 선물세트는 제주도에서 자란 100% 국산 흑돼지와 국산 천일염으로 만든 흑돈팜, 살코기 참치 제품으로 구성됐다."
서울경제,003680,/news/news_read.nhn?article_id=0003328348&office_id=011&mode=search&query=한성기업&page=1,2018-06-21 13:58,"&lt;유&gt;한성기업, 전일 대비 23.40% 상승.. 일일회전율은 1.96% 기록","[서울경제] 한성기업(003680) 은 21일 오후 1시 57분 현재 23.40% 오른 8,860원에 거래되고 있으며, 37(매도):63(매수)의 매수우위를 기록하고 있다. 거래대금은 8억9,417만, 거래량은 10만7,402주로 거래량회전율은 1.96%로 나타났다. 지난 1개월간 한성기업은 상승 15회, 하락 12회를 기록했고, 주가수익률은 19.89% 표준편차는 2.04%를 기록했다. 이 기간 ' 음식료품업 ' 업종 평균 주가수익률은 5.64%로 나타났으며, 변동성은 1.27%를 기록했다. 이 시각 현재 ' 음식료품업 '은 0.12% 상승 중이며, 40(매도):60(매수)의 매수우위를 기록하고 있다."
한국일보,003680,/news/news_read.nhn?article_id=0000169925&office_id=469&mode=search&query=한성기업&page=1,2016-10-28 11:44,"[브리핑] 한성기업, 토굴숙성 광천새우젓 등록증 공개",국내 젓갈 1등 업체인 한성기업은 최근 공식 온라인몰 HS마켓(
뉴시스,003680,/news/news_read.nhn?article_id=0007446903&office_id=003&mode=search&query=한성기업&page=1,2016-09-02 17:05,한성기업 검찰 압수수색 종료,【서울=뉴시스】김선웅 기자 = 한성기업이 강만수 전 산업은행장 지인의 업체에 일감을 몰아준 정황 및 강 전 행장 재직 시절 산업은행으로부터 특혜 대출을 받은 것과 관련해 검찰이 한성기업을 압수수색한 2일 오후 서울 송파구 한성기업 서울사무소에서 검찰 관계자들이 압수품이 담긴 상자를 옮기고 있다. 2016.09.02.
뉴시스,003680,/news/news_read.nhn?article_id=0007446907&office_id=003&mode=search&query=한성기업&page=1,2016-09-02 17:05,한성기업 압수수색 마무리,【서울=뉴시스】김선웅 기자 = 한성기업이 강만수 전 산업은행장 지인의 업체에 일감을 몰아준 정황 및 강 전 행장 재직 시절 산업은행으로부터 특혜 대출을 받은 것과 관련해 검찰이 한성기업을 압수수색한 2일 오후 서울 송파구 한성기업 서울사무소에서 검찰 관계자들이 압수품이 담긴 상자를 옮기고 있다. 2016.09.02.
서울경제,003680,/news/news_read.nhn?article_id=0003330731&office_id=011&mode=search&query=한성기업&page=1,2018-06-25 09:32,"&lt;유&gt;한성기업, 전일 대비 7.59% 상승.. 일일회전율은 3.43% 기록","[서울경제] 한성기업(003680) 은 25일 오전 9시 31분 현재 7.59% 오른 8,500원에 거래되고 있으며, 42(매도):58(매수)의 매수우위를 기록하고 있다. 거래대금은 16억1,086만, 거래량은 18만7,985주로 거래량회전율은 3.43%로 나타났다. 지난 1개월간 한성기업은 상승 15회, 하락 12회를 기록했고, 주가수익률은 15.96% 표준편차는 5.61%를 기록했다. 이 기간 ' 음식료품업 ' 업종 평균 주가수익률은 5.33%로 나타났으며, 변동성은 1.27%를 기록했다. 이 시각 현재 ' 음식료품업 '은 1.00% 상승 중이며, 32(매도):68(매수)의 매수우위를 기록하고 있다."
뉴시스,003680,/news/news_read.nhn?article_id=0007761340&office_id=003&mode=search&query=한성기업&page=1,2017-02-09 16:32,"한성기업, 지난해 영업익 79억&hellip;전년比 66%&uarr;",【서울=뉴시스】최예린 기자 = 한성기업(003680)은 지난해 개별재무제표 기준 영업이익이 78억6475만원 규모로 전년 대비 66.3% 증가한 것으로 잠정 집계됐다고 9일 공시했다. 같은 기간 매출액은 3206억8278만원으로 10.0% 늘었고 당기순손실은 3억7787만원으로 적자전환했다.
뉴시스,003680,/news/news_read.nhn?article_id=0007446901&office_id=003&mode=search&query=한성기업&page=1,2016-09-02 17:05,한성기업 압수품 옮기는 검찰,【서울=뉴시스】김선웅 기자 = 한성기업이 강만수 전 산업은행장 지인의 업체에 일감을 몰아준 정황 및 강 전 행장 재직 시절 산업은행으로부터 특혜 대출을 받은 것과 관련해 검찰이 한성기업을 압수수색한 2일 오후 서울 송파구 한성기업 서울사무소에서 검찰 관계자들이 압수품이 담긴 상자를 옮기고 있다. 2016.09.02.
파이낸셜뉴스,003680,/news/news_read.nhn?article_id=0004056864&office_id=014&mode=search&query=한성기업&page=1,2018-07-12 14:28,"[fnRASSI]한성기업(003680), 52주 신고가...28.77% &uarr;","한성기업(003680)은 52주신고가를 기록하고 있어 주목할만하다. 동종목의 현재 주가는 9,980원 선에서 이루어지고 있다. 거래일을 기준으로 최근 3일간 평균 거래량은 180만 주이다. 이는 60일 일 평균 거래량 13만 주와 비교해보면 최근 거래량이 급격히 늘어났다는 것을 알 수 있다. 외국인, 기관 모두 보유량 감소 (5일 누적) 최근 5일간 동종목의 외국인 투자자는 1,729주 순매도하였고 마찬가지로 기관은 97주 순매도하였다. 전날 외국인 13,208주 순매도, 기관97주 순매수하며 보유 비율이 변동했다. 다음 표는 동종목의 외국인, 기관의 일별 순매수량을 나타낸 것이다.                   지표               항목               값               종합점수                 성장성               매출액증가율               0               4.87                 자기자본증가율               0                 안정성               부채비율               304.77               4.72                 유동비율               90.37                 이익안정성               9.44                 수익성               ROA               1.21               4.24                 ROE               4.88                 영업이익율               2.11          한성기업의 퀀트 재무 점수는 13.83점으로 지난 분기에 비해 성장성 점수가 하락했다. 이는 매출액 증가율과 자기자본 증가율이 감소하였기 때문이다. 수익성 측면에서 볼때 ROA, ROE, 영업이익률 모두 개선되어 이전보다 좋은 점수를 받았다. 'fnRASSI'는 증권전문 기업 씽크풀과 파이낸셜뉴스의 협업으로 로봇기자가 실시간으로 생산하는 기사입니다."
한국경제TV,003680,/news/news_read.nhn?article_id=0000659312&office_id=215&mode=search&query=한성기업&page=1,2018-07-10 12:49,"한성기업, -10% 하락... 전일 보다 920원 내린 8,230원","[한국경제TV 라이온봇 기자] [그림 1] 최근 3개월 간 주가 추세 및 기간별 수익률 한성기업은 7월 10일 12시 48분 전일 대비 약 -10% 급락한 8,230원에 거래되고 있다. 한성기업은 코스피 상장 기업으로 음식료품 업종에 속해 있다. 시가총액은 501억원으로 코스피 상장기업 중 718위에 위치 해 있다. [종목 성향 진단] [그림 2] 종목 성향 진단 한성기업의 투자 스타일은 가치주에 가깝다. 기업 가치 대비 낮은 주가가 매력적인 기업이다. 주가 모멘텀은 부진한 편이었다. 최근 1개월 수익률은 -7.01%의 하락폭을 기록했다. 한성기업 종목에 대한 투자자의 관심도는 굉장히 높은 편이다. [투자 점수 진단] [그림 3] 투자 점수 진단 한성기업은 어느 측면에서 투자 매력도가 높은 종목일까? AI 인공지능 종목 분석 시스템을 이용해 성장성, 수익성, 효율성, 안전성, 저평가성, 추세 등 주가 수익률에 영향을 줄 수 있는 6가지 핵심 투자 지표를 점수화하여 종목의 투자 매력도를 계산해보았다. 그 결과 한성기업은 상대적으로 추세지표 측면에서 두각을 드러내고 있었다. 추세 점수는 주가의 상승 모멘텀이 어느정도 인가를 나타낸다. 한성기업은 특히 1주전대비수익률 측면에서 가장 높은 점수는 기록했는데, 전체 시장 내 7위를 기록하며 상위 0.3%에 위치했다. 업종별로는 4위를 기록하며 상위 3.16%에 위치했다. 그러나 재무건전성을 나타내는 기업안정성 측면에서는 아쉬운 점을 나타냈다. (위의 AI인공지능 점수는 재무 데이터를 기반으로 전체 상장 종목과 비교/분석하여 도출한 점수로 높은 점수가 반드시 높은 수익률을 보장하지 않습니다. 위의 자료는 당사의 추천 종목이 아니며, 투자 시 참고용으로 제시해드리는 것입니다. 핵심투자지표를 결합해 종목의 투자매력도를 종합 계산한 ""인공지능 투자점수""는 ""거장들의 투자공식"" 앱에서 확인하실 수 있습니다.) 라이온봇 기자 -한국경제TV※ 본 기사는 한국경제TV와 '거장들의 투자공식이'자체 개발한 '라이온봇 기자'가 실시간으로 작성한 기사입니다. 라이온봇기자 ⓒ 한국경제TV, 무단 전재 및 재배포 금지 한국경제TV 관련뉴스해당 언론사에서 선정하며 언론사 페이지(아웃링크)로 이동해 볼 수 있습니다.발암물질 고혈압약 115개 공개...식약처 홈페이지 '온종일 북적'90도 고개 숙인 이재용...文의 한마디 ""한국서도 일자리를...""고개드는 美 금리인상 신중론…'무역전쟁' 부메랑 되나계산대 의자 '이렇게' 바꾼다…이마트 10년 만의 변화설민석 집 공개, 5성급 호텔 뺨치는 '럭셔리 하우스'"
조세일보,003680,/news/news_read.nhn?article_id=0002169741&office_id=123&mode=search&query=한성기업&page=1,2017-09-19 10:05,"한성기업, '그릴팜 베이직 선물세트' 출시","한성기업의 고급 육가공 브랜드인 캠프렌즈에서는 추석을 맞이해 그릴팜 베이직 선물세트를 출시했다고 19일 전했다. 캠프렌즈 그릴팜 베이직은 100% 한돈만을 사용하고 위생적인 HACCP 인증환경에서 생산된 신뢰도 높은 고급 캔햄 제품이다. 소비자들이 즐겨 찾는 기본의 맛과 좋은 품질에 충실한 캔햄을 목표로 기획된 그릴팜 베이직은 고기 본연의 고소한 맛과 캔햄 고유의 부드러운 식감을 살리는데 집중했다. 그릴 또는 팬에 구워서 먹었을 때 가장 만족스러운 맛을 음미 할 수 있도록 만들어졌다. 나들이용 도시락, 샌드위치 등의 재료뿐만 아니라 부대찌개, 김치찌개, 부침 등 각종 요리에도 고유의 풍미로 요리의 완성도를 높여준다. 그릴팜 베이직은 200g 사이즈로 출시되며 각종 대형마트 또는 주변 유통점에서 쉽게 찾아 볼 수 있다. 한편 그릴팜 베이직은 올 추석에 좋은 품질과 합리적인 가격의 선물세트로도 출시됐다. 한성기업의 각종 선물세트는 한성공식 쇼핑몰 HS마켓 및 각종 온, 오프라인 채널에서 만나볼 수 있다."
한국경제TV,003680,/news/news_read.nhn?article_id=0000664081&office_id=215&mode=search&query=한성기업&page=1,2018-07-23 14:55,"한성기업, 전일 대비 약 -5% 하락한 7,400원","[한국경제TV 라이온봇 기자] [그림 1] 최근 3개월 간 주가 추세 및 기간별 수익률 한성기업은 7월 23일 14시 54분 전일 대비 약 -5% 하락한 7,400원에 거래되고 있다. 한성기업은 코스피 상장 기업으로 음식료품 업종에 속해 있다. 시가총액은 426억원으로 코스피 상장기업 중 734위에 위치 해 있다. [종목 성향 진단] [그림 2] 종목 성향 진단 한성기업의 투자 스타일은 가치주에 가깝다. 기업 가치 대비 낮은 주가가 매력적인 기업이다. 주가 모멘텀은 평범한 수준이었다. 최근 1개월 수익률이 8.36%, 3개월 수익률은 10.51%, 6개월 수익률은 17.34%를 기록했다. 한성기업 종목에 대한 투자자의 관심도는 평범한 수준이었다. [투자 점수 진단] [그림 3] 투자 점수 진단 한성기업은 어느 측면에서 투자 매력도가 높은 종목일까? AI 인공지능 종목 분석 시스템을 이용해 성장성, 수익성, 효율성, 안전성, 저평가성, 추세 등 주가 수익률에 영향을 줄 수 있는 6가지 핵심 투자 지표를 점수화하여 종목의 투자 매력도를 계산해보았다. 그 결과 한성기업은 상대적으로 저평가 측면에서 두각을 드러내고 있었다. 저평가 점수는 기업의 가치 대비 주가의 수준이 어느 정도인지를 나타낸다. 한성기업은 특히 PSR 측면에서 가장 높은 점수는 기록했는데, 전체 시장 내 87위를 기록하며 상위 4.62%에 위치했다. 업종별로는 6위를 기록하며 상위 5.75%에 위치했다. 그러나 재무건전성을 나타내는 기업안정성 측면에서는 아쉬운 점을 나타냈다. (위의 AI인공지능 점수는 재무 데이터를 기반으로 전체 상장 종목과 비교/분석하여 도출한 점수로 높은 점수가 반드시 높은 수익률을 보장하지 않습니다. 위의 자료는 당사의 추천 종목이 아니며, 투자 시 참고용으로 제시해드리는 것입니다. 핵심투자지표를 결합해 종목의 투자매력도를 종합 계산한 ""인공지능 투자점수""는 ""거장들의 투자공식"" 앱에서 확인하실 수 있습니다.) 라이온봇 기자 -한국경제TV※ 본 기사는 한국경제TV와 '거장들의 투자공식이'자체 개발한 '라이온봇 기자'가 실시간으로 작성한 기사입니다. 라이온봇기자"
파이낸셜뉴스,003680,/news/news_read.nhn?article_id=0003793402&office_id=014&mode=search&query=한성기업&page=1,2017-03-24 11:34,"[fnRASSI]한성기업, 당일 거래량 증가하며 3거래일 하락세 지속","한성기업(003680)의 당일 거래량이 최근 5거래일 거래량의 최고치를 경신하며 투자자들의 관심을 받고 있다. 그리고 현재 전 거래일보다 1.18% 감소하여 3일 연속 하락흐름을 보이고 있다.                   지표               항목               값               종합점수                 성장성               매출액증가율               0.02               3.97                 자기자본증가율               -0.19                 안정성               부채비율               317.89               4.17                 유동비율               87.49                 이익안정성               8.33                 수익성               ROA               -0.17               3.08                 ROE               -0.72                 영업이익율               2.47          한성기업의 퀀트 재무 점수는 11.22점으로 지난 분기에 비해 성장성 점수가 상승했다. 이는 매출액 증가율이 증가하였기 때문이다. 수익성 측면에서 볼때 ROA, ROE가 하락하여 이전보다 낮은 점수를 받았다. 기관/개인 순매수, 외국인은 순매도(한달누적)  3월17일부터 전일까지 외국인이 5거래일 연속 동종목을 내다 팔았다. 4주간을 기준으로 보면 기관이 방향성있는 매매를 하면서 310주를 순매수했고, 개인들도 순매수량을 늘리며 5,517주를 순매수했다. 반면 그 동안 외국인은 매도 우위를 지속하면서 5,827주를 순매도했다. 'fnRASSI'는 증권전문 기업 씽크풀과 파이낸셜뉴스의 협업으로 로봇기자가 실시간으로 생산하는 기사입니다."
