source,symbol,link,date,title,content
머니투데이,008370,/news/news_read.nhn?article_id=0003635863&office_id=008&mode=search&query=원풍&page=1,2016-02-24 09:15,"[특징주]원풍물산, 지난해 실적 증가에 강세","[머니투데이 김평화 기자] 원풍물산이 강세다. 지난해 영업이익이 전년 대비 큰폭 상승했다는 발표에 따른 것으로 풀이된다. 24일 오전 9시15분 현재 원풍물산은 전 거래일 대비 4.11% 오른 5070원에 거래되고 있다. 원풍물산은 지난해 개별 영업이익이 20억2300만원을 기록, 전년(11억7600만원) 대비 72.1% 증가했다고 전날 공시했다. 매출액은 481억8300만원으로 전년(479억4700만원)대비 0.5% 증가했다. 당기순손실은 66억100만원이다. textlinktopstart textlinktopend textlinkstart"
한국경제,008370,/news/news_read.nhn?article_id=0003907745&office_id=015&mode=search&query=원풍&page=1,2018-03-15 13:35,"원풍물산, 지난해 영업익 3억&hellip;전년비 42%&uarr;",원풍물산은 지난해 개별기준 영업이익이 3억8300만원으로 전년 대비 42.3% 늘었다고 15일 공시했다. 같은 기간 매출액은 441억1500만원으로 4.8% 줄었으며 순이익은 8200만원으로 흑자전환했다. 김소현 한경닷컴 기자
서울경제,008370,/news/news_read.nhn?article_id=0003257603&office_id=011&mode=search&query=원풍&page=1,2018-03-30 10:50,"(코)원풍물산, 전일 대비 12.43% 상승.. 일일회전율은 5.89% 기록","[서울경제] 원풍물산(008290) 은 30일 오전 10시 49분 현재 12.43% 오른 4,750원에 거래되고 있으며, 42(매도):58(매수)의 매수우위를 기록하고 있다. 거래대금은 99억8,437만, 거래량은 226만2,367주로 거래량회전율은 5.89%로 나타났다. 지난 1개월간 원풍물산은 상승 17회, 하락 13회를 기록했고, 주가수익률은 36.89% 표준편차는 4.14%를 기록했다. 이 기간 ' 섬유·의류업 ' 업종 평균 주가수익률은 10.00%로 나타났으며, 변동성은 1.65%를 기록했다. 이 시각 현재 ' 섬유·의류업 '은 2.73% 상승 중이며, 68(매도):32(매수)의 매도우위를 기록하고 있다."
한국경제TV,008370,/news/news_read.nhn?article_id=0000617163&office_id=215&mode=search&query=원풍&page=1,2018-03-30 13:24,"원풍물산, 상한가 기록 (▲1,265) - 현재가 5,490원","[한국경제TV 라이온봇 기자] 3월 30일 13시 24분 원풍물산이 상한가를 기록했다. 원풍물산은 전일 대비 약 1,265원 상승한 5,490원을 기록했다. 원풍물산은 코스닥 상장 기업으로 섬유,의류 업종에 속해 있다. 시가총액은 1,622억원으로 코스닥 상장기업 중 391위에 위치 해 있다. 거래량은 전일 대비 1433% 증가한 16,165,918주 이고, 거래대금은 813억1,100만원 수준이다. 현재 총 매수잔량은 701,253주이고, 상한가 잔량은 632,433주이다. 라이온봇 기자 -한국경제TV※ 본 기사는 한국경제TV와 '거장들의 투자공식이'자체 개발한 '라이온봇 기자'가 실시간으로 작성한 기사입니다. 라이온봇기자 ⓒ 한국경제TV, 무단 전재 및 재배포 금지 한국경제TV 관련뉴스해당 언론사에서 선정하며 언론사 페이지(아웃링크)로 이동해 볼 수 있습니다.""자연미인"" 셋째 출산에도 여전히 아름다운 '리설주'신혼여행 살해 ""보험금 1억 때문에…""오연서, 서태지 부인 이은성 고아라 미모 대결 승자가…바다 남편, 9살 연하 아니다? ""민망함 때문에…""'재벌 3세' 정용진·정지선은 SNS를 어떻게 이용할까?"
머니투데이,008370,/news/news_read.nhn?article_id=0004016716&office_id=008&mode=search&query=원풍&page=1,2018-02-28 15:07,"원풍, 작년 영업익 30억&hellip;전년비 47% &darr;","[머니투데이 한은정 기자] 원풍은 연결기준 지난해 영업이익이 30억2500만원원으로 전년 대비 46.97% 감소했다고 28일 공시했다. 같은 기간 매출액은 712억6800만원으로 5.01% 감소했고 당기순이익은 22억2800만원으로 57.44% 줄었다. 회사측은 ""업황부진으로 매출이 줄고 옥천공장 비용 증가로 영업이익이 감소했다""고 설명했다."
한국경제,008370,/news/news_read.nhn?article_id=0003561718&office_id=015&mode=search&query=원풍&page=1,2016-03-10 14:10,"원풍, 지난해 영업이익 90억&hellip;전년比 118%&uarr;",[ 박상재 기자  ] 원풍은 지난해 연결 기준 영업이익이 90억9700만원으로 전년 대비 118.04% 증가했다고 10일 공시했다. 같은 기간 매출은 825억5900만원으로 0.44% 줄었고 당기순이익은 51.86% 늘어난 59억2500만원으로 잠정 집계됐다. 박상재 한경닷컴 기자
뉴시스,008370,/news/news_read.nhn?article_id=0007089158&office_id=003&mode=search&query=원풍&page=1,2016-03-10 14:25,"원풍, 주당 140원 현금배당 결정",【서울=뉴시스】방수시트필름 제조업체 원풍은 보통주 1주당 140원을 현금배당하기로 결정했다고 10일 공시했다. 시가배당율은 3.2%이며 배당금총액은 16억8000만원이다. 배당금은 4월15일에 지급될 예정이다. ★ 세상에 이런일이 -  자식도 버렸는데…결혼 약속 남자의 두얼굴 ★ 오늘의 핫 포토 -  누드 동영상 유출 파문 재판 출석한 스포츠 아나운서
한국경제TV,008370,/news/news_read.nhn?article_id=0000613823&office_id=215&mode=search&query=원풍&page=1,2018-03-22 09:26,"원풍물산, 전일 대비 약 -4% 하락한 4,350원","[한국경제TV 라이온봇 기자] 원풍물산은 3월 22일 9시 25분 전일 대비 약 -4% 하락한 4,350원에 거래되고 있다. 원풍물산은 코스닥 상장 기업으로 섬유,의류 업종에 속해 있다. 시가총액은 1,650억원으로 코스닥 상장기업 중 399위에 위치 해 있다. [종목 성향 진단] [그림 1] 종목 성향 진단 원풍물산의 투자 스타일은 성장주에 가깝다. 주가 고평가 우려가 공존하지만 높은 성장성이 기대되는 기업이다. 주가 모멘텀은 좋은 편에 속했다. 최근 3개월 수익률은 19.44%의 상승폭을 기록했다. 최근 1개월 수익률 또한 18.95% 상승하며 좋은 모멘텀을 보이고 있다. 원풍물산 종목에 대한 투자자의 관심도는 굉장히 높은 편이다. [투자 점수 진단] [그림 2] 투자 점수 진단 원풍물산은 수익성(영업이익률) 측면에서 두각을 나타내고 있다. 최근 영업이익률은 63점으로 6개의 핵심 팩터 중 가장 높은 점수를 기록했다. 영업이익률은  전체 시장 내 725위를 기록하며 상위 37.11%에 위치했다. 업종별로는 124위를 기록하며 상위 31.14%에 위치했다. 그리고 안정성(부채비율) 역시 도드라지는 편이다. 안정성 점수는 59점으로 두번째로 높은 점수를 기록했다. 부채비율은 전체 시장 내 831위를 기록하며 상위 40.92%에 위치했다. 업종별로는 170위를 기록하며 상위 40.76%에 위치했다. 그러나 PBR과 매출증가율(YoY)은  아쉬움을 나타냈다. [종합 투자점수] [그림 3] 종합 투자점수 AI 인공지능 분석을 통한 원풍물산의 종목 종합 스코어는 45점을 기록했다. 이는 동일 업종 평균점수인 52점과 시장 평균점수인 56점를 하회하는 수치였다. (위의 AI인공지능 점수는 재무 데이터를 기반으로 전체 상장 종목과 비교/분석하여 도출한 점수로 높은 점수가 반드시 높은 수익률을 보장하지 않습니다. 위의 자료는 당사의 추천 종목이 아니며, 투자 시 참고용으로 제시해드리는 것입니다.) 라이온봇 기자 -한국경제TV※ 본 기사는 한국경제TV와 '거장들의 투자공식이'자체 개발한 '라이온봇 기자'가 실시간으로 작성한 기사입니다. 라이온봇기자 ⓒ 한국경제TV, 무단 전재 및 재배포 금지 한국경제TV 관련뉴스해당 언론사에서 선정하며 언론사 페이지(아웃링크)로 이동해 볼 수 있습니다.노현정, 故 정주영 회장 제사 현장 포착…'더 예뻐졌네'골프여왕 박인비, 외모 때문에 메인스폰서 없었던 사연은?신성일, ""보디빌더 나갔다""던 리즈시절 사진 봤더니설현, 원주민도 반한 사연…만국 공통 몸매?'문재인 대통령 노벨상 추진위' 해산 이유"
이데일리,008370,/news/news_read.nhn?article_id=0004046063&office_id=018&mode=search&query=원풍&page=1,2018-02-28 15:26,"원풍, 작년 연결 영업이익 46.97% 감소",[이데일리 최정희 기자] 원풍(008370)은 작년 연결 기준 매출액이 712억6800만원으로 전년보다 5.01% 감소했다고 28일 밝혔다. 영업이익은 30억2500만원으로 46.97% 감소했다.
한국경제,008370,/news/news_read.nhn?article_id=0003585024&office_id=015&mode=search&query=원풍&page=1,2016-04-26 09:25,"[특징주]원풍물산, 美 제약 업체 지분 인수 소식에 '상승'","[ 박상재 기자  ] 원풍물산이 미국 제약 업체의 지분 인수 소식에 오름세다. 26일 오전 9시11분 현재 원풍물산은 전날보다 250원(3.63%) 오른 7130원에 거래되고 있다. 원풍물산은 11억4100만원 규모의 렐마다 테라퓨틱스(RELMADA THERAPEUTICS) 주식을 취득키로 했다고 전날 장 마감 후 공시했다. 이 회사는 미국 진통제 신약 개발 업체다. 회사 측은 ""아직 취득 주식 수는 확정되지 않았다""며 ""지분 확대를 통해 성장 기반을 마련하고 나스닥 상장 후 투자 수익이 기대된다""고 밝혔다. 박상재 한경닷컴 기자"
파이낸셜뉴스,008370,/news/news_read.nhn?article_id=0004000994&office_id=014&mode=search&query=원풍&page=1,2018-04-12 14:51,"[fnRASSI]원풍물산, 52주 신고가...9.93% &uarr;","원풍물산(008290)은 52주신고가를 기록하고 있어 주목할만하다. 동종목의 현재 주가는 6,420원 선에서 이루어지고 있다. 거래일을 기준으로 최근 3일간 평균 거래량은 513만 주이다. 이는 60일 일 평균 거래량 220만 주와 비교해보면 최근 거래량이 급격히 늘어났다는 것을 알 수 있다. 외국인투자자 연속 5일 순매도 최근 5일간 동종목의 외국인 투자자는 152,652주 순매수하였고 마찬가지로 기관은 0주 순매수하였다. 전날 외국인은 2,556주 순매수했지만 기관은 순매수량이 0으로 보유비율 그대로 유지했다. 다음 표는 동종목의 외국인, 기관의 일별 순매수량을 나타낸 것이다. 개인,외국인만 거래 참여 최근 한달간 주체별 거래비중을 살펴보면 개인이 97.98%, 외국인이 2.01%를 보였고, 기관은 거래참여가 없었다. 그리고 최근 5일간 거래비중은 개인 비중이 97.39%로 가장 높았고, 외국인이 2.59%로 그 뒤를 이었다. 기관은 거래에 참여하지 않은 것으로 보인다. 'fnRASSI'는 증권전문 기업 씽크풀과 파이낸셜뉴스의 협업으로 로봇기자가 실시간으로 생산하는 기사입니다."
파이낸셜뉴스,008370,/news/news_read.nhn?article_id=0003992483&office_id=014&mode=search&query=원풍&page=1,2018-03-30 11:01,[fnRASSI]원풍물산 전일대비 17.99% 상승,"원풍물산(008290)은 현재 주가가 전일 대비 17.99% 상승한 4,985원 선에서 거래가 이루어지고 있다. 퀀트 재무분석, 종합점수 12점으로 상승                    지표               항목               값               종합점수                 성장성               매출액증가율               -0.05               2.83                 자기자본증가율               -0.15                 안정성               부채비율               53.32               7.55                 유동비율               163.01                 이익안정성               6.94                 수익성               ROA               0.13               2.9                 ROE               0.2                 영업이익율               0.84          원풍물산의 퀀트 재무 점수는 13.28점으로 3개월 이전 13.22점보다 올랐다. 지난 분기에 비해 성장성 점수가 하락했다. 이는 매출액 증가율이 감소하였기 때문이다. 실적 안정성이 악화되어 안정성 종합 점수는 하락했다. 수익성 측면에서 볼때 ROA, ROE, 영업이익률 모두 개선되어 이전보다 좋은 점수를 받았다. 외국인과 기관은 순매도, 개인은 순매수(한달누적)  전일 외국인이 8,928주를 순매수했다. 4주간을 기준으로 보면 외국인이 순매도로 돌아서면서 28,880주를 순매도했고, 기관도 매도 우위를 보이면서 16주를 순매도했지만, 개인은 오히려 매수반전의 모습을 보이며 28,896주를 순매수했다. 'fnRASSI'는 증권전문 기업 씽크풀과 파이낸셜뉴스의 협업으로 로봇기자가 실시간으로 생산하는 기사입니다."
파이낸셜뉴스,008370,/news/news_read.nhn?article_id=0003986313&office_id=014&mode=search&query=원풍&page=1,2018-03-21 09:51,[fnRASSI]원풍물산(008290) 현재 +10.58%,"원풍물산(008290)은 현재 주가가 전일 대비 10.58% 상승한 4,755원 선에서 거래가 이루어지고 있다. 주가등락폭이 너무 커 최근 한달간 원풍물산의 상장주식수 대비 거래량을 비교해보니 일별 매매회전율이 2.81%로 집계됐다. 동기간 일평균 주가변동률은 23.95%로 장중 주가등락이 심하기 때문에 투자시 주의가 요망된다. 외국인과 기관은 순매도, 개인은 순매수(한달누적)  전일 외국인이 147,948주를 순매도했다. 4주간을 기준으로 보면 외국인이 146,778주를 순매도했고, 기관도 매도쪽으로 방향을 잡으면서 44,322주를 순매도했지만, 개인은 오히려 초반에 동종목을 순매수한 이후에 기세를 이어가며 191,100주를 순매수했다. 'fnRASSI'는 증권전문 기업 씽크풀과 파이낸셜뉴스의 협업으로 로봇기자가 실시간으로 생산하는 기사입니다."
서울경제,008370,/news/news_read.nhn?article_id=0003257741&office_id=011&mode=search&query=원풍&page=1,2018-03-30 12:39,"(코)원풍물산, 상한가 진입.. +29.94% &uarr;","[서울경제] 오후 12시 37분 현재 원풍물산(008290) 이 +29.94% 오른 5,490원(▲1,265)으로 장중 상한가에 진입했다. 거래대금은 801억1,711만, 거래량은 1,594만8,440주를 기록하고 있으며, 수급측면으로는 44(매도):56(매수)의 매수우위를 보이고 있다. 원풍물산은 전일 상승(4,225원, ▲160, +3.94%)한데 이어 이틀 연속 상승세를 이어가고 있다. 지난 1개월간 원풍물산은 상승 17회, 하락 13회를 기록했고, 주가수익률은 58.21%였다. 이 기간 ' 섬유·의류업 ' 업종 평균 주가수익률은 12.11%를 기록했다. 현재 ' 섬유·의류업 ' 총 14개 종목 중 상한가 종목은 1개, 상승 종목은 9개로, 일부 종목만이 상승세를 보이고 있다. ( 코웰패션(033290) +4.98%, 지엔코(065060) +2.24%, 에스티오(098660) +1.53%)"
서울경제,008370,/news/news_read.nhn?article_id=0003260104&office_id=011&mode=search&query=원풍&page=1,2018-04-03 09:31,"&lt;코&gt;원풍물산, 전일 대비 9.65% 상승.. 일일회전율은 17.73% 기록","[서울경제] 원풍물산(008290) 은 3일 오전 9시 30분 현재 9.65% 오른 6,020원에 거래되고 있으며, 47(매도):53(매수)의 매수우위를 기록하고 있다. 거래대금은 406억7,941만, 거래량은 680만6,261주로 거래량회전율은 17.73%로 나타났다. 지난 1개월간 원풍물산은 상한가 1회, 상승 16회, 하락 12회를 기록했고, 주가수익률은 66.53% 표준편차는 6.65%를 기록했다. 이 기간 ' 섬유·의류업 ' 업종 평균 주가수익률은 5.55%로 나타났으며, 변동성은 1.74%를 기록했다. 이 시각 현재 ' 섬유·의류업 '은 0.12% 상승 중이며, 39(매도):61(매수)의 매수우위를 기록하고 있다."
이데일리,008370,/news/news_read.nhn?article_id=0004057250&office_id=018&mode=search&query=원풍&page=1,2018-03-15 14:03,"원풍물산, 지난해 영업익 3억8300만원&hellip;전년比 42%&uarr;",[이데일리 윤필호 기자] 원풍물산(008290)은 지난해 개별기준 영업이익이 3억8300만원으로 전년 대비 42.3% 늘었다고 15일 공시했다. 같은 기간 매출액은 441억1500만원으로 4.8% 줄었으며 순이익은 8200만원으로 흑자전환했다.
한국경제TV,008370,/news/news_read.nhn?article_id=0000617069&office_id=215&mode=search&query=원풍&page=1,2018-03-30 11:25,"원풍물산, 24% 급등... 전일 보다 1,005원 상승한 5,230원","[한국경제TV 라이온봇 기자] 원풍물산은 3월 30일 11시 24분 전일 대비 약 24% 급등한 5,230원에 거래되고 있다. 원풍물산은 코스닥 상장 기업으로 섬유,의류 업종에 속해 있다. 시가총액은 1,622억원으로 코스닥 상장기업 중 391위에 위치 해 있다. [종목 성향 진단] [그림 1] 종목 성향 진단 원풍물산의 투자 스타일은 성장주에 가깝다. 주가 고평가 우려가 공존하지만 높은 성장성이 기대되는 기업이다. 주가 모멘텀은 좋은 편에 속했다. 최근 3개월 수익률은 27.45%의 상승폭을 기록했다. 최근 1개월 수익률 또한 16.55% 상승하며 좋은 모멘텀을 보이고 있다. 원풍물산 종목에 대한 투자자의 관심도는 높은 편에 속한다. [투자 점수 진단] [그림 2] 투자 점수 진단 원풍물산은 수익성(영업이익률) 측면에서 두각을 나타내고 있다. 최근 영업이익률은 63점으로 6개의 핵심 팩터 중 가장 높은 점수를 기록했다. 영업이익률은  전체 시장 내 725위를 기록하며 상위 37.11%에 위치했다. 업종별로는 124위를 기록하며 상위 31.14%에 위치했다. 그리고 안정성(부채비율) 역시 도드라지는 편이다. 안정성 점수는 59점으로 두번째로 높은 점수를 기록했다. 부채비율은 전체 시장 내 835위를 기록하며 상위 40.92%에 위치했다. 업종별로는 170위를 기록하며 상위 40.76%에 위치했다. 그러나 PBR과 매출증가율(YoY)은  아쉬움을 나타냈다. [종합 투자점수] [그림 3] 종합 투자점수 AI 인공지능 분석을 통한 원풍물산의 종목 종합 스코어는 45점을 기록했다. 이는 동일 업종 평균점수인 55점과 시장 평균점수인 57점를 하회하는 수치였다. (위의 AI인공지능 점수는 재무 데이터를 기반으로 전체 상장 종목과 비교/분석하여 도출한 점수로 높은 점수가 반드시 높은 수익률을 보장하지 않습니다. 위의 자료는 당사의 추천 종목이 아니며, 투자 시 참고용으로 제시해드리는 것입니다.) 라이온봇 기자 -한국경제TV※ 본 기사는 한국경제TV와 '거장들의 투자공식이'자체 개발한 '라이온봇 기자'가 실시간으로 작성한 기사입니다. 라이온봇기자 ⓒ 한국경제TV, 무단 전재 및 재배포 금지 한국경제TV 관련뉴스해당 언론사에서 선정하며 언론사 페이지(아웃링크)로 이동해 볼 수 있습니다.""자연미인"" 셋째 출산에도 여전히 아름다운 '리설주'신혼여행 살해 ""보험금 1억 때문에…""오연서, 서태지 부인 이은성 고아라 미모 대결 승자가…바다 남편, 9살 연하 아니다? ""민망함 때문에…""'재벌 3세' 정용진·정지선은 SNS를 어떻게 이용할까?"
아시아경제,008370,/news/news_read.nhn?article_id=0004197778&office_id=277&mode=search&query=원풍&page=1,2018-03-15 14:13,"원풍물산, 지난해 영업익 3.8억&hellip;전년비 42.3%&uarr;",[아시아경제 조강욱 기자] 원풍물산은 지난해 개별기준 영업이익이 3억8400만원으로 전년 대비 42.3% 늘었다고 15일 공시했다. 같은 기간 매출액은 441억1500만원으로 4.8% 줄었으나 순이익은 8300만원으로 흑자전환했다.
한국경제TV,008370,/news/news_read.nhn?article_id=0000607835&office_id=215&mode=search&query=원풍&page=1,2018-03-05 11:51,"원풍, 전일 대비 약 -3% 하락한 4,190원","[한국경제TV 라이온봇 기자] 원풍은 3월 5일 11시 50분 전일 대비 약 -3% 하락한 4,190원에 거래되고 있다. 원풍은 코스닥 상장 기업으로 화학 업종에 속해 있다. 시가총액은 520억원으로 코스닥 상장기업 중 998위에 위치 해 있다. [종목 성향 진단] [그림 1] 종목 성향 진단 원풍의 투자 스타일은 가치주에 가깝다. 기업 가치 대비 낮은 주가가 매력적인 기업이다. 주가 모멘텀은 평범한 수준이었다. 최근 1개월 수익률이 7.56%, 3개월 수익률은 8.5%, 6개월 수익률은 9.87%를 기록했다. 원풍 종목에 대한 투자자의 관심도는 상대적으로 낮은 편이었다. [투자 점수 진단] [그림 2] 투자 점수 진단 원풍은 안정성(부채비율) 측면에서 두각을 나타내고 있다. 최근 부채비율은 90점으로 6개의 핵심 팩터 중 가장 높은 점수를 기록했다. 부채비율은  전체 시장 내 226위를 기록하며 상위 9.92%에 위치했다. 업종별로는 21위를 기록하며 상위 8%에 위치했다. 그리고 저평가성2(PBR) 역시 도드라지는 편이다. 저평가성2 점수는 79점으로 두번째로 높은 점수를 기록했다. PBR은 전체 시장 내 383위를 기록하며 상위 20.5%에 위치했다. 업종별로는 85위를 기록하며 상위 38.36%에 위치했다. 그러나 매출증가율(YoY)과 영업이익률은  아쉬움을 나타냈다. [종합 투자점수] [그림 3] 종합 투자점수 AI 인공지능 분석을 통한 원풍의 종목 종합 스코어는 63점을 기록했다. 이는 동일 업종 평균점수인 63점과 동일한 수준이었으나, 시장 평균점수인 57점을 상회했다. (위의 AI인공지능 점수는 재무 데이터를 기반으로 전체 상장 종목과 비교/분석하여 도출한 점수로 높은 점수가 반드시 높은 수익률을 보장하지 않습니다. 위의 자료는 당사의 추천 종목이 아니며, 투자 시 참고용으로 제시해드리는 것입니다.) 라이온봇 기자 -한국경제TV※ 본 기사는 한국경제TV와 '거장들의 투자공식이'자체 개발한 '라이온봇 기자'가 실시간으로 작성한 기사입니다. 라이온봇기자 ⓒ 한국경제TV, 무단 전재 및 재배포 금지 한국경제TV 관련뉴스해당 언론사에서 선정하며 언론사 페이지(아웃링크)로 이동해 볼 수 있습니다.이상호 2억원, 여자컬링 0원…경기단체 포상금 '천차만별'이하늬 ""살찌면 외삼촌""…문희상 의원과 닮은꼴 '깜짝'전현무♥한혜진 열애, 티격태격 하다가 정 들었다스텔라 해체, 선정성 논란 부담됐나 ""갓 스무살에...""이윤미, 주영훈 몰카논란 사과 ""많이 생각하고 반성"""
한국경제TV,008370,/news/news_read.nhn?article_id=0000608282&office_id=215&mode=search&query=원풍&page=1,2018-03-06 10:49,"원풍, 전일 대비 약 -6% 하락한 3,905원","[한국경제TV 라이온봇 기자] 원풍은 3월 6일 10시 49분 전일 대비 약 -6% 하락한 3,905원에 거래되고 있다. 원풍은 코스닥 상장 기업으로 화학 업종에 속해 있다. 시가총액은 496억원으로 코스닥 상장기업 중 1,013위에 위치 해 있다. [종목 성향 진단] [그림 1] 종목 성향 진단 원풍의 투자 스타일은 가치주에 가깝다. 기업 가치 대비 낮은 주가가 매력적인 기업이다. 주가 모멘텀은 평범한 수준이었다. 최근 1개월 수익률이 2.73%, 3개월 수익률은 2.73%, 6개월 수익률은 3.38%를 기록했다. 원풍 종목에 대한 투자자의 관심도는 상대적으로 낮은 편이었다. [투자 점수 진단] [그림 2] 투자 점수 진단 원풍은 안정성(부채비율) 측면에서 두각을 나타내고 있다. 최근 부채비율은 90점으로 6개의 핵심 팩터 중 가장 높은 점수를 기록했다. 부채비율은  전체 시장 내 226위를 기록하며 상위 9.92%에 위치했다. 업종별로는 21위를 기록하며 상위 8%에 위치했다. 그리고 저평가성2(PBR) 역시 도드라지는 편이다. 저평가성2 점수는 79점으로 두번째로 높은 점수를 기록했다. PBR은 전체 시장 내 383위를 기록하며 상위 20.5%에 위치했다. 업종별로는 85위를 기록하며 상위 38.36%에 위치했다. 그러나 매출증가율(YoY)과 영업이익률은  아쉬움을 나타냈다. [종합 투자점수] [그림 3] 종합 투자점수 AI 인공지능 분석을 통한 원풍의 종목 종합 스코어는 63점을 기록했다. 이는 동일 업종 평균점수인 63점과 동일한 수준이었으나, 시장 평균점수인 56점을 상회했다. (위의 AI인공지능 점수는 재무 데이터를 기반으로 전체 상장 종목과 비교/분석하여 도출한 점수로 높은 점수가 반드시 높은 수익률을 보장하지 않습니다. 위의 자료는 당사의 추천 종목이 아니며, 투자 시 참고용으로 제시해드리는 것입니다.) 라이온봇 기자 -한국경제TV※ 본 기사는 한국경제TV와 '거장들의 투자공식이'자체 개발한 '라이온봇 기자'가 실시간으로 작성한 기사입니다. 라이온봇기자 ⓒ 한국경제TV, 무단 전재 및 재배포 금지 한국경제TV 관련뉴스해당 언론사에서 선정하며 언론사 페이지(아웃링크)로 이동해 볼 수 있습니다.이상호 2억원, 여자컬링 0원…경기단체 포상금 '천차만별'이하늬 ""살찌면 외삼촌""…문희상 의원과 닮은꼴 '깜짝'전현무♥한혜진 열애, 티격태격 하다가 정 들었다스텔라 해체, 선정성 논란 부담됐나 ""갓 스무살에...""이윤미, 주영훈 몰카논란 사과 ""많이 생각하고 반성"""
머니투데이,008370,/news/news_read.nhn?article_id=0003645144&office_id=008&mode=search&query=원풍&page=1,2016-03-10 14:09,"원풍, 작년 영업익 91억&hellip;전년比 118%&uarr;","[머니투데이 신희은 기자] 원풍은 지난해 연결 기준 매출이 전년 대비 0.4% 줄어든 825억5900만원, 영업이익이 118.0% 늘어난 90억9800만원을 기록했다고 10일 공시했다. 같은 기간 당기순이익은 51.9% 증가한 59억2600만원으로 집계됐다. 회사측은 ""원자재 가격 하락과 환율 상승으로 영업이익이 늘었다""고 설명했다. textlinktopstart textlinktopend textlinkstart"
헤럴드경제,008370,/news/news_read.nhn?article_id=0001366485&office_id=016&mode=search&query=원풍&page=1,2018-03-15 14:26,"[생생코스닥]원풍물산, 지난해 영업익 3.8억&hellip;전년비 42.3%&uarr;",[헤럴드경제=증권팀] 원풍물산은 지난해 개별기준 영업이익이 3억8390만원으로 전년대비 42.3% 증가했다고 15일 공시했다. 같은 기간 매출액은 441억1532만원으로 4.8% 줄어든 것으로 나타났다. 당기순이익은 8290만원으로 흑자전환했다.
한국경제TV,008370,/news/news_read.nhn?article_id=0000617068&office_id=215&mode=search&query=원풍&page=1,2018-03-30 11:24,"원풍물산, 52주 신고가 경신... 전일 대비 24% 상승","[한국경제TV 라이온봇 기자] 원풍물산은 52주 신고가를 경신했다. 원풍물산은 3월 30일 11시 24분 전일 대비 약 24% 상승한 5,260원에 거래되고 있다. 원풍물산은 코스닥 상장 기업으로 섬유,의류 업종에 속해 있다. 시가총액은 1,622억원으로 코스닥 상장기업 중 391위에 위치 해 있다. [종목 성향 진단] [그림 1] 종목 성향 진단 원풍물산의 투자 스타일은 성장주에 가깝다. 주가 고평가 우려가 공존하지만 높은 성장성이 기대되는 기업이다. 주가 모멘텀은 좋은 편에 속했다. 최근 3개월 수익률은 27.45%의 상승폭을 기록했다. 최근 1개월 수익률 또한 16.55% 상승하며 좋은 모멘텀을 보이고 있다. 원풍물산 종목에 대한 투자자의 관심도는 높은 편에 속한다. [투자 점수 진단] [그림 2] 투자 점수 진단 원풍물산은 수익성(영업이익률) 측면에서 두각을 나타내고 있다. 최근 영업이익률은 63점으로 6개의 핵심 팩터 중 가장 높은 점수를 기록했다. 영업이익률은  전체 시장 내 725위를 기록하며 상위 37.11%에 위치했다. 업종별로는 124위를 기록하며 상위 31.14%에 위치했다. 그리고 안정성(부채비율) 역시 도드라지는 편이다. 안정성 점수는 59점으로 두번째로 높은 점수를 기록했다. 부채비율은 전체 시장 내 835위를 기록하며 상위 40.92%에 위치했다. 업종별로는 170위를 기록하며 상위 40.76%에 위치했다. 그러나 PBR과 매출증가율(YoY)은  아쉬움을 나타냈다. [종합 투자점수] [그림 3] 종합 투자점수 AI 인공지능 분석을 통한 원풍물산의 종목 종합 스코어는 45점을 기록했다. 이는 동일 업종 평균점수인 55점과 시장 평균점수인 57점를 하회하는 수치였다. (위의 AI인공지능 점수는 재무 데이터를 기반으로 전체 상장 종목과 비교/분석하여 도출한 점수로 높은 점수가 반드시 높은 수익률을 보장하지 않습니다. 위의 자료는 당사의 추천 종목이 아니며, 투자 시 참고용으로 제시해드리는 것입니다.) 라이온봇 기자 -한국경제TV※ 본 기사는 한국경제TV와 '거장들의 투자공식이'자체 개발한 '라이온봇 기자'가 실시간으로 작성한 기사입니다. 라이온봇기자 ⓒ 한국경제TV, 무단 전재 및 재배포 금지 한국경제TV 관련뉴스해당 언론사에서 선정하며 언론사 페이지(아웃링크)로 이동해 볼 수 있습니다.""자연미인"" 셋째 출산에도 여전히 아름다운 '리설주'신혼여행 살해 ""보험금 1억 때문에…""오연서, 서태지 부인 이은성 고아라 미모 대결 승자가…바다 남편, 9살 연하 아니다? ""민망함 때문에…""'재벌 3세' 정용진·정지선은 SNS를 어떻게 이용할까?"
한국경제,008370,/news/news_read.nhn?article_id=0003587131&office_id=015&mode=search&query=원풍&page=1,2016-04-29 13:17,"원풍물산, 이두식 대표 지분율 2.50% 줄어",[ 김근희 기자  ] 이두식 원풍물산 대표이사 외 특별관계자 5인은 장내매도와 신주인수권 행사가액 조정에 따라 보유 주식 수가 2만2503주(지분 2.50%) 감소했다고 29일 공시했다. 이에 이 대표 외 특별관계자 5인의 보유 주식 수는 기존 1211만462주(33.99%)에서 120만8795주(31.49%)로 줄었다. 김근희 한경닷컴 기자
서울경제,008370,/news/news_read.nhn?article_id=0003257651&office_id=011&mode=search&query=원풍&page=1,2018-03-30 11:24,"(코)원풍물산, 장중 신고가 돌파.. 5,120&rarr;5,290(▲170)","[서울경제] 오전 11시 22분 현재 원풍물산(008290) 이 25.21% 오른 5,290원(▲1,065)을 기록하며, 52주 신고가를 +170원 경신했다. 기존 52주 최고가는 2017년 04월 28일 기록한 5,120원이다. 체결강도는 132%로 강세를 유지했다. 총매수체결량은 5,081,398주, 총매도체결량은 3,860,945주를 각각 기록했다.  (※ 체결강도(%) = (총매수체결량/총매도체결량)*100) 이 시각 현재 거래대금은 450억6,922만, 거래량은 934만4,796주를 기록하고 있으며, 수급측면으로는 43(매도):57(매수)의 매수우위를 보이고 있다. 거래일을 기준으로 최근 3일간 평균 거래량은 1백1십2만8천주, 60일 평균 거래량 1백3만7천주로 최근 거래량이 소폭 증가하는 추세다."
뉴시스,008370,/news/news_read.nhn?article_id=0007089154&office_id=003&mode=search&query=원풍&page=1,2016-03-10 14:25,"원풍, 지난해 영업이익 91억&hellip;전년比 118%&uarr;","【서울=뉴시스】방수시트·필름 제조업체 원풍은 지난해 영업이익이 전년대비 118.0% 증가한 90억9787만원을 기록했다고 10일 공시했다. 같은 기간 매출은 825억5943만원으로 0.4% 감소했고, 당기순이익은 59억2587만원으로 51.9% 증가했다. ★ 세상에 이런일이 -  자식도 버렸는데…결혼 약속 남자의 두얼굴 ★ 오늘의 핫 포토 -  누드 동영상 유출 파문 재판 출석한 스포츠 아나운서"
파이낸셜뉴스,008370,/news/news_read.nhn?article_id=0003949546&office_id=014&mode=search&query=원풍&page=1,2018-01-23 09:37,[fnRASSI]원풍물산 전일대비 10.37% 상승,"현재 원풍물산(008290)은 전일대비 10.37% 상승하여 3,830원 선에서 거래가 이루어지고 있다.                   지표               항목               값               종합점수                 성장성               매출액증가율               -0.04               3.06                 자기자본증가율               -0.15                 안정성               부채비율               53.32               7.82                 유동비율               163.01                 이익안정성               7.5                 수익성               ROA               -2.45               2.06                 ROE               -3.75                 영업이익율               -0.51          원풍물산의 퀀트 재무 점수는 12.94점으로 지난 분기에 비해 성장성 점수가 하락했다. 이는 매출액 증가율과 자기자본 증가율이 감소하였기 때문이다. 안정성 종합 점수는 부채비율 증가, 유동비율 감소로 하락했다. 기관/개인 순매수, 외국인은 순매도(한달누적)  1월18일부터 전일까지 외국인이 3거래일 연속 순매수를 보였다. 4주간을 기준으로 보면 기관이 초반에는 특별한 움직임을 보이지 않다가 최근에 순매수로 방향을 잡으면서 11주를 순매수했고, 개인들도 매기를 떨어뜨리면서도 43,761주를 순매수했다. 반면 그 동안 외국인은 매도 후 매수의 관점을 보이고 있음에도 불구하고 43,772주를 순매도했다. 'fnRASSI'는 증권전문 기업 씽크풀과 파이낸셜뉴스의 협업으로 로봇기자가 실시간으로 생산하는 기사입니다."
파이낸셜뉴스,008370,/news/news_read.nhn?article_id=0003998740&office_id=014&mode=search&query=원풍&page=1,2018-04-10 09:35,[fnRASSI]원풍물산(008290) 9.52% 상승,"원풍물산(008290)은 현재 주가가 전일 대비 9.52% 상승한 6,100원 선에서 거래가 이루어지고 있다. 퀀트 재무분석, 종합점수 16점으로 상승                    지표               항목               값               종합점수                 성장성               매출액증가율               -0.05               4.4                 자기자본증가율               0                 안정성               부채비율               53.32               7.55                 유동비율               163.01                 이익안정성               6.94                 수익성               ROA               0.13               2.86                 ROE               0.2                 영업이익율               0.84          원풍물산의 퀀트 재무 점수는 14.81점으로 3개월 이전 12.94점보다 올랐다. 지난 분기에 비해 성장성 점수가 상승했다. 이는 자기자본 증가율이 증가하였기 때문이다. 실적 안정성이 악화되어 안정성 종합 점수는 하락했다. 수익성 측면에서 볼때 ROA, ROE, 영업이익률 모두 개선되어 이전보다 좋은 점수를 받았다. 주주들의 손바뀜 12.14%이 너무 잦아 최근 한달간 원풍물산의 매매회전율을 분석한 결과 8일에 1번 꼴로 주식의 주인이 바뀐 것으로 나타났다. 이는 비정상적으로 높은 회전율을 보인 것으로 투자에 각별한 주의가 요망된다. 동종목의 경우 동기간 일평균 주가변동률은 5.74%를 기록했다. 'fnRASSI'는 증권전문 기업 씽크풀과 파이낸셜뉴스의 협업으로 로봇기자가 실시간으로 생산하는 기사입니다."
서울경제,008370,/news/news_read.nhn?article_id=0003259000&office_id=011&mode=search&query=원풍&page=1,2018-04-02 09:31,"(코)원풍물산, 전일 대비 9.29% 상승.. 일일회전율은 13.58% 기록","[서울경제] 원풍물산(008290) 은 2일 오전 9시 30분 현재 9.29% 오른 6,000원에 거래되고 있으며, 53(매도):47(매수)의 매도우위를 기록하고 있다. 거래대금은 322억1,560만, 거래량은 521만4,087주로 거래량회전율은 13.58%로 나타났다. 지난 1개월간 원풍물산은 상한가 1회, 상승 17회, 하락 12회를 기록했고, 주가수익률은 66.67% 표준편차는 6.66%를 기록했다. 이 기간 ' 섬유·의류업 ' 업종 평균 주가수익률은 11.40%로 나타났으며, 변동성은 1.73%를 기록했다. 이 시각 현재 ' 섬유·의류업 '은 1.92% 상승 중이며, 45(매도):55(매수)의 매수우위를 기록하고 있다."
한국경제TV,008370,/news/news_read.nhn?article_id=0000619757&office_id=215&mode=search&query=원풍&page=1,2018-04-06 14:22,"원풍물산, 전일 대비 약 -5% 하락한 5,700원","[한국경제TV 라이온봇 기자] 원풍물산은 4월 6일 14시 22분 전일 대비 약 -5% 하락한 5,700원에 거래되고 있다. 원풍물산은 코스닥 상장 기업으로 섬유,의류 업종에 속해 있다. 시가총액은 2,303억원으로 코스닥 상장기업 중 259위에 위치 해 있다. [종목 성향 진단] [그림 1] 종목 성향 진단 원풍물산의 투자 스타일은 성장주에 가깝다. 주가 고평가 우려가 공존하지만 높은 성장성이 기대되는 기업이다. 주가 모멘텀은 굉장히 좋은 편이었다. 최근 3개월 수익률이 무려 74.93%의 상승폭을 기록했다. 최근 1개월 수익률 또한 70.45% 상승하며 굉장히 좋은 모멘텀을 보이고 있다. 원풍물산 종목에 대한 투자자의 관심도는 굉장히 높은 편이다. [투자 점수 진단] [그림 2] 투자 점수 진단 원풍물산은 수익성(영업이익률) 측면에서 두각을 나타내고 있다. 최근 영업이익률은 63점으로 6개의 핵심 팩터 중 가장 높은 점수를 기록했다. 영업이익률은  전체 시장 내 725위를 기록하며 상위 37.11%에 위치했다. 업종별로는 124위를 기록하며 상위 31.14%에 위치했다. 그리고 안정성(부채비율) 역시 도드라지는 편이다. 안정성 점수는 59점으로 두번째로 높은 점수를 기록했다. 부채비율은 전체 시장 내 835위를 기록하며 상위 40.92%에 위치했다. 업종별로는 170위를 기록하며 상위 40.76%에 위치했다. 그러나 PBR과 매출증가율(YoY)은  아쉬움을 나타냈다. (위의 AI인공지능 점수는 재무 데이터를 기반으로 전체 상장 종목과 비교/분석하여 도출한 점수로 높은 점수가 반드시 높은 수익률을 보장하지 않습니다. 위의 자료는 당사의 추천 종목이 아니며, 투자 시 참고용으로 제시해드리는 것입니다.) 라이온봇 기자 -한국경제TV※ 본 기사는 한국경제TV와 '거장들의 투자공식이'자체 개발한 '라이온봇 기자'가 실시간으로 작성한 기사입니다. 라이온봇기자 ⓒ 한국경제TV, 무단 전재 및 재배포 금지 한국경제TV 관련뉴스해당 언론사에서 선정하며 언론사 페이지(아웃링크)로 이동해 볼 수 있습니다.레드벨벳 아이린 옆에 北 김정은, 실화야?""자연미인"" 셋째 출산에도 여전히 아름다운 '리설주'천안함 추적60분, 이명박 정부 당시 방송 외압 받았나?견미리 딸 이다인, 금수저 논란…주식부자?고 장자연-단역 자매 사건 재수사…""내가 노리개인가"""
한국경제TV,008370,/news/news_read.nhn?article_id=0000613425&office_id=215&mode=search&query=원풍&page=1,2018-03-21 10:25,"원풍물산, 16% 급등... 전일 보다 675원 상승한 4,975원","[한국경제TV 라이온봇 기자] 원풍물산은 3월 21일 10시 24분 전일 대비 약 16% 급등한 4,975원에 거래되고 있다. 원풍물산은 코스닥 상장 기업으로 섬유,의류 업종에 속해 있다. 시가총액은 1,650억원으로 코스닥 상장기업 중 398위에 위치 해 있다. [종목 성향 진단] [그림 1] 종목 성향 진단 원풍물산의 투자 스타일은 성장주에 가깝다. 주가 고평가 우려가 공존하지만 높은 성장성이 기대되는 기업이다. 주가 모멘텀은 좋은 편에 속했다. 최근 3개월 수익률은 19.44%의 상승폭을 기록했다. 최근 1개월 수익률 또한 18.95% 상승하며 좋은 모멘텀을 보이고 있다. 원풍물산 종목에 대한 투자자의 관심도는 굉장히 높은 편이다. [투자 점수 진단] [그림 2] 투자 점수 진단 원풍물산은 수익성(영업이익률) 측면에서 두각을 나타내고 있다. 최근 영업이익률은 63점으로 6개의 핵심 팩터 중 가장 높은 점수를 기록했다. 영업이익률은  전체 시장 내 725위를 기록하며 상위 37.11%에 위치했다. 업종별로는 124위를 기록하며 상위 31.14%에 위치했다. 그리고 안정성(부채비율) 역시 도드라지는 편이다. 안정성 점수는 59점으로 두번째로 높은 점수를 기록했다. 부채비율은 전체 시장 내 832위를 기록하며 상위 40.92%에 위치했다. 업종별로는 170위를 기록하며 상위 40.76%에 위치했다. 그러나 PBR과 매출증가율(YoY)은  아쉬움을 나타냈다. [종합 투자점수] [그림 3] 종합 투자점수 AI 인공지능 분석을 통한 원풍물산의 종목 종합 스코어는 45점을 기록했다. 이는 동일 업종 평균점수인 53점과 시장 평균점수인 56점를 하회하는 수치였다. (위의 AI인공지능 점수는 재무 데이터를 기반으로 전체 상장 종목과 비교/분석하여 도출한 점수로 높은 점수가 반드시 높은 수익률을 보장하지 않습니다. 위의 자료는 당사의 추천 종목이 아니며, 투자 시 참고용으로 제시해드리는 것입니다.) 라이온봇 기자 -한국경제TV※ 본 기사는 한국경제TV와 '거장들의 투자공식이'자체 개발한 '라이온봇 기자'가 실시간으로 작성한 기사입니다. 라이온봇기자 ⓒ 한국경제TV, 무단 전재 및 재배포 금지 한국경제TV 관련뉴스해당 언론사에서 선정하며 언론사 페이지(아웃링크)로 이동해 볼 수 있습니다.노현정, 故 정주영 회장 제사 현장 포착…'더 예뻐졌네'골프여왕 박인비, 외모 때문에 메인스폰서 없었던 사연은?신성일, ""보디빌더 나갔다""던 리즈시절 사진 봤더니설현, 원주민도 반한 사연…만국 공통 몸매?'문재인 대통령 노벨상 추진위' 해산 이유"
한국경제TV,008370,/news/news_read.nhn?article_id=0000605968&office_id=215&mode=search&query=원풍&page=1,2018-02-26 14:48,"원풍, 12% 급등... 전일 보다 480원 상승한 4,420원","[한국경제TV 라이온봇 기자] 원풍은 2월 26일 14시 48분 전일 대비 약 12% 급등한 4,420원에 거래되고 있다. 원풍은 코스닥 상장 기업으로 화학 업종에 속해 있다. 시가총액은 472억원으로 코스닥 상장기업 중 1,039위에 위치 해 있다. [종목 성향 진단] [그림 1] 종목 성향 진단 원풍의 투자 스타일은 가치주에 가깝다. 기업 가치 대비 낮은 주가가 매력적인 기업이다. 주가 모멘텀은 평범한 수준이었다. 최근 1개월 수익률이 0.51%, 3개월 수익률은 1.29%, 6개월 수익률은 4.65%를 기록했다. 원풍 종목에 대한 투자자의 관심도는 매우 낮은 편이었다. [투자 점수 진단] [그림 2] 투자 점수 진단 원풍은 안정성(부채비율) 측면에서 두각을 나타내고 있다. 최근 부채비율은 90점으로 6개의 핵심 팩터 중 가장 높은 점수를 기록했다. 부채비율은  전체 시장 내 226위를 기록하며 상위 9.92%에 위치했다. 업종별로는 21위를 기록하며 상위 8%에 위치했다. 그리고 저평가성2(PBR) 역시 도드라지는 편이다. 저평가성2 점수는 79점으로 두번째로 높은 점수를 기록했다. PBR은 전체 시장 내 383위를 기록하며 상위 20.5%에 위치했다. 업종별로는 85위를 기록하며 상위 38.36%에 위치했다. 그러나 매출증가율(YoY)과 영업이익률은  아쉬움을 나타냈다. [종합 투자점수] [그림 3] 종합 투자점수 AI 인공지능 분석을 통한 원풍의 종목 종합 스코어는 63점을 기록했다. 이는 동일 업종 평균점수인 63점과 동일한 수준이었으나, 시장 평균점수인 57점을 상회했다. (위의 AI인공지능 점수는 재무 데이터를 기반으로 전체 상장 종목과 비교/분석하여 도출한 점수로 높은 점수가 반드시 높은 수익률을 보장하지 않습니다. 위의 자료는 당사의 추천 종목이 아니며, 투자 시 참고용으로 제시해드리는 것입니다.) 라이온봇 기자 -한국경제TV※ 본 기사는 한국경제TV와 '거장들의 투자공식이'자체 개발한 '라이온봇 기자'가 실시간으로 작성한 기사입니다. 라이온봇기자 ⓒ 한국경제TV, 무단 전재 및 재배포 금지 한국경제TV 관련뉴스해당 언론사에서 선정하며 언론사 페이지(아웃링크)로 이동해 볼 수 있습니다.판커신 나쁜손 ""인정 못해""…中누리꾼 최민정 SNS에 악플테러'원조 청순女' 강수지 성형고백…'자연 미인 아니었나?'이윤택 기자회견 리허설, 짜고치기 고스톱?""법적 대응한다더니..."" 송하늘 조민기 성추행 폭로 '반전'왁스, 절친 홍석천 사생활 폭로? ""클럽 가면 사라진다"""
머니투데이,008370,/news/news_read.nhn?article_id=0003645157&office_id=008&mode=search&query=원풍&page=1,2016-03-10 14:17,"원풍, 1주당 140원 현금배당 결정","[머니투데이 신희은 기자] 원풍은 보통주 1주당 140원의 현금배당을 결정했다고 10일 공시했다. 시가배당율은 3.2%, 배당금 총액은 16억8000만원 규모다. textlinktopstart textlinktopend textlinkstart"
한국경제TV,008370,/news/news_read.nhn?article_id=0000616266&office_id=215&mode=search&query=원풍&page=1,2018-03-28 13:24,"원풍물산, 전일 대비 약 -4% 하락한 4,100원","[한국경제TV 라이온봇 기자] 원풍물산은 3월 28일 13시 24분 전일 대비 약 -4% 하락한 4,100원에 거래되고 있다. 원풍물산은 코스닥 상장 기업으로 섬유,의류 업종에 속해 있다. 시가총액은 1,633억원으로 코스닥 상장기업 중 388위에 위치 해 있다. [종목 성향 진단] [그림 1] 종목 성향 진단 원풍물산의 투자 스타일은 성장주에 가깝다. 주가 고평가 우려가 공존하지만 높은 성장성이 기대되는 기업이다. 주가 모멘텀은 좋은 편에 속했다. 최근 6개월 수익률은 16.1%의 상승폭을 기록했다. 최근 1개월 수익률 또한 13.01% 상승하며 좋은 모멘텀을 보이고 있다. 원풍물산 종목에 대한 투자자의 관심도는 높은 편에 속한다. [투자 점수 진단] [그림 2] 투자 점수 진단 원풍물산은 수익성(영업이익률) 측면에서 두각을 나타내고 있다. 최근 영업이익률은 63점으로 6개의 핵심 팩터 중 가장 높은 점수를 기록했다. 영업이익률은  전체 시장 내 725위를 기록하며 상위 37.11%에 위치했다. 업종별로는 124위를 기록하며 상위 31.14%에 위치했다. 그리고 안정성(부채비율) 역시 도드라지는 편이다. 안정성 점수는 59점으로 두번째로 높은 점수를 기록했다. 부채비율은 전체 시장 내 834위를 기록하며 상위 40.92%에 위치했다. 업종별로는 170위를 기록하며 상위 40.76%에 위치했다. 그러나 PBR과 매출증가율(YoY)은  아쉬움을 나타냈다. [종합 투자점수] [그림 3] 종합 투자점수 AI 인공지능 분석을 통한 원풍물산의 종목 종합 스코어는 46점을 기록했다. 이는 동일 업종 평균점수인 53점과 시장 평균점수인 56점를 하회하는 수치였다. (위의 AI인공지능 점수는 재무 데이터를 기반으로 전체 상장 종목과 비교/분석하여 도출한 점수로 높은 점수가 반드시 높은 수익률을 보장하지 않습니다. 위의 자료는 당사의 추천 종목이 아니며, 투자 시 참고용으로 제시해드리는 것입니다.) 라이온봇 기자 -한국경제TV※ 본 기사는 한국경제TV와 '거장들의 투자공식이'자체 개발한 '라이온봇 기자'가 실시간으로 작성한 기사입니다. 라이온봇기자 ⓒ 한국경제TV, 무단 전재 및 재배포 금지 한국경제TV 관련뉴스해당 언론사에서 선정하며 언론사 페이지(아웃링크)로 이동해 볼 수 있습니다.노현정, 故 정주영 회장 제사 현장 포착…'더 예뻐졌네'신은경 양악 수술 한 속사정은?박명수 일침, ""국밥 먹는 정치인 속지말자"" 소신발언세븐, 군대 영창 처분 받아…왜?'재벌 3세' 정용진·정지선은 SNS를 어떻게 이용할까?"
한국경제TV,008370,/news/news_read.nhn?article_id=0000617700&office_id=215&mode=search&query=원풍&page=1,2018-04-02 09:25,"원풍물산, 13% 급등... 전일 보다 720원 상승한 6,210원","[한국경제TV 라이온봇 기자] 원풍물산은 4월 2일 9시 24분 전일 대비 약 13% 급등한 6,210원에 거래되고 있다. 원풍물산은 코스닥 상장 기업으로 섬유,의류 업종에 속해 있다. 시가총액은 1,622억원으로 코스닥 상장기업 중 396위에 위치 해 있다. [종목 성향 진단] [그림 1] 종목 성향 진단 원풍물산의 투자 스타일은 성장주에 가깝다. 주가 고평가 우려가 공존하지만 높은 성장성이 기대되는 기업이다. 주가 모멘텀은 좋은 편에 속했다. 최근 3개월 수익률은 27.45%의 상승폭을 기록했다. 최근 1개월 수익률 또한 16.55% 상승하며 좋은 모멘텀을 보이고 있다. 원풍물산 종목에 대한 투자자의 관심도는 높은 편에 속한다. [투자 점수 진단] [그림 2] 투자 점수 진단 원풍물산은 수익성(영업이익률) 측면에서 두각을 나타내고 있다. 최근 영업이익률은 63점으로 6개의 핵심 팩터 중 가장 높은 점수를 기록했다. 영업이익률은  전체 시장 내 725위를 기록하며 상위 37.11%에 위치했다. 업종별로는 124위를 기록하며 상위 31.14%에 위치했다. 그리고 안정성(부채비율) 역시 도드라지는 편이다. 안정성 점수는 59점으로 두번째로 높은 점수를 기록했다. 부채비율은 전체 시장 내 835위를 기록하며 상위 40.92%에 위치했다. 업종별로는 170위를 기록하며 상위 40.76%에 위치했다. 그러나 PBR과 매출증가율(YoY)은  아쉬움을 나타냈다. [종합 투자점수] [그림 3] 종합 투자점수 AI 인공지능 분석을 통한 원풍물산의 종목 종합 스코어는 45점을 기록했다. 이는 동일 업종 평균점수인 52점과 시장 평균점수인 54점를 하회하는 수치였다. (위의 AI인공지능 점수는 재무 데이터를 기반으로 전체 상장 종목과 비교/분석하여 도출한 점수로 높은 점수가 반드시 높은 수익률을 보장하지 않습니다. 위의 자료는 당사의 추천 종목이 아니며, 투자 시 참고용으로 제시해드리는 것입니다.) 라이온봇 기자 -한국경제TV※ 본 기사는 한국경제TV와 '거장들의 투자공식이'자체 개발한 '라이온봇 기자'가 실시간으로 작성한 기사입니다. 라이온봇기자 ⓒ 한국경제TV, 무단 전재 및 재배포 금지 한국경제TV 관련뉴스해당 언론사에서 선정하며 언론사 페이지(아웃링크)로 이동해 볼 수 있습니다.""자연미인"" 셋째 출산에도 여전히 아름다운 '리설주'견미리 딸 이다인, 금수저 논란…주식부자?오연서, 서태지 부인 이은성 고아라 미모 대결 승자가…바다 남편, 9살 연하 아니다? ""민망함 때문에…""'재벌 3세' 정용진·정지선은 SNS를 어떻게 이용할까?"
한국경제TV,008370,/news/news_read.nhn?article_id=0000613355&office_id=215&mode=search&query=원풍&page=1,2018-03-21 09:25,"원풍물산, 전일 대비 약 8% 상승한 4,635원","[한국경제TV 라이온봇 기자] 원풍물산은 3월 21일 9시 25분 전일 대비 약 8% 상승한 4,635원에 거래되고 있다. 원풍물산은 코스닥 상장 기업으로 섬유,의류 업종에 속해 있다. 시가총액은 1,410억원으로 코스닥 상장기업 중 460위에 위치 해 있다. [종목 성향 진단] [그림 1] 종목 성향 진단 원풍물산의 투자 스타일은 성장주에 가깝다. 주가 고평가 우려가 공존하지만 높은 성장성이 기대되는 기업이다. 주가 모멘텀은 평범한 수준이었다. 최근 1개월 수익률이 2.08%, 3개월 수익률은 2.08%, 6개월 수익률은 5.91%를 기록했다. 원풍물산 종목에 대한 투자자의 관심도는 평범한 수준이었다. [투자 점수 진단] [그림 2] 투자 점수 진단 원풍물산은 수익성(영업이익률) 측면에서 두각을 나타내고 있다. 최근 영업이익률은 63점으로 6개의 핵심 팩터 중 가장 높은 점수를 기록했다. 영업이익률은  전체 시장 내 725위를 기록하며 상위 37.11%에 위치했다. 업종별로는 124위를 기록하며 상위 31.14%에 위치했다. 그리고 안정성(부채비율) 역시 도드라지는 편이다. 안정성 점수는 59점으로 두번째로 높은 점수를 기록했다. 부채비율은 전체 시장 내 832위를 기록하며 상위 40.92%에 위치했다. 업종별로는 170위를 기록하며 상위 40.76%에 위치했다. 그러나 PBR과 매출증가율(YoY)은  아쉬움을 나타냈다. [종합 투자점수] [그림 3] 종합 투자점수 AI 인공지능 분석을 통한 원풍물산의 종목 종합 스코어는 45점을 기록했다. 이는 동일 업종 평균점수인 53점과 시장 평균점수인 56점를 하회하는 수치였다. (위의 AI인공지능 점수는 재무 데이터를 기반으로 전체 상장 종목과 비교/분석하여 도출한 점수로 높은 점수가 반드시 높은 수익률을 보장하지 않습니다. 위의 자료는 당사의 추천 종목이 아니며, 투자 시 참고용으로 제시해드리는 것입니다.) 라이온봇 기자 -한국경제TV※ 본 기사는 한국경제TV와 '거장들의 투자공식이'자체 개발한 '라이온봇 기자'가 실시간으로 작성한 기사입니다. 라이온봇기자 ⓒ 한국경제TV, 무단 전재 및 재배포 금지 한국경제TV 관련뉴스해당 언론사에서 선정하며 언론사 페이지(아웃링크)로 이동해 볼 수 있습니다.노현정, 故 정주영 회장 제사 현장 포착…'더 예뻐졌네'골프여왕 박인비, 외모 때문에 메인스폰서 없었던 사연은?워너원 방송사고, 강다니엘 과거 '가시나' 논란 무엇?설현, 원주민도 반한 사연…만국 공통 몸매?'문재인 대통령 노벨상 추진위' 해산 이유"
파이낸셜뉴스,008370,/news/news_read.nhn?article_id=0003993844&office_id=014&mode=search&query=원풍&page=1,2018-04-02 13:28,"[fnRASSI]원풍물산, 52주 신고가...0.91% &uarr;","원풍물산(008290)은 52주신고가를 기록하고 있어 주목할만하다. 동종목의 현재 주가는 5,540원 선에서 이루어지고 있다. 거래일을 기준으로 최근 3일간 평균 거래량은 1147만 주이다. 이는 60일 일 평균 거래량 152만 주와 비교해보면 최근 거래량이 급격히 늘어났다는 것을 알 수 있다. 퀀트 재무분석, 종합점수 12점으로 상승                    지표               항목               값               종합점수                 성장성               매출액증가율               -0.05               2.83                 자기자본증가율               -0.15                 안정성               부채비율               53.32               7.55                 유동비율               163.01                 이익안정성               6.94                 수익성               ROA               0.13               2.89                 ROE               0.2                 영업이익율               0.84          원풍물산의 퀀트 재무 점수는 13.27점으로 3개월 이전 13.16점보다 올랐다. 지난 분기에 비해 성장성 점수가 하락했다. 이는 매출액 증가율이 감소하였기 때문이다. 실적 안정성이 악화되어 안정성 종합 점수는 하락했다. 수익성 측면에서 볼때 ROA, ROE, 영업이익률 모두 개선되어 이전보다 좋은 점수를 받았다. 외국인과 기관은 순매도, 개인은 순매수(한달누적)  전일 외국인과 기관이 각각 75,621주, 4,629주를 순매수 했다. 4주간을 기준으로 보면 외국인이 순매수에서 순매도로 반전되면서 78,809주를 순매도했고, 기관도 매도쪽으로 방향을 잡으면서 4,641주를 순매도했지만, 개인은 오히려 매매관점을 매도에서 매수로 전환하면서 83,450주를 순매수했다. 'fnRASSI'는 증권전문 기업 씽크풀과 파이낸셜뉴스의 협업으로 로봇기자가 실시간으로 생산하는 기사입니다."
한국경제TV,008370,/news/news_read.nhn?article_id=0000595436&office_id=215&mode=search&query=원풍&page=1,2018-01-26 09:24,"원풍물산, 전일 대비 약 3% 상승한 4,140원","[한국경제TV 라이온봇 기자] 원풍물산은 1월 26일 9시 24분 전일 대비 약 3% 상승한 4,140원에 거래되고 있다. 원풍물산은 코스닥 상장 기업으로 섬유,의류 업종에 속해 있다. 시가총액은 1,547억원으로 코스닥 상장기업 중 431위에 위치 해 있다. [종목 성향 진단] [그림 1] 종목 성향 진단 원풍물산의 투자 스타일은 성장주에 가깝다. 주가 고평가 우려가 공존하지만 높은 성장성이 기대되는 기업이다. 주가 모멘텀은 좋은 편에 속했다. 최근 3개월 수익률은 25.16%의 상승폭을 기록했다. 최근 1개월 수익률 또한 24.77% 상승하며 좋은 모멘텀을 보이고 있다. 원풍물산종목에 대한 투자자의 관심도는 높은 편에 속한다. [투자 점수 진단] [그림 2] 투자 점수 진단 원풍물산은 수익성(영업이익률) 측면에서 두각을 나타내고 있다. 최근 영업이익률은 63점으로 6개의 핵심 팩터 중 가장 높은 점수를 기록했다. 영업이익률은  전체 시장 내 725위를 기록하며 상위 37.11%에 위치했다. 업종별로는 124위를 기록하며 상위 31.14%에 위치했다. 그리고 안정성(부채비율) 역시 도드라지는 편이다. 안정성 점수는 59점으로 두번째로 높은 점수를 기록했다. 부채비율은 전체 시장 내 822위를 기록하며 상위 40.92%에 위치했다. 업종별로는 169위를 기록하며 상위 40.76%에 위치했다. PBR과 매출증가율(YoY)은 아쉬움을 나타냈다. [종합 투자점수] [그림 3] 종합 투자점수 AI 인공지능 분석을 통한 원풍물산의 종목 종합 스코어는 45점을 기록했다. 이는 동일 업종 평균점수인 53점과 시장 평균점수인 57점를 하회하는 수치였다. (위의 AI인공지능 점수는 재무 데이터를 기반으로 전체 상장 종목과 비교/분석하여 도출한 점수로 높은 점수가 반드시 높은 수익률을 보장하지 않습니다.) 라이온봇 기자 -한국경제TV※ 본 기사는 한국경제TV와 '거장들의 투자공식이'자체 개발한 '라이온봇 기자'가 실시간으로 작성한 기사입니다. 라이온봇기자 ⓒ 한국경제TV, 무단 전재 및 재배포 금지 한국경제TV 관련뉴스해당 언론사에서 선정하며 언론사 페이지(아웃링크)로 이동해 볼 수 있습니다.강문영, 김도균과 제2의 커플되나? '관심집중'임현식 한옥 대저택…'한옥마을 집인 줄'한비야 결혼, ""아이 안 낳는다고 비난 받았다""?'김우빈 결별설 왜 나오나'…신민아 카리스마 넘치는 근황김준호, 김지민에 ""비혼으로 사는 게 좋아"" 과거 발언 봤더니"
서울경제,008370,/news/news_read.nhn?article_id=0003266010&office_id=011&mode=search&query=원풍&page=1,2018-04-10 09:31,"&lt;코&gt;원풍물산, 전일 대비 7.18% 상승.. 일일회전율은 5.47% 기록","[서울경제] 원풍물산(008290) 은 10일 오전 9시 30분 현재 7.18% 오른 5,970원에 거래되고 있으며, 46(매도):54(매수)의 매수우위를 기록하고 있다. 거래대금은 124억2,754만, 거래량은 209만9,335주로 거래량회전율은 5.47%로 나타났다. 지난 1개월간 원풍물산은 상한가 1회, 상승 16회, 하락 11회를 기록했고, 주가수익률은 58.57% 표준편차는 6.94%를 기록했다. 이 기간 ' 섬유·의류업 ' 업종 평균 주가수익률은 7.16%로 나타났으며, 변동성은 1.74%를 기록했다. 이 시각 현재 ' 섬유·의류업 '은 0.09% 상승 중이며, 30(매도):70(매수)의 매수우위를 기록하고 있다."
뉴시스,008370,/news/news_read.nhn?article_id=0007189300&office_id=003&mode=search&query=원풍&page=1,2016-04-25 19:04,"원풍물산, 美업체 주식 11억 규모 취득 결정","【서울=뉴시스】최예린 기자 = 남자용 정장 제조업체 원풍물산(008290)은 미국 업체(RELMADA THERAPEUTICS,INC)의 주식 11억4110만원 어치를 취득한다고 25일 공시했다. 이는 자기자본대비 4.04%에 해당한다. 회사 측은 취득 목적에 대해 ""나스닥 상장 이후 투자 수익 기대와 지분 확대를 통한 상호 협력 강화 및 지속적인 성장 기반 마련""이라고 밝혔다."
한국경제,008370,/news/news_read.nhn?article_id=0003561721&office_id=015&mode=search&query=원풍&page=1,2016-03-10 14:16,"원풍, 주당 140원 결산배당",[ 박상재 기자  ] 원풍은 보통주 1주당 140원의 결산배당을 결정했다고 10일 공시했다. 시가배당률은 3.21%이며 배당금 총액은 16억8000만원이다. 박상재 한경닷컴 기자
서울경제,008370,/news/news_read.nhn?article_id=0003230891&office_id=011&mode=search&query=원풍&page=1,2018-02-26 14:09,"(코)원풍, 전일 대비 9.90% 상승.. 일일회전율은 1.11% 기록","[서울경제] 원풍(008370) 은 26일 오후 2시 7분 현재 9.90% 오른 4,330원에 거래되고 있으며, 25(매도):75(매수)의 매수우위를 기록하고 있다. 거래대금은 5억5,271만, 거래량은 13만2,613주로 거래량회전율은 1.11%로 나타났다. 지난 1개월간 원풍은 상승 14회, 하락 16회를 기록했고, 주가수익률은 10.32% 표준편차는 1.21%를 기록했다. 이 기간 ' 화학업 ' 업종 평균 주가수익률은 1.15%로 나타났으며, 변동성은 1.68%를 기록했다. 이 시각 현재 ' 화학업 '은 0.83% 상승 중이며, 49(매도):51(매수)의 매수우위를 기록하고 있다."
파이낸셜뉴스,008370,/news/news_read.nhn?article_id=0003992718&office_id=014&mode=search&query=원풍&page=1,2018-03-30 15:35,"[fnRASSI]원풍물산,켐온 등 40종목 52주 신고가 경신","30일 원풍물산(008290), 켐온(217600), 바이오리더스(142760), 빛샘전자(072950), 신대양제지(016590), 팀스(134790)등이 장중 52주 신고가를 경신했다. 특히 원풍물산은 전 거래일 대비 29.9% 오른 5,490원에 거래를 마감하며 높은 관심을 받았다. 이외에 삼성엔지니어링은 18900원까지 올라 신고가를 경신했으나, 전일보다 오히려 하락한 18,100원에 거래를 마감했다. 'fnRASSI'는 증권전문 기업 씽크풀과 파이낸셜뉴스의 협업으로 로봇기자가 실시간으로 생산하는 기사입니다."
뉴시스,008370,/news/news_read.nhn?article_id=0007089277&office_id=003&mode=search&query=원풍&page=1,2016-03-10 14:55,"[오후공시] 원풍, 지난해 영업이익 91억&hellip;전년比 118%&uarr; 外","【서울=뉴시스】 ▲원풍, 지난해 영업이익 전년대비 118.0% 증가한 90억9787만원 기록. 같은 기간 매출 0.4% 감소한 825억5943만원, 당기순이익 51.9% 증가한 59억2587만원. ▲원풍, 보통주 1주당 140원 현금배당 결정. 시가배당율 3.2%, 배당금총액 16억8000만원. 배당금지급 예정일 4월15일. ▲콜마비앤에이치, 보통주 1주당 125원 현금배당 결정. 시가배당율 0.2%, 배당금총액 18억4634만원. ▲아이쓰리시스템, 보통주 1주당 400원 현금배당 결정. 시가배당율 0.8%, 배당금총액 13억2694만원. ▲리노스, 보통주 1주당 50원 현금배당 결정. 시가배당율 1.5%, 배당금총액 17억5884만원. ▲일진전기, 보통주 1주당 80원 현금배당 결정. 시가배당율 1.6%, 배당금총액 29억6578만원. ▲위지트, 유상증자에 참여해 3D프린팅 제조·판매업체인 센프린텍의 7만7500주를 취득키로 결정. 취득금액 15억5000만원, 자기자본대비 4.3%. 취득후 위지트의 지분율 51.5%. ▲위지트, 유상증자에 참여해 센트롤의 6만주를 24억원에 취득키로 결정. 자기자본대비 6.7%, 취득 후 지분율 13.7%. ▲알에프텍, 보통주 1주당 50원 현금배당 결정. 시가배당율 0.6%, 배당금총액 6억3500만원. ▲디지털대성, 보통주 1주당 160원 현금배당 결정. 시가배당율 4.7%, 배당금총액 30억4696만원. ▲대동공업, 지난해 영업이익 전년대비 15.9% 감소한 54억3324만원 기록. 같은 기간 매출 3.3% 줄어든 5834억7348만원, 당기순이익 29.3% 감소한 35억3931만원. ▲화승알앤에이, 보통주 1주당 500원 현금배당 결정. 시가배당율 1.4%, 배당금총액 29억7806만원, 배당금지급 예정일 4월15일. ★ 세상에 이런일이 -  자식도 버렸는데…결혼 약속 남자의 두얼굴 ★ 오늘의 핫 포토 -  누드 동영상 유출 파문 재판 출석한 스포츠 아나운서"
헤럴드경제,008370,/news/news_read.nhn?article_id=0001010787&office_id=016&mode=search&query=원풍&page=1,2016-03-10 14:19,"&lt;생생코스닥&gt;원풍, 주당 140원 현금배당 결정",원풍은 보통주 1주당 140원의 현금 결산배당을 결정했다고 10일 공시했다. 시가배당율은 3.21%이며 배당금총액은 16억8000만원이다.
한국경제TV,008370,/news/news_read.nhn?article_id=0000617699&office_id=215&mode=search&query=원풍&page=1,2018-04-02 09:24,"원풍물산, 52주 신고가 경신... 전일 대비 13% 상승","[한국경제TV 라이온봇 기자] 원풍물산은 52주 신고가를 경신했다. 원풍물산은 4월 2일 9시 24분 전일 대비 약 13% 상승한 6,210원에 거래되고 있다. 원풍물산은 코스닥 상장 기업으로 섬유,의류 업종에 속해 있다. 시가총액은 1,622억원으로 코스닥 상장기업 중 396위에 위치 해 있다. [종목 성향 진단] [그림 1] 종목 성향 진단 원풍물산의 투자 스타일은 성장주에 가깝다. 주가 고평가 우려가 공존하지만 높은 성장성이 기대되는 기업이다. 주가 모멘텀은 좋은 편에 속했다. 최근 3개월 수익률은 27.45%의 상승폭을 기록했다. 최근 1개월 수익률 또한 16.55% 상승하며 좋은 모멘텀을 보이고 있다. 원풍물산 종목에 대한 투자자의 관심도는 높은 편에 속한다. [투자 점수 진단] [그림 2] 투자 점수 진단 원풍물산은 수익성(영업이익률) 측면에서 두각을 나타내고 있다. 최근 영업이익률은 63점으로 6개의 핵심 팩터 중 가장 높은 점수를 기록했다. 영업이익률은  전체 시장 내 725위를 기록하며 상위 37.11%에 위치했다. 업종별로는 124위를 기록하며 상위 31.14%에 위치했다. 그리고 안정성(부채비율) 역시 도드라지는 편이다. 안정성 점수는 59점으로 두번째로 높은 점수를 기록했다. 부채비율은 전체 시장 내 835위를 기록하며 상위 40.92%에 위치했다. 업종별로는 170위를 기록하며 상위 40.76%에 위치했다. 그러나 PBR과 매출증가율(YoY)은  아쉬움을 나타냈다. [종합 투자점수] [그림 3] 종합 투자점수 AI 인공지능 분석을 통한 원풍물산의 종목 종합 스코어는 45점을 기록했다. 이는 동일 업종 평균점수인 52점과 시장 평균점수인 54점를 하회하는 수치였다. (위의 AI인공지능 점수는 재무 데이터를 기반으로 전체 상장 종목과 비교/분석하여 도출한 점수로 높은 점수가 반드시 높은 수익률을 보장하지 않습니다. 위의 자료는 당사의 추천 종목이 아니며, 투자 시 참고용으로 제시해드리는 것입니다.) 라이온봇 기자 -한국경제TV※ 본 기사는 한국경제TV와 '거장들의 투자공식이'자체 개발한 '라이온봇 기자'가 실시간으로 작성한 기사입니다. 라이온봇기자 ⓒ 한국경제TV, 무단 전재 및 재배포 금지 한국경제TV 관련뉴스해당 언론사에서 선정하며 언론사 페이지(아웃링크)로 이동해 볼 수 있습니다.""자연미인"" 셋째 출산에도 여전히 아름다운 '리설주'견미리 딸 이다인, 금수저 논란…주식부자?오연서, 서태지 부인 이은성 고아라 미모 대결 승자가…바다 남편, 9살 연하 아니다? ""민망함 때문에…""'재벌 3세' 정용진·정지선은 SNS를 어떻게 이용할까?"
헤럴드경제,008370,/news/news_read.nhn?article_id=0001010780&office_id=016&mode=search&query=원풍&page=1,2016-03-10 14:15,"&lt;생생코스닥&gt;원풍, 작년 영업익 90.9억 전년비 118.04%&uarr;",원풍은 지난해 연결 영업이익이 90억9787만원으로 전년대비 118.04% 증가했다고 10일 공시했다. 매출액은 825억5943만원으로 0.44% 줄었으나 당기순이익은 59억2586만원으로 51.86% 증가한 것으로 집계됐다.
한국경제TV,008370,/news/news_read.nhn?article_id=0000605771&office_id=215&mode=search&query=원풍&page=1,2018-02-26 09:50,"원풍, 전일 대비 약 5% 상승한 4,125원","[한국경제TV 라이온봇 기자] 원풍은 2월 26일 9시 50분 전일 대비 약 5% 상승한 4,125원에 거래되고 있다. 원풍은 코스닥 상장 기업으로 화학 업종에 속해 있다. 시가총액은 477억원으로 코스닥 상장기업 중 1,034위에 위치 해 있다. [종목 성향 진단] [그림 1] 종목 성향 진단 원풍의 투자 스타일은 가치주에 가깝다. 기업 가치 대비 낮은 주가가 매력적인 기업이다. 주가 모멘텀은 평범한 수준이었다. 최근 1개월 수익률이 2.19%, 3개월 수익률은 2.19%, 6개월 수익률은 4.88%를 기록했다. 원풍 종목에 대한 투자자의 관심도는 매우 낮은 편이었다. [투자 점수 진단] [그림 2] 투자 점수 진단 원풍은 안정성(부채비율) 측면에서 두각을 나타내고 있다. 최근 부채비율은 90점으로 6개의 핵심 팩터 중 가장 높은 점수를 기록했다. 부채비율은  전체 시장 내 226위를 기록하며 상위 9.92%에 위치했다. 업종별로는 21위를 기록하며 상위 8%에 위치했다. 그리고 저평가성2(PBR) 역시 도드라지는 편이다. 저평가성2 점수는 79점으로 두번째로 높은 점수를 기록했다. PBR은 전체 시장 내 383위를 기록하며 상위 20.5%에 위치했다. 업종별로는 85위를 기록하며 상위 38.36%에 위치했다. 그러나 매출증가율(YoY)과 영업이익률은  아쉬움을 나타냈다. [종합 투자점수] [그림 3] 종합 투자점수 AI 인공지능 분석을 통한 원풍의 종목 종합 스코어는 63점을 기록했다. 이는 동일 업종 평균점수인 63점과 동일한 수준이었으나, 시장 평균점수인 57점을 상회했다. (위의 AI인공지능 점수는 재무 데이터를 기반으로 전체 상장 종목과 비교/분석하여 도출한 점수로 높은 점수가 반드시 높은 수익률을 보장하지 않습니다. 위의 자료는 당사의 추천 종목이 아니며, 투자 시 참고용으로 제시해드리는 것입니다.) 라이온봇 기자 -한국경제TV※ 본 기사는 한국경제TV와 '거장들의 투자공식이'자체 개발한 '라이온봇 기자'가 실시간으로 작성한 기사입니다. 라이온봇기자 ⓒ 한국경제TV, 무단 전재 및 재배포 금지 한국경제TV 관련뉴스해당 언론사에서 선정하며 언론사 페이지(아웃링크)로 이동해 볼 수 있습니다.판커신 나쁜손 ""인정 못해""…中누리꾼 최민정 SNS에 악플테러'원조 청순女' 강수지 성형고백…'자연 미인 아니었나?'이윤택 기자회견 리허설, 짜고치기 고스톱?""법적 대응한다더니..."" 송하늘 조민기 성추행 폭로 '반전'왁스, 절친 홍석천 사생활 폭로? ""클럽 가면 사라진다"""
이데일리,008370,/news/news_read.nhn?article_id=0003528935&office_id=018&mode=search&query=원풍&page=1,2016-04-25 19:01,"원풍물산, 미 제약사 렐마다 테라퓨틱스 지분 11억에 취득",[이데일리 김용갑 기자] 원풍물산(008290)은 25일 미국 진통제 신약개발업체 렐마다 테라퓨틱스(RELMADA THERAPEUTICS) 주식을 11억4110만원(100만달러) 어치 취득한다고 공시했다. 원풍물산 관계자는 “취득 주식 수는 아직 확정되지 않았다”고 설명했다. 이어 “렐마다 테라퓨틱스가 미국 나스닥에 상장된 이후 투자수익이 기대되는 상황”이라며 “지분 확대를 통해 상호 협력을 강화하려 한다”고 덧붙였다.
아시아경제,008370,/news/news_read.nhn?article_id=0003813979&office_id=277&mode=search&query=원풍&page=1,2016-08-24 14:30,"원풍물산, 믿었던 &lsquo;렐마다&rsquo;&hellip;나스닥 상장&middot;임상 &lsquo;빨간불&rsquo;","[팍스넷데일리 정민정 기자] 원풍물산이 투자한 미국 제약회사 렐마다의 나스닥 이전상장과 신약 개발에 브레이크가 걸렸다. 상장 요건을 채우지 못해 이전상장이 무기한 연기된데 이어 ‘레보캡’의 임상 3상도 진행 자체가 불투명해졌다. 의류업체 원풍물산은 지난 2007년 돌연 신약사업에 뛰어 들었다. 당시 유상증자를 통해 미국 신약회사 ‘렐마다(Relmada Therapeutics, INC.)’ 지분의 10%를 획득하고 두 가지 품목에 대한 아시아 판권을 획득했다. 현재 렐마다의 주요 이슈는 미국의 제3주식시장 ‘OTCBB’에서 나스닥(Nasdaq)으로의 이전 상장으로 지난 4월14일 상장요건 조건부 승인을 받았다. 하지만 정체된 주가가 발목을 잡고 있다. 렐마다 주가는 현재 1.5달러 수준에서 등락을 거듭하고 있는 상황이다. 원풍물산 관계자는 24일 “주가가 4달러 이상 한 달간 지속돼야 이전상장 요건을 충족할 수 있다”라며 “최근에 4달러 이상을 기록한 적도 없어 향후 이전상장이 진행될지는 오리무중”이라고 전했다. 또 “나스닥 이전 상장이 해결돼야 ‘REL-1015(LevoCap ER, 이하 레보캡)’ 임상 3상이 원활하게 진행되는데 파이프라인 전망도 불투명해졌다”고 설명했다. 렐마다는 네가지 통증치료제 파이프라인을 보유 중이다. 이 가운데 임상단계가 가장 상위단계인 파이프라인 레보캡에 대한 시장의 관심이 가장 높다. 레보캡은 레보포놀(Levophanol)을 원료로 하는 강력한 마약성 진통제로 알려져 있다. 원풍물산 관계자는 “아직 임상시험이 끝나지 않은 상태인 만큼 판권은 의미가 없다”며 “이전상장 여부는 미국에서 결정할 사항이고 결과를 기다릴 수밖에 없다” 라고 덧붙였다."
서울경제,008370,/news/news_read.nhn?article_id=0003248211&office_id=011&mode=search&query=원풍&page=1,2018-03-20 10:25,"(코)원풍물산, 전일 대비 9.80% 상승.. 일일회전율은 1.42% 기록","[서울경제] 원풍물산(008290) 은 20일 오전 10시 24분 현재 9.80% 오른 4,035원에 거래되고 있으며, 27(매도):73(매수)의 매수우위를 기록하고 있다. 거래대금은 21억765만, 거래량은 54만7,018주로 거래량회전율은 1.42%로 나타났다. 지난 1개월간 원풍물산은 상승 14회, 하락 16회를 기록했고, 주가수익률은 1.64% 표준편차는 2.35%를 기록했다. 이 기간 ' 섬유·의류업 ' 업종 평균 주가수익률은 0.07%로 나타났으며, 변동성은 1.67%를 기록했다. 이 시각 현재 ' 섬유·의류업 '은 1.64% 상승 중이며, 41(매도):59(매수)의 매수우위를 기록하고 있다."
한국경제TV,008370,/news/news_read.nhn?article_id=0000614530&office_id=215&mode=search&query=원풍&page=1,2018-03-23 11:26,"원풍물산, 전일 대비 약 -6% 하락한 4,145원","[한국경제TV 라이온봇 기자] 원풍물산은 3월 23일 11시 26분 전일 대비 약 -6% 하락한 4,145원에 거래되고 있다. 원풍물산은 코스닥 상장 기업으로 섬유,의류 업종에 속해 있다. 시가총액은 1,693억원으로 코스닥 상장기업 중 376위에 위치 해 있다. [종목 성향 진단] [그림 1] 종목 성향 진단 원풍물산의 투자 스타일은 성장주에 가깝다. 주가 고평가 우려가 공존하지만 높은 성장성이 기대되는 기업이다. 주가 모멘텀은 좋은 편에 속했다. 최근 6개월 수익률은 22.5%의 상승폭을 기록했다. 최근 1개월 수익률 또한 20.33% 상승하며 좋은 모멘텀을 보이고 있다. 원풍물산 종목에 대한 투자자의 관심도는 굉장히 높은 편이다. [투자 점수 진단] [그림 2] 투자 점수 진단 원풍물산은 수익성(영업이익률) 측면에서 두각을 나타내고 있다. 최근 영업이익률은 63점으로 6개의 핵심 팩터 중 가장 높은 점수를 기록했다. 영업이익률은  전체 시장 내 725위를 기록하며 상위 37.11%에 위치했다. 업종별로는 124위를 기록하며 상위 31.14%에 위치했다. 그리고 안정성(부채비율) 역시 도드라지는 편이다. 안정성 점수는 59점으로 두번째로 높은 점수를 기록했다. 부채비율은 전체 시장 내 832위를 기록하며 상위 40.92%에 위치했다. 업종별로는 170위를 기록하며 상위 40.76%에 위치했다. 그러나 PBR과 매출증가율(YoY)은  아쉬움을 나타냈다. [종합 투자점수] [그림 3] 종합 투자점수 AI 인공지능 분석을 통한 원풍물산의 종목 종합 스코어는 45점을 기록했다. 이는 동일 업종 평균점수인 53점과 시장 평균점수인 56점를 하회하는 수치였다. (위의 AI인공지능 점수는 재무 데이터를 기반으로 전체 상장 종목과 비교/분석하여 도출한 점수로 높은 점수가 반드시 높은 수익률을 보장하지 않습니다. 위의 자료는 당사의 추천 종목이 아니며, 투자 시 참고용으로 제시해드리는 것입니다.) 라이온봇 기자 -한국경제TV※ 본 기사는 한국경제TV와 '거장들의 투자공식이'자체 개발한 '라이온봇 기자'가 실시간으로 작성한 기사입니다. 라이온봇기자 ⓒ 한국경제TV, 무단 전재 및 재배포 금지 한국경제TV 관련뉴스해당 언론사에서 선정하며 언론사 페이지(아웃링크)로 이동해 볼 수 있습니다.노현정, 故 정주영 회장 제사 현장 포착…'더 예뻐졌네'골프여왕 박인비, 외모 때문에 메인스폰서 없었던 사연은?신성일, ""보디빌더 나갔다""던 리즈시절 사진 봤더니설현, 원주민도 반한 사연…만국 공통 몸매?'문재인 대통령 노벨상 추진위' 해산 이유"
서울경제,008370,/news/news_read.nhn?article_id=0003258931&office_id=011&mode=search&query=원풍&page=1,2018-04-02 09:06,"(코)원풍물산, 장중 신고가 돌파.. 5,490&rarr;6,360(▲870)","[서울경제] 오전 9시 4분 현재 원풍물산(008290) 이 15.85% 오른 6,360원(▲870)을 기록하며, 52주 신고가를 +870원 경신했다. 기존 52주 최고가는 2018년 03월 30일 기록한 5,490원이다. 체결강도는 149%로 강세 반전했다. 총매수체결량은 635,943주, 총매도체결량은 425,668주를 각각 기록했다.  (※ 체결강도(%) = (총매수체결량/총매도체결량)*100) 이 시각 현재 거래대금은 90억8,728만, 거래량은 145만5,041주를 기록하고 있으며, 수급측면으로는 40(매도):60(매수)의 매수우위를 보이고 있다. 거래일을 기준으로 최근 3일간 평균 거래량은 6백1십1만6천주, 60일 평균 거래량 1백3십만5천주로 최근 거래량이 큰 폭으로 증가하는 추세다."
파이낸셜뉴스,008370,/news/news_read.nhn?article_id=0003992725&office_id=014&mode=search&query=원풍&page=1,2018-03-30 15:42,"[fnRASSI]장마감, 코스닥 상승 종목(원풍물산 29.94%&uarr;)","30일 코스닥 시장은 상승 804개, 하락 367개, 보합 62개로 마감했다. 상승한 종목으로 원풍물산(008290) 29.94%, 옵토팩(123010) 29.91%, 켐온(217600) 29.91% 등이 있다. 'fnRASSI'는 증권전문 기업 씽크풀과 파이낸셜뉴스의 협업으로 로봇기자가 실시간으로 생산하는 기사입니다."
헤럴드경제,008370,/news/news_read.nhn?article_id=0001360115&office_id=016&mode=search&query=원풍&page=1,2018-02-28 15:46,"[생생코스닥]원풍, 주당 171원 현금배당 결정",[헤럴드경제=증권팀] 원풍은 보통주 1주당 171원의 현금 결산배당을 결정했다고 28일 공시했다. 시가배당율은 4.25%이며 배당금총액은 20억5200만원이다. 배당금 지급 예정일자는 4월 10일이다.
헤럴드경제,008370,/news/news_read.nhn?article_id=0001368827&office_id=016&mode=search&query=원풍&page=1,2018-03-21 09:46,원풍물산(008290) 현재 11.51% 상승,"21일 9시 42분 현재 원풍물산은 전 거래일보다 11.51% 상승하여 4,795원에 거래 중이다. 관련종목들 혼조세, 섬유,의류업종 +1.84% 이 시각 현재 관련종목들은 혼조세를 보이고 있으나 섬유,의류업종은 1.84% 상승중이다.  지엔코 2,990원▲65(+2.22%) 배럴 14,800원0 (0.00%)  코웰패션 4,830원▲25(+0.52%) 코데즈컴바인 3,615원▼20(-0.55%) 투심 보통 ,거래량 과열, 현재주가는 강세 최근 주가변화를 기준으로 살펴보면 현주가는 강세패턴은 유지되고 있고, 거래량 지표로 볼 때는 단기적으로 과열조짐이 포착돼 경계가 필요한 시점이며 투자심리적 관점에서 보면 투자자들에게 별다른 변화가 나타나지 않고 있고 이동평균선들의 배열도를 분석을 해보면 단기, 중기, 장기 이동평균선이 정배열을 이루는 전형적인 상승국면에 있다.          침체 약세 보통 강세 과열              주가              거래량              투자심리"
한국경제TV,008370,/news/news_read.nhn?article_id=0000612994&office_id=215&mode=search&query=원풍&page=1,2018-03-20 10:26,"원풍물산, 11% 급등... 전일 보다 410원 상승한 4,085원","[한국경제TV 라이온봇 기자] 원풍물산은 3월 20일 10시 26분 전일 대비 약 11% 급등한 4,085원에 거래되고 있다. 원풍물산은 코스닥 상장 기업으로 섬유,의류 업종에 속해 있다. 시가총액은 1,410억원으로 코스닥 상장기업 중 465위에 위치 해 있다. [종목 성향 진단] [그림 1] 종목 성향 진단 원풍물산의 투자 스타일은 성장주에 가깝다. 주가 고평가 우려가 공존하지만 높은 성장성이 기대되는 기업이다. 주가 모멘텀은 평범한 수준이었다. 최근 1개월 수익률이 2.08%, 3개월 수익률은 2.08%, 6개월 수익률은 5.91%를 기록했다. 원풍물산 종목에 대한 투자자의 관심도는 평범한 수준이었다. [투자 점수 진단] [그림 2] 투자 점수 진단 원풍물산은 수익성(영업이익률) 측면에서 두각을 나타내고 있다. 최근 영업이익률은 63점으로 6개의 핵심 팩터 중 가장 높은 점수를 기록했다. 영업이익률은  전체 시장 내 725위를 기록하며 상위 37.11%에 위치했다. 업종별로는 124위를 기록하며 상위 31.14%에 위치했다. 그리고 안정성(부채비율) 역시 도드라지는 편이다. 안정성 점수는 59점으로 두번째로 높은 점수를 기록했다. 부채비율은 전체 시장 내 832위를 기록하며 상위 40.92%에 위치했다. 업종별로는 170위를 기록하며 상위 40.76%에 위치했다. 그러나 PBR과 매출증가율(YoY)은  아쉬움을 나타냈다. [종합 투자점수] [그림 3] 종합 투자점수 AI 인공지능 분석을 통한 원풍물산의 종목 종합 스코어는 45점을 기록했다. 이는 동일 업종 평균점수인 52점과 시장 평균점수인 56점를 하회하는 수치였다. (위의 AI인공지능 점수는 재무 데이터를 기반으로 전체 상장 종목과 비교/분석하여 도출한 점수로 높은 점수가 반드시 높은 수익률을 보장하지 않습니다. 위의 자료는 당사의 추천 종목이 아니며, 투자 시 참고용으로 제시해드리는 것입니다.) 라이온봇 기자 -한국경제TV※ 본 기사는 한국경제TV와 '거장들의 투자공식이'자체 개발한 '라이온봇 기자'가 실시간으로 작성한 기사입니다. 라이온봇기자 ⓒ 한국경제TV, 무단 전재 및 재배포 금지 한국경제TV 관련뉴스해당 언론사에서 선정하며 언론사 페이지(아웃링크)로 이동해 볼 수 있습니다.김종국 집 공개…못 말리는 '블랙' 사랑, '검종국' 등극'그것이 알고싶다' 배정훈PD와 열애 이영진 저격 발언도 '그알급'정재성 사망, ""아내가 시신 발견""최율 조재현 성추행 폭로글 삭제 내막 '소름'송혜교, 결혼 후 첫 공식석상…송중기가 반한 '핑크여신'"
서울경제,008370,/news/news_read.nhn?article_id=0003204078&office_id=011&mode=search&query=원풍&page=1,2018-01-23 09:32,"(코)원풍물산, 전일 대비 10.09% 상승.. 일일회전율은 0.70% 기록","[서울경제] 원풍물산(008290) 은 23일 오전 9시 30분 현재 10.09% 오른 3,820원에 거래되고 있으며, 29(매도):71(매수)의 매수우위를 기록하고 있다. 거래대금은 9억8,670만, 거래량은 27만124주로 거래량회전율은 0.70%로 나타났다. 지난 1개월간 원풍물산은 상승 12회, 하락 17회를 기록했고, 주가수익률은 0.00% 표준편차는 2.53%를 기록했다. 이 기간 ' 섬유·의류업 ' 업종 평균 주가수익률은 3.26%로 나타났으며, 변동성은 2.34%를 기록했다. 이 시각 현재 ' 섬유·의류업 '은 0.70% 상승 중이며, 34(매도):66(매수)의 매수우위를 기록하고 있다."
서울경제,008370,/news/news_read.nhn?article_id=0003249181&office_id=011&mode=search&query=원풍&page=1,2018-03-21 09:32,"(코)원풍물산, 전일 대비 7.44% 상승.. 일일회전율은 6.67% 기록","[서울경제] 원풍물산(008290) 은 21일 오전 9시 31분 현재 7.44% 오른 4,620원에 거래되고 있으며, 47(매도):53(매수)의 매수우위를 기록하고 있다. 거래대금은 116억9,370만, 거래량은 256만1,757주로 거래량회전율은 6.67%로 나타났다. 지난 1개월간 원풍물산은 상승 15회, 하락 15회를 기록했고, 주가수익률은 19.38% 표준편차는 3.89%를 기록했다. 이 기간 ' 섬유·의류업 ' 업종 평균 주가수익률은 2.62%로 나타났으며, 변동성은 1.72%를 기록했다. 이 시각 현재 ' 섬유·의류업 '은 1.16% 상승 중이며, 44(매도):56(매수)의 매수우위를 기록하고 있다."
아시아경제,008370,/news/news_read.nhn?article_id=0003704118&office_id=277&mode=search&query=원풍&page=1,2016-03-10 14:04,"원풍, 2015년 영업익 90억원&hellip;전년比 118% 증가","[아시아경제 권해영 기자] 원풍은 2015년 매출 825억5900만원, 영업이익 90억9700만원을 기록했다고 10일 공시했다. 전년 대비 매출은 0.44% 감소한 반면 영업이익은 118.04% 증가했다."
파이낸셜뉴스,008370,/news/news_read.nhn?article_id=0003920940&office_id=014&mode=search&query=원풍&page=1,2017-12-08 11:32,"[fnRASSI]원풍물산, 거래량 확대되며 5거래일 연속 하락","원풍물산(008290)의 현재 거래량이 최근 5거래일 거래량의 최고치를 넘어서며 투자자들의 관심을 받고 있다. 그리고 원풍물산은 5일 연속 하락흐름을 보이며, 11시 28분 현재 2.23% 내린 3,735원에 거래중이다.                   지표               항목               값               종합점수                 성장성               매출액증가율               -0.04               3.07                 자기자본증가율               -0.15                 안정성               부채비율               53.32               7.82                 유동비율               163.01                 이익안정성               7.5                 수익성               ROA               -2.45               2.04                 ROE               -3.75                 영업이익율               -0.51          원풍물산의 퀀트 재무 점수는 12.93점으로 지난 분기에 비해 성장성 점수가 하락했다. 이는 매출액 증가율과 자기자본 증가율이 감소하였기 때문이다. 안정성 종합 점수는 부채비율 증가, 유동비율 감소로 하락했다. 수익성 측면에서 볼때 ROA, ROE, 영업이익률 모두 개선되어 이전보다 좋은 점수를 받았다. 상장주식수 대비 거래량은 2.81%로 적정수준 최근 한달간 원풍물산의 상장주식수 대비 거래량을 비교해보니 일별 매매회전율이 2.81%로 집계됐다. 그리고 동기간 장중 저점과 고점의 차이인 일평균 주가변동률을 5.13%를 나타내고 있다. 'fnRASSI'는 증권전문 기업 씽크풀과 파이낸셜뉴스의 협업으로 로봇기자가 실시간으로 생산하는 기사입니다."
파이낸셜뉴스,008370,/news/news_read.nhn?article_id=0003747619&office_id=014&mode=search&query=원풍&page=1,2016-12-13 13:54,[fnRASSI]원풍물산(008290) 현재 +9.41%,"원풍물산(008290)은 현재 주가가 전일 대비 9.41% 상승한 3,255원 선에서 거래가 이루어지고 있다.  상장주식수 대비 거래량은 0.5%로 적정수준최근 한달간 원풍물산의 상장주식수 대비 거래량을 비교해보니 일별 매매회전율이 0.5%로 집계됐다. 그리고 동기간 장중 저점과 고점의 차이인 일평균 주가변동률을 5.88%를 나타내고 있다.  
 





 




       지표 
     


       항목 
     


       값 
     


       종합점수 
     




       성장성 
     


       매출액증가율 
     


       -0.03 
     


       3.56 
     




       자기자본증가율 
     


       -0.15 
     




       안정성 
     


       부채비율 
     


       55.74 
     


       7.81 
     




       유동비율 
     


       145.54 
     




       이익안정성 
     


       8.33 
     




       수익성 
     


       ROA 
     


       -13.95 
     


       2.54 
     




       ROE 
     


       -21.73 
     




       영업이익율 
     


       3.27 
     


 원풍물산의 퀀트 재무 점수는 13.91점으로 지난 분기에 비해 성장성 점수가 하락했다. 이는 매출액 증가율과 자기자본 증가율이 감소하였기 때문이다. 안정성 종합 점수는 부채비율 증가, 유동비율 감소로 하락했다. 수익성 측면에서 볼때 ROA, ROE, 영업이익률 모두 개선되어 이전보다 좋은 점수를 받았다.  'fnRASSI'는 증권전문 기업 씽크풀과 파이낸셜뉴스의 협업으로 로봇기자가 실시간으로 생산하는 기사입니다."
서울경제,008370,/news/news_read.nhn?article_id=0002743471&office_id=011&mode=search&query=원풍&page=1,2015-09-24 14:31,"[업종동향_코스닥] 원풍물산 중심으로 섬유,의류업종 폭등세","코스닥 시장이 플러스권을 유지하고 있지만 장중 추가강세흐름이 나타나지 않는 모습이고(+4.28p) 상대적으로 섬유,의류업종의 폭등세가 두드러지고 있다. 코스닥우량기업업종 등에서 집중적인 매수세를 보이고 있고, 디지털컨텐츠업종 등에서 매도규모를 늘리고 있다. 현재 코스닥시장은 유가증권시장보다는 상승탄력이 더 강한 모습이다. 24일 오후 2시21분 현재 코스닥 시장에서 업종별 등락현황을 살펴보면, 섬유,의류업종(7.36%)과 디지털컨텐츠업종(1.87%)등이 상승률이 큰 것으로 나타났고 반대로 출판,매체복제업종(-4.61%)과 통신서비스업종(-1.04%)등은 하락폭이 큰 것으로 집계되었다. 상승률이 가장 큰 섬유,의류업종지수는 전일에 이어 오늘도 상승하면서 또한번 연중최고치를 갈아치우는 모습인데, 향후 추가적인 강세트렌드가 진행될 가능성을 보여주고 있다. 동업종에 대해서 외국인은 소규모 매수세를 형성하고 있는데, 최근 일주일동안 이들이 순매수한 금액은 45억원에 이른다. 상대적으로 개인은 매도에 주로 치중한 것으로 나타났다. 동업종지수의 패턴을 분석해보면 현재위치는 전형적인 정배열 구간에서 60일, 120일, 240일 이동평균선을 상향돌파해내고 있는 모습이다. 섬유,의류업종내 주요 종목동향을 보면 원풍물산이 14.84%의 상승률로 오늘 업종내에서 움직임이 활발한데, 최근 해당종목에 대하여 외국인은 순매수를 보인 반면에 개인이 매도우위를 보이고 있다. 그리고 좋은사람들은 10.15%, 가희는 6.43%의 오름세를 보이고 있다. 한편 장중 기준으로 지금은 디지털컨텐츠업종의 상승률이 가장 커지는 것으로 나타나고 있고(+0.59%), 상대적으로 출판,매체복제업종은 하락률이 커지고 있는 것으로 나타났다.(-1.22%) 전반적으로 코스닥 주요업종들은 상승우위를 보이고 있다. 인터넷업종은 (-0.29)% 하락중이고 디지털컨텐츠업종이 (1.87)%, 통신장비업종이 (0.82)% 오른 반면에 통신서비스(-1.04%)업종은 하락했다. 이시각 현재, 외국인은 코스닥에서 303억원의 순매수를 보이고 있다. 코스닥우량기업종과 디지털컨텐츠업종을 주로 매수하고 있고 반도체업종과 화학업종 등에서는 매도우위를 보이고 있다. 한편 디지털컨텐츠업종내에서 알서포트(131370)와 KT뮤직(043610)도 각각 20.6%, 6.08%의 등락폭을 보이고 있다. 상대적으로 외국인이 매도우위를 보이는 화학업종에서는 유니더스(044480)가 전날보다 -3.88%낮아진 3,845원을 기록하고 있으며 폴리비전(032980)과 웹스(196700)는 각각 -3.62%,-2.66% 보이고 있다. [ⓒ 한국미디어네트워크, 무단 전재 및 재배포 금지] 서울경제 관련뉴스해당 언론사에서 선정하며 언론사 페이지(아웃링크)로 이동해 볼 수 있습니다.발모촉진 특허음료 장영실 대상… 이유는?박 대통령 장단에 춤추던 은행권이… 참담日패전 초래한 발상이 한국서 벌어지고 있다우려가 현실로… 북한 움직임 심상찮다""한국은 일본과 다를 것"" 전문가 전망"
한국경제TV,008370,/news/news_read.nhn?article_id=0000658661&office_id=215&mode=search&query=원풍&page=1,2018-07-09 11:25,"원풍물산, 전일 대비 약 5% 상승한 4,220원","[한국경제TV 라이온봇 기자] [그림 1] 최근 3개월 간 주가 추세 및 기간별 수익률 원풍물산은 7월 9일 11시 24분 전일 대비 약 5% 상승한 4,220원에 거래되고 있다. 원풍물산은 코스닥 상장 기업으로 섬유,의류 업종에 속해 있다. 시가총액은 1,545억원으로 코스닥 상장기업 중 384위에 위치 해 있다. [종목 성향 진단] [그림 2] 종목 성향 진단 원풍물산의 투자 스타일은 성장주에 가깝다. 주가 고평가 우려가 공존하지만 높은 성장성이 기대되는 기업이다. 주가 모멘텀은 좋지 못했다. 최근 3개월 수익률은 -31.6%의 하락폭을 기록했다. 최근 1개월 수익률 또한 -23.13% 하락하며 부진한 모멘텀을 이어가고 있다. 원풍물산 종목에 대한 투자자의 관심도는 평범한 수준이었다. [투자 점수 진단] [그림 3] 투자 점수 진단 원풍물산은 어느 측면에서 투자 매력도가 높은 종목일까? AI 인공지능 종목 분석 시스템을 이용해 성장성, 수익성, 효율성, 안전성, 저평가성, 추세 등 주가 수익률에 영향을 줄 수 있는 6가지 핵심 투자 지표를 점수화하여 종목의 투자 매력도를 계산해보았다. 그 결과 원풍물산은 상대적으로 추세지표 측면에서 두각을 드러내고 있었다. 추세 점수는 주가의 상승 모멘텀이 어느정도 인가를 나타낸다. 원풍물산은 특히 장기추세 측면에서 가장 높은 점수는 기록했는데, 전체 시장 내 425위를 기록하며 상위 21.45%에 위치했다. 업종별로는 78위를 기록하며 상위 19.01%에 위치했다. 그러나 기업 가치 대비 주가 수준을 나타내는 저평가 측면에서는 아쉬움을 나타냈다. (위의 AI인공지능 점수는 재무 데이터를 기반으로 전체 상장 종목과 비교/분석하여 도출한 점수로 높은 점수가 반드시 높은 수익률을 보장하지 않습니다. 위의 자료는 당사의 추천 종목이 아니며, 투자 시 참고용으로 제시해드리는 것입니다. 핵심투자지표를 결합해 종목의 투자매력도를 종합 계산한 ""인공지능 투자점수""는 ""거장들의 투자공식"" 앱에서 확인하실 수 있습니다.) 라이온봇 기자 -한국경제TV※ 본 기사는 한국경제TV와 '거장들의 투자공식이'자체 개발한 '라이온봇 기자'가 실시간으로 작성한 기사입니다. 라이온봇기자 ⓒ 한국경제TV, 무단 전재 및 재배포 금지 한국경제TV 관련뉴스해당 언론사에서 선정하며 언론사 페이지(아웃링크)로 이동해 볼 수 있습니다.'무역전쟁' 선반영 됐다…지금 사야할 주식은11시에 무슨 일이...매출 50% 급증한다발표하자 마자 급락...코스닥 25개사 '난감하네'계산대 의자 '이렇게' 바꾼다…이마트 10년 만의 변화""당신 차 긁었다"" 문 열어주니 강도로 돌변"
아시아경제,008370,/news/news_read.nhn?article_id=0003588536&office_id=277&mode=search&query=원풍&page=1,2015-09-21 08:13,원풍물산 투자 바이오社 나스닥 상장&hellip;8년 투자 수익은?,"[아시아경제 팍스넷 배요한 기자] 원풍물산이 8년 전 투자한 미국 바이오 신약 개발사 렐마다 테러퓨틱스가 이번 달 나스닥에 최종 상장한다. 주식 가치는 많이 희석된 상황이지만 최초 투자금액 대비 최대 20배에 달하는 수익을 올릴 전망이다. 원풍물산 관계자는 21일 “최근 렐마다사가 투자자 컨퍼런스를 통해 9월 나스닥 상장 계획을 발표했다”면서 “상장을 위한 모든 조건을 갖춘 최종 보고서인 FORM 10-K를 지난 11일 SEC(미국증권거래위원회)에 제출했다”고 전했다. 이어 “상장을 위한 준비는 다 끝난 상태로 결과만을 기다리고 있다”고 설명했다. 원풍물산은 지난 2007년 8월 렐마다 테러퓨틱스(구 테라퀘스트바이오사이언스)에 14억1435만원을 투자해 지분 10%를 취득했다. 하지만 잦은 자금 조달로 현재 원풍물산의 지분율은 크게 줄어든 상태다. 특히 빠른 나스닥 상장을 위해 캠프나인과의 합병을 결정하면서 주식 가치 역시 희석된 상황이다. 회사 관계자는 “과거 2대 주주에도 올라선 적이 있지만, 현재 지분율은 약 3.4%에 불과한 상태”라면서도 “투자수익율은 원금 대비 최대 20배에 달할 전망”이라고 설명했다. 렐마다 사는 지난해 조달한 자금만 해도 5000만 달러(한화 약 581억원)에 달한다. 향후에도 진통제 레보캡(Levocap ER)의 임상 3상을 위해 더 많은 자금을 조달할 전망이다. 원풍물산 관계자는 “이번 상장을 통해 원활한 자금을 조달을 받아 임상 3상을 빨리 끝냈으면 한다”며 “보유한 아시아판권을 통해 글로벌 시장에 진출할 계획”이라고 말했다."
서울경제,008370,/news/news_read.nhn?article_id=0002737465&office_id=011&mode=search&query=원풍&page=1,2015-09-10 14:46,"[업종동향_코스닥] 원풍물산 중심으로 섬유,의류업종 폭등세","코스닥시장이 장중 계속 강세를 보이고 있는 가운데(+4.12p) 상대적으로 섬유,의류업종의 폭등세가 두드러지고 있다. 코스닥우량기업업종 등에서 집중적인 매수세를 보이고 있고, 코스닥우량기업업종 등에서 매도규모를 늘리고 있다. 현재 코스닥시장은 유가증권시장보다는 상승탄력이 더 강한 모습이다. 10일 오후 2시21분 현재 코스닥 시장에서 업종별 등락현황을 살펴보면, 섬유,의류업종(6.27%)과 출판,매체복제업종(4.33%)등이 상승률이 큰 것으로 나타났고 반대로 통신서비스업종(-1.67%)과 인터넷업종(-1.64%)등은 하락폭이 큰 것으로 집계되었다. 상승률이 가장 큰 섬유,의류업종지수는 전일에 이어 오늘도 상승하면서 또한번 연중최고치를 갈아치우는 모습인데, 향후 추가적인 강세트렌드가 진행될 가능성을 보여주고 있다. 동업종에 대해서 외국인은 소규모 매수세를 형성하고 있는데, 최근 일주일동안 이들이 순매수한 금액은 50억원에 이른다. 상대적으로 기관은 매도에 주로 치중한 것으로 나타났다. 동업종지수의 패턴을 분석해보면 현재위치는 전형적인 정배열 구간에서 5일, 10일, 20일 이동평균선을 상향돌파해내고 있는 모습이다. 섬유,의류업종내 주요 종목동향을 보면 원풍물산이 15.46%의 상승률로 오늘 업종내에서 움직임이 활발한데, 최근 해당종목에 대하여 외국인은 순매수를 보인 반면에 개인이 매도우위를 보이고 있다. 그리고 좋은사람들은 2.16%, 웰크론은 1.54%의 오름세를 보이고 있다. 한편 장중 기준으로 지금은 방송서비스업종의 상승률이 가장 커지는 것으로 나타나고 있고(+2.31%), 상대적으로 섬유,의류업종은 하락률이 커지고 있는 것으로 나타났다.(-1.03%) 전반적으로 코스닥 주요업종들은 상승우위를 보이고 있다. 인터넷업종은 (-1.64)% 하락중이고 IT부품업종이 (1.35)%, 반도체업종이 (0.91)% 오른 반면에 통신서비스(-1.67%)업종은 하락했다. 이시각 현재, 외국인은 코스닥에서 18억원의 순매수를 보이고 있다. 일반전기전자업종과 IT부품업종을 주로 매수하고 있고 코스닥벤처기업종과 제약업종 등에서는 매도우위를 보이고 있다. 이에 따라 일반전기전자업종내 부방(014470)은 12.54%오른 7,630원을 기록하고 있으며 파버나인(177830)은 5.61%오른 6,780원에 거래되고 있다. 한편 IT부품업종내에서 태양기전(072520)과 엔알케이(054340)도 각각 29.87%, 29.36%의 등락폭을 보이고 있다. 상대적으로 외국인이 매도우위를 보이는 제약업종에서는 코오롱생명과학(102940)이 전날보다 -2.27%낮아진 159,300원을 기록하고 있으며 셀트리온제약(068760)과 대한뉴팜(054670)은 각각 -2.26%,-2.19% 보이고 있다. [ⓒ 한국미디어네트워크, 무단 전재 및 재배포 금지] 서울경제 관련뉴스해당 언론사에서 선정하며 언론사 페이지(아웃링크)로 이동해 볼 수 있습니다.발모촉진 특허음료 장영실 대상… 이유는?'신형 아이폰' 꾹 눌러봤더니… 감탄야근 많은 中여성들 노린 한국제품 '대박'디자인 강조한 이건희 한마디에… 놀랍다""北, 대가 치르게…"" 리퍼트 대사의 경고"
파이낸셜뉴스,008370,/news/news_read.nhn?article_id=0003866127&office_id=014&mode=search&query=원풍&page=1,2017-08-30 10:20,"[fnRASSI]원풍물산, 1.89% 오르며 거래량 증가","원풍물산(008290)의 당일 거래량이 최근 5거래일 거래량의 최고치를 넘어서며 투자자들의 관심을 받고 있다. 그리고 원풍물산은 3일 연속 상승흐름을 보이며, 10시 16분 현재 1.89% 증가한 3,230원에 거래중이다. 퀀트 재무분석, 종합점수 15점으로 상승                    지표               항목               값               종합점수                 성장성               매출액증가율               -0.04               4.84                 자기자본증가율               0.01                 안정성               부채비율               45.16               8.08                 유동비율               178.84                 이익안정성               7.22                 수익성               ROA               -2.78               2.02                 ROE               -4.04                 영업이익율               -0.75          원풍물산의 퀀트 재무 점수는 14.94점으로 3개월 이전 13.53점보다 올랐다. 지난 분기에 비해 성장성 점수가 상승했다. 이는 자기자본 증가율이 증가하였기 때문이다. 안정성 종합 점수는 부채비율 감소, 유동비율 증가로 상승했다. 수익성 측면에서 볼때 ROA, ROE, 영업이익률 모두 하락하여 이전보다 낮은 점수를 받았다. 개인,외국인만 거래 참여 최근 한달간 주체별 거래비중을 살펴보면 개인이 93.87%, 외국인이 6.12%를 보였고, 기관은 거래참여가 없었다. 그리고 최근 5일간 거래비중은 개인이 91.06%, 외국인이 8.93%를 보였고, 기관은 거래참여가 없었다. 'fnRASSI'는 증권전문 기업 씽크풀과 파이낸셜뉴스의 협업으로 로봇기자가 실시간으로 생산하는 기사입니다."
한국경제TV,008370,/news/news_read.nhn?article_id=0000654693&office_id=215&mode=search&query=원풍&page=1,2018-06-29 11:29,"원풍물산, 전일 대비 약 -4% 하락한 3,860원","[한국경제TV 라이온봇 기자] [그림 1] 최근 3개월 간 주가 추세 및 기간별 수익률 원풍물산은 6월 29일 11시 28분 전일 대비 약 -4% 하락한 3,860원에 거래되고 있다. 원풍물산은 코스닥 상장 기업으로 섬유,의류 업종에 속해 있다. 시가총액은 1,545억원으로 코스닥 상장기업 중 403위에 위치 해 있다. [종목 성향 진단] [그림 2] 종목 성향 진단 원풍물산의 투자 스타일은 성장주에 가깝다. 주가 고평가 우려가 공존하지만 높은 성장성이 기대되는 기업이다. 주가 모멘텀은 좋지 못했다. 최근 1개월 수익률은 -26.88%의 하락폭을 기록했다. 원풍물산 종목에 대한 투자자의 관심도는 높은 편에 속한다. [투자 점수 진단] [그림 3] 투자 점수 진단 원풍물산은 어느 측면에서 투자 매력도가 높은 종목일까? AI 인공지능 종목 분석 시스템을 이용해 성장성, 수익성, 효율성, 안전성, 저평가성, 추세 등 주가 수익률에 영향을 줄 수 있는 6가지 핵심 투자 지표를 점수화하여 종목의 투자 매력도를 계산해보았다. 그 결과 원풍물산은 상대적으로 추세지표 측면에서 두각을 드러내고 있었다. 추세 점수는 주가의 상승 모멘텀이 어느정도 인가를 나타낸다. 원풍물산은 특히 장기추세 측면에서 가장 높은 점수는 기록했는데, 전체 시장 내 403위를 기록하며 상위 20.34%에 위치했다. 업종별로는 82위를 기록하며 상위 20%에 위치했다. 그러나 기업 가치 대비 주가 수준을 나타내는 저평가 측면에서는 아쉬움을 나타냈다. (위의 AI인공지능 점수는 재무 데이터를 기반으로 전체 상장 종목과 비교/분석하여 도출한 점수로 높은 점수가 반드시 높은 수익률을 보장하지 않습니다. 위의 자료는 당사의 추천 종목이 아니며, 투자 시 참고용으로 제시해드리는 것입니다. 핵심투자지표를 결합해 종목의 투자매력도를 종합 계산한 ""인공지능 투자점수""는 ""거장들의 투자공식"" 앱에서 확인하실 수 있습니다.) 라이온봇 기자 -한국경제TV※ 본 기사는 한국경제TV와 '거장들의 투자공식이'자체 개발한 '라이온봇 기자'가 실시간으로 작성한 기사입니다. 라이온봇기자 ⓒ 한국경제TV, 무단 전재 및 재배포 금지 한국경제TV 관련뉴스해당 언론사에서 선정하며 언론사 페이지(아웃링크)로 이동해 볼 수 있습니다.치아교정 해볼까…송곳니 위치에 달렸다'형이 왜 거기서 나와?' 놀림감 된 독일 골키퍼 노이어 ""괴롭고 처참해""무역전쟁의 끝은 '위안화 절상'…""000株 선점하라""은퇴세대 건보료 '폭탄'…월 19만원 더 내야멕시코 반응 폭발 ""우리 모두는 한국인""..항공권도 할인"
한국경제TV,008370,/news/news_read.nhn?article_id=0000663908&office_id=215&mode=search&query=원풍&page=1,2018-07-23 11:28,"원풍물산, 전일 대비 약 -4% 하락한 3,635원","[한국경제TV 라이온봇 기자] [그림 1] 최근 3개월 간 주가 추세 및 기간별 수익률 원풍물산은 7월 23일 11시 27분 전일 대비 약 -4% 하락한 3,635원에 거래되고 있다. 원풍물산은 코스닥 상장 기업으로 섬유,의류 업종에 속해 있다. 시가총액은 1,455억원으로 코스닥 상장기업 중 426위에 위치 해 있다. [종목 성향 진단] [그림 2] 종목 성향 진단 원풍물산의 투자 스타일은 성장주에 가깝다. 주가 고평가 우려가 공존하지만 높은 성장성이 기대되는 기업이다. 주가 모멘텀은 부진한 편이었다. 최근 3개월 수익률은 -38.27%의 하락폭을 기록했다. 최근 1개월 수익률 또한 -8.01% 하락하며 부진한 모멘텀을 이어가고 있다. 원풍물산 종목에 대한 투자자의 관심도는 평범한 수준이었다. [투자 점수 진단] [그림 3] 투자 점수 진단 원풍물산은 어느 측면에서 투자 매력도가 높은 종목일까? AI 인공지능 종목 분석 시스템을 이용해 성장성, 수익성, 효율성, 안전성, 저평가성, 추세 등 주가 수익률에 영향을 줄 수 있는 6가지 핵심 투자 지표를 점수화하여 종목의 투자 매력도를 계산해보았다. 그 결과 원풍물산은 상대적으로 성장성 측면에서 두각을 드러내고 있었다. 성장성 점수는 기업의 실적이 전년 동기 대비 얼마나 증가했는지를 나타낸 지표로 기업의 이익 성장 추세를 나타낸다. 원풍물산은 특히 당기순이익증가율(YoY) 측면에서 가장 높은 점수는 기록했는데, 전체 시장 내 205위를 기록하며 상위 10.67%에 위치했다. 업종별로는 42위를 기록하며 상위 10.46%에 위치했다. 그러나 기업 가치 대비 주가 수준을 나타내는 저평가 측면에서는 아쉬움을 나타냈다. (위의 AI인공지능 점수는 재무 데이터를 기반으로 전체 상장 종목과 비교/분석하여 도출한 점수로 높은 점수가 반드시 높은 수익률을 보장하지 않습니다. 위의 자료는 당사의 추천 종목이 아니며, 투자 시 참고용으로 제시해드리는 것입니다. 핵심투자지표를 결합해 종목의 투자매력도를 종합 계산한 ""인공지능 투자점수""는 ""거장들의 투자공식"" 앱에서 확인하실 수 있습니다.) 라이온봇 기자 -한국경제TV※ 본 기사는 한국경제TV와 '거장들의 투자공식이'자체 개발한 '라이온봇 기자'가 실시간으로 작성한 기사입니다. 라이온봇기자"
파이낸셜뉴스,008370,/news/news_read.nhn?article_id=0003857387&office_id=014&mode=search&query=원풍&page=1,2017-08-11 10:50,"[fnRASSI]원풍, 당일 거래량 증가하며 3거래일 하락세 지속","원풍(008370)의 현재 거래량이 최근 5거래일 거래량의 최고치를 경신하며 투자자들의 관심을 받고 있다. 그리고 현재 2.3% 내린 4,035원에 거래중이며 3일 연속 하락흐름을 보이고 있다. 외국인, 기관 모두 보유량 감소 (5일 누적) 최근 5일간 동종목의 외국인 투자자는 3,207주 순매도하였고 마찬가지로 기관은 2,268주 순매도하였다. 전날 두 주체 각각 1,060주, 2,268주 순매도하며 보유 비율을 줄였다. 다음 표는 동종목의 외국인, 기관의 일별 순매수량을 나타낸 것이다. 상장주식수 대비 거래량은 0.23%로 적정수준 최근 한달간 원풍의 상장주식수 대비 거래량을 비교해보니 일별 매매회전율이 0.23%로 집계됐다. 그리고 동기간 장중 저점과 고점의 차이인 일평균 주가변동률을 1.38%를 나타내고 있다. 'fnRASSI'는 증권전문 기업 씽크풀과 파이낸셜뉴스의 협업으로 로봇기자가 실시간으로 생산하는 기사입니다."
전자신문,008370,/news/news_read.nhn?article_id=0002567874&office_id=030&mode=search&query=원풍&page=1,2016-12-29 14:24,"[로봇뉴스]원풍물산, 27.36% 급등","현재 원풍물산(008290)은  전거래일 종가대비 27.36% 상승하여 3,980원에 거래중이다. 최근 한달간 원풍물산의 상장주식수 대비 거래량을 비교해보니 일별 매매회전율이 0.49%로 집계됐다.  그리고 동기간 장중 저점과 고점의 차이인 일평균 주가변동률을 3.52%를 나타내고 있다. 유리한 스탁론 담당자는 ""국내 주식시장은 국내외 이슈로 인해 개인투자자들이 투자에 대한 어려움이 커지고 있다. 이러한 상황에서 스탁론을 이용한다면 좀 더 선택의 폭이 넓어지고 운용에 있어서도 한결 여유롭게 투자가 가능해진다""고 밝혔다."
파이낸셜뉴스,008370,/news/news_read.nhn?article_id=0004071250&office_id=014&mode=search&query=원풍&page=1,2018-08-07 13:02,"[fnRASSI]원풍물산, 5.29% 오르며 거래량 증가","원풍물산(008290)의 현재 거래량이 최근 5거래일 거래량의 최고치를 넘어섰다. 그리고 원풍물산은 3일 연속 상승흐름을 보이며, 11시 35분 현재 5.29% 증가한 3,880원에 거래중이다. 매매주체는개인,외국인 최근 한달간 주체별 거래비중을 살펴보면 개인이 84.8%, 외국인이 15.19%를 기록한 것으로 나타났다. 그리고 최근 5일간 거래비중은 개인이 80.22%, 외국인이 19.77%를 기록한 것으로 나타났다. 외국인, 기관 모두 보유량 증가 (5일 누적) 최근 5일간 동종목의 외국인 투자자는 44,925주 순매수하였고 마찬가지로 기관은 0주 순매수하였다. 전날 외국인은 4,633주 순매수했지만 기관은 순매수량이 0으로 보유비율 그대로 유지했다. 다음 표는 동종목의 외국인, 기관의 일별 순매수량을 나타낸 것이다. 'fnRASSI'는 증권전문 기업 씽크풀과 파이낸셜뉴스의 협업으로 로봇기자가 실시간으로 생산하는 기사입니다."
서울경제,008370,/news/news_read.nhn?article_id=0003366405&office_id=011&mode=search&query=원풍&page=1,2018-08-07 11:32,"&lt;코&gt;원풍물산, 전일 대비 7.33% 상승.. 일일회전율은 0.44% 기록","[서울경제] 원풍물산(008290) 은 7일 오전 11시 32분 현재 7.33% 오른 3,955원에 거래되고 있으며, 31(매도):69(매수)의 매수우위를 기록하고 있다. 거래대금은 6억4,266만, 거래량은 16만8,487주로 거래량회전율은 0.44%로 나타났다. 지난 1개월간 원풍물산은 상승 15회, 하락 13회를 기록했고, 주가수익률은 -6.28% 표준편차는 2.97%를 기록했다. 이 기간 ' 섬유·의류업 ' 업종 평균 주가수익률은 -6.00%로 나타났으며, 변동성은 1.67%를 기록했다. 이 시각 현재 ' 섬유·의류업 '은 1.71% 상승 중이며, 50(매도):50(매수)의 보합세를 보이고 있다"
서울경제,008370,/news/news_read.nhn?article_id=0003367903&office_id=011&mode=search&query=원풍&page=1,2018-08-09 09:32,"&lt;코&gt;원풍물산, 전일 대비 9.25% 상승.. 일일회전율은 5.75% 기록","[서울경제] 원풍물산(008290) 은 9일 오전 9시 30분 현재 9.25% 오른 4,135원에 거래되고 있으며, 53(매도):47(매수)의 매도우위를 기록하고 있다. 거래대금은 92억8,619만, 거래량은 220만8,468주로 거래량회전율은 5.75%로 나타났다. 지난 1개월간 원풍물산은 상승 15회, 하락 13회를 기록했고, 주가수익률은 2.73% 표준편차는 2.88%를 기록했다. 이 기간 ' 섬유·의류업 ' 업종 평균 주가수익률은 -2.17%로 나타났으며, 변동성은 1.63%를 기록했다. 이 시각 현재 ' 섬유·의류업 '은 0.42% 상승 중이며, 49(매도):51(매수)의 매수우위를 기록하고 있다."
파이낸셜뉴스,008370,/news/news_read.nhn?article_id=0003754866&office_id=014&mode=search&query=원풍&page=1,2016-12-29 09:11,[fnRASSI]원풍물산(008290) 전일대비 13.76% 상승,"원풍물산(008290)은 현재 주가가 전일 대비 13.76% 상승한 3,555원 선에서 거래가 이루어지고 있다.  
 





 




       지표 
     


       항목 
     


       값 
     


       종합점수 
     




       성장성 
     


       매출액증가율 
     


       -0.03 
     


       3.58 
     




       자기자본증가율 
     


       -0.15 
     




       안정성 
     


       부채비율 
     


       55.74 
     


       7.81 
     




       유동비율 
     


       145.54 
     




       이익안정성 
     


       8.33 
     




       수익성 
     


       ROA 
     


       -13.95 
     


       2.56 
     




       ROE 
     


       -21.73 
     




       영업이익율 
     


       3.27 
     


 원풍물산의 퀀트 재무 점수는 13.95점으로 지난 분기에 비해 성장성 점수가 하락했다. 이는 매출액 증가율과 자기자본 증가율이 감소하였기 때문이다. 실적 안정성이 개선되어 안정성 종합 점수는 상승했다. 수익성 측면에서 볼때 ROA, ROE, 영업이익률 모두 개선되어 이전보다 좋은 점수를 받았다.  상장주식수 대비 거래량은 0.49%로 적정수준최근 한달간 원풍물산의 상장주식수 대비 거래량을 비교해보니 일별 매매회전율이 0.49%로 집계됐다. 그리고 동기간 장중 저점과 고점의 차이인 일평균 주가변동률을 3.52%를 나타내고 있다.  'fnRASSI'는 증권전문 기업 씽크풀과 파이낸셜뉴스의 협업으로 로봇기자가 실시간으로 생산하는 기사입니다."
한국경제TV,008370,/news/news_read.nhn?article_id=0000665473&office_id=215&mode=search&query=원풍&page=1,2018-07-26 10:25,"원풍물산, 전일 대비 약 7% 상승한 3,730원","[한국경제TV 라이온봇 기자] [그림 1] 최근 3개월 간 주가 추세 및 기간별 수익률 원풍물산은 7월 26일 10시 24분 전일 대비 약 7% 상승한 3,730원에 거래되고 있다. 원풍물산은 코스닥 상장 기업으로 섬유,의류 업종에 속해 있다. 시가총액은 1,337억원으로 코스닥 상장기업 중 442위에 위치 해 있다. [종목 성향 진단] [그림 2] 종목 성향 진단 원풍물산의 투자 스타일은 성장주에 가깝다. 주가 고평가 우려가 공존하지만 높은 성장성이 기대되는 기업이다. 주가 모멘텀은 부진한 편이었다. 최근 3개월 수익률은 -39.39%의 하락폭을 기록했다. 최근 1개월 수익률 또한 -14.16% 하락하며 부진한 모멘텀을 이어가고 있다. 원풍물산 종목에 대한 투자자의 관심도는 평범한 수준이었다. [투자 점수 진단] [그림 3] 투자 점수 진단 원풍물산은 어느 측면에서 투자 매력도가 높은 종목일까? AI 인공지능 종목 분석 시스템을 이용해 성장성, 수익성, 효율성, 안전성, 저평가성, 추세 등 주가 수익률에 영향을 줄 수 있는 6가지 핵심 투자 지표를 점수화하여 종목의 투자 매력도를 계산해보았다. 그 결과 원풍물산은 상대적으로 성장성 측면에서 두각을 드러내고 있었다. 성장성 점수는 기업의 실적이 전년 동기 대비 얼마나 증가했는지를 나타낸 지표로 기업의 이익 성장 추세를 나타낸다. 원풍물산은 특히 당기순이익증가율(YoY) 측면에서 가장 높은 점수는 기록했는데, 전체 시장 내 205위를 기록하며 상위 10.67%에 위치했다. 업종별로는 42위를 기록하며 상위 10.46%에 위치했다. 그러나 기업 가치 대비 주가 수준을 나타내는 저평가 측면에서는 아쉬움을 나타냈다. (위의 AI인공지능 점수는 재무 데이터를 기반으로 전체 상장 종목과 비교/분석하여 도출한 점수로 높은 점수가 반드시 높은 수익률을 보장하지 않습니다. 위의 자료는 당사의 추천 종목이 아니며, 투자 시 참고용으로 제시해드리는 것입니다. 핵심투자지표를 결합해 종목의 투자매력도를 종합 계산한 ""인공지능 투자점수""는 ""거장들의 투자공식"" 앱에서 확인하실 수 있습니다.) 라이온봇 기자 -한국경제TV※ 본 기사는 한국경제TV와 '거장들의 투자공식이'자체 개발한 '라이온봇 기자'가 실시간으로 작성한 기사입니다. 라이온봇기자"
한국경제TV,008370,/news/news_read.nhn?article_id=0000671276&office_id=215&mode=search&query=원풍&page=1,2018-08-13 11:26,"원풍물산, 전일 대비 약 -3% 하락한 3,705원","[한국경제TV 라이온봇 기자] [그림 1] 최근 3개월 간 주가 추세 및 기간별 수익률 원풍물산은 8월 13일 11시 26분 전일 대비 약 -3% 하락한 3,705원에 거래되고 있다. 원풍물산은 코스닥 상장 기업으로 섬유,의류 업종에 속해 있다. 시가총액은 1,470억원으로 코스닥 상장기업 중 421위에 위치 해 있다. [종목 성향 진단] [그림 2] 종목 성향 진단 원풍물산의 투자 스타일은 성장주에 가깝다. 주가 고평가 우려가 공존하지만 높은 성장성이 기대되는 기업이다. 주가 모멘텀은 부진한 편이었다. 최근 3개월 수익률은 -25.34%의 하락폭을 기록했다. 최근 1개월 수익률 또한 -9.24% 하락하며 부진한 모멘텀을 이어가고 있다. 원풍물산 종목에 대한 투자자의 관심도는 높은 편에 속한다. [투자 점수 진단] [그림 3] 투자 점수 진단 원풍물산은 어느 측면에서 투자 매력도가 높은 종목일까? AI 인공지능 종목 분석 시스템을 이용해 성장성, 수익성, 효율성, 안전성, 저평가성, 추세 등 주가 수익률에 영향을 줄 수 있는 6가지 핵심 투자 지표를 점수화하여 종목의 투자 매력도를 계산해보았다. 그 결과 원풍물산은 상대적으로 추세지표 측면에서 두각을 드러내고 있었다. 추세 점수는 주가의 상승 모멘텀이 어느정도 인가를 나타낸다. 원풍물산은 특히 1주전대비수익률 측면에서 가장 높은 점수는 기록했는데, 전체 시장 내 251위를 기록하며 상위 12.48%에 위치했다. 업종별로는 45위를 기록하며 상위 10.73%에 위치했다. 그러나 기업 가치 대비 주가 수준을 나타내는 저평가 측면에서는 아쉬움을 나타냈다. (위의 AI인공지능 점수는 재무 데이터를 기반으로 전체 상장 종목과 비교/분석하여 도출한 점수로 높은 점수가 반드시 높은 수익률을 보장하지 않습니다. 위의 자료는 당사의 추천 종목이 아니며, 투자 시 참고용으로 제시해드리는 것입니다. 핵심투자지표를 결합해 종목의 투자매력도를 종합 계산한 ""인공지능 투자점수""는 ""거장들의 투자공식"" 앱에서 확인하실 수 있습니다.) 라이온봇 기자 -한국경제TV※ 본 기사는 한국경제TV와 '거장들의 투자공식이'자체 개발한 '라이온봇 기자'가 실시간으로 작성한 기사입니다. 라이온봇기자"
한국경제TV,008370,/news/news_read.nhn?article_id=0000653980&office_id=215&mode=search&query=원풍&page=1,2018-06-28 09:25,"원풍물산, 전일 대비 약 3% 상승한 4,210원","[한국경제TV 라이온봇 기자] [그림 1] 최근 3개월 간 주가 추세 및 기간별 수익률 원풍물산은 6월 28일 9시 24분 전일 대비 약 3% 상승한 4,210원에 거래되고 있다. 원풍물산은 코스닥 상장 기업으로 섬유,의류 업종에 속해 있다. 시가총액은 1,620억원으로 코스닥 상장기업 중 387위에 위치 해 있다. [종목 성향 진단] [그림 2] 종목 성향 진단 원풍물산의 투자 스타일은 성장주에 가깝다. 주가 고평가 우려가 공존하지만 높은 성장성이 기대되는 기업이다. 주가 모멘텀은 좋지 못했다. 최근 1개월 수익률은 -26.88%의 하락폭을 기록했다. 원풍물산 종목에 대한 투자자의 관심도는 평범한 수준이었다. [투자 점수 진단] [그림 3] 투자 점수 진단 원풍물산은 어느 측면에서 투자 매력도가 높은 종목일까? AI 인공지능 종목 분석 시스템을 이용해 성장성, 수익성, 효율성, 안전성, 저평가성, 추세 등 주가 수익률에 영향을 줄 수 있는 6가지 핵심 투자 지표를 점수화하여 종목의 투자 매력도를 계산해보았다. 그 결과 원풍물산은 상대적으로 추세지표 측면에서 두각을 드러내고 있었다. 추세 점수는 주가의 상승 모멘텀이 어느정도 인가를 나타낸다. 원풍물산은 특히 장기추세 측면에서 가장 높은 점수는 기록했는데, 전체 시장 내 430위를 기록하며 상위 21.71%에 위치했다. 업종별로는 77위를 기록하며 상위 18.77%에 위치했다. 그러나 기업 가치 대비 주가 수준을 나타내는 저평가 측면에서는 아쉬움을 나타냈다. (위의 AI인공지능 점수는 재무 데이터를 기반으로 전체 상장 종목과 비교/분석하여 도출한 점수로 높은 점수가 반드시 높은 수익률을 보장하지 않습니다. 위의 자료는 당사의 추천 종목이 아니며, 투자 시 참고용으로 제시해드리는 것입니다. 핵심투자지표를 결합해 종목의 투자매력도를 종합 계산한 ""인공지능 투자점수""는 ""거장들의 투자공식"" 앱에서 확인하실 수 있습니다.) 라이온봇 기자 -한국경제TV※ 본 기사는 한국경제TV와 '거장들의 투자공식이'자체 개발한 '라이온봇 기자'가 실시간으로 작성한 기사입니다. 라이온봇기자 ⓒ 한국경제TV, 무단 전재 및 재배포 금지 한국경제TV 관련뉴스해당 언론사에서 선정하며 언론사 페이지(아웃링크)로 이동해 볼 수 있습니다.골 터진 한국 독일 하이라이트, '16강 더 아쉽네'홍준표 나무 철거...'채무제로' 기념식수 뽑혔다문 대통령, 금요일까지 일정 취소...무슨 일?차범근家 총출동…한채아 근황, 남편 차세찌는?""정돈 보다 혼돈""…'B급 감성 만물상' 문 열었다"
헤럴드경제,008370,/news/news_read.nhn?article_id=0000910156&office_id=016&mode=search&query=원풍&page=1,2015-11-17 16:37,"&lt;생생코스닥&gt;원풍물산, 65억 규모 사모 CB 발행 결정","원풍물산은 운영자금 조달을 위해 65억원 규모의 사모 전환사채를 발행키로 결정했다고 17일 공시했다. 표면이자율 0%, 만기이자율 1.5%, 사채만기일은 2019년 11월 19일이다. 전환가액은 7788원이다."
서울경제,008370,/news/news_read.nhn?article_id=0003316801&office_id=011&mode=search&query=원풍&page=1,2018-06-08 09:05,"&lt;코&gt;원풍, 장중 신고가 돌파.. 5,460&rarr;5,590(▲130)","[서울경제] 오전 9시 4분 현재 원풍(008370) 이 29.85% 오른 5,590원(▲1,285)을 기록하며, 52주 신고가를 +130원 경신했다. 기존 52주 최고가는 2017년 06월 26일 기록한 5,460원이다. 체결강도는 277%로 강세 반전했다. 총매수체결량은 326,803주, 총매도체결량은 118,015주를 각각 기록했다.  (※ 체결강도(%) = (총매수체결량/총매도체결량)*100) 이 시각 현재 거래대금은 25억6,950만, 거래량은 50만133주를 기록하고 있으며, 수급측면으로는 27(매도):73(매수)의 매수우위를 보이고 있다. 거래일을 기준으로 최근 3일간 평균 거래량은 1만3천주, 60일 평균 거래량 4만주로 최근 거래량이 큰 폭으로 감소하는 추세다."
파이낸셜뉴스,008370,/news/news_read.nhn?article_id=0003880241&office_id=014&mode=search&query=원풍&page=1,2017-09-26 09:07,[fnRASSI]원풍물산(008290) 전일대비 10.57% 상승,"현재 원풍물산(008290)은 전일대비 10.57% 상승하여 3,660원 선에서 거래가 이루어지고 있다. 퀀트 재무분석, 종합점수 15점으로 상승                    지표               항목               값               종합점수                 성장성               매출액증가율               -0.04               4.86                 자기자본증가율               0.01                 안정성               부채비율               45.16               8.08                 유동비율               178.84                 이익안정성               7.22                 수익성               ROA               -2.78               2.03                 ROE               -4.04                 영업이익율               -0.75          원풍물산의 퀀트 재무 점수는 14.97점으로 3개월 이전 13.68점보다 올랐다. 지난 분기에 비해 성장성 점수가 상승했다. 이는 자기자본 증가율이 증가하였기 때문이다. 안정성 종합 점수는 부채비율 감소, 유동비율 증가로 상승했다. 수익성 측면에서 볼때 ROA, ROE, 영업이익률 모두 하락하여 이전보다 낮은 점수를 받았다. 외국인 보유량 감소, 기관 변화 없음 (5일 누적) 최근 5일간 동종목의 외국인 투자자는 53,800주 순매도하였고 반면 기관은 0주 순매수하였다. 전날 외국인은 32,535주 순매도했지만 기관은 순매수량이 0으로 보유비율 그대로 유지했다. 다음 표는 동종목의 외국인, 기관의 일별 순매수량을 나타낸 것이다. 'fnRASSI'는 증권전문 기업 씽크풀과 파이낸셜뉴스의 협업으로 로봇기자가 실시간으로 생산하는 기사입니다."
전자신문,008370,/news/news_read.nhn?article_id=0002716162&office_id=030&mode=search&query=원풍&page=1,2018-06-15 16:27,"[ET투자뉴스][원풍 지분 변동] 서승민 외 8명 -1%p 감소, 56.58% 보...","원풍(008370)은 15일 최대주주 서승민을  비롯한 특별관계자의 보유주식이 감소되었다고 발표했다. 이는 직전 보고일보다 120,000주 감소하여 지분율은 56.58%로 하락했다. 이번 보고 사유는 특수관계인장내매도로  알려졌다.   최대주주와 특수관계자의 지분 변동은 주가에 영향을 주는 요인이다. 특히 보유비율을 지속적으로 늘리거나 줄일 경우, 해당종목 투자시 유의할 필요가 있다.  다음은 원풍의 지분 변동 내역과 보유 내역이다."
한국경제,008370,/news/news_read.nhn?article_id=0003479483&office_id=015&mode=search&query=원풍&page=1,2015-11-18 01:59,[코스닥 기업공시] (17일) 원풍물산 등,"▲원풍물산=65억원의 사모 전환사채를 발행하기로 결정. ▲팜스웰바이오=추연우, 이영미 대표이사를 신규 선임. ▲헤스본=153억원의 제3자배정 유상증자 결정. ▲세원물산=미국법인인 세원아메리칼에 175억원의 채무보증 결정. ["
파이낸셜뉴스,008370,/news/news_read.nhn?article_id=0003880391&office_id=014&mode=search&query=원풍&page=1,2017-09-26 11:21,"[fnRASSI]원풍, 거래량 확대되며 4거래일 연속 하락","원풍(008370)의 당일 거래량이 최근 5거래일 거래량의 최고치를 넘어섰다. 그리고 원풍은 4일 연속 하락흐름을 보이며, 11시 18분 현재 2.56% 내린 3,800원에 거래중이다. 외국인은 순매도, 개인은 순매수(한달누적)  9월14일부터 외국인들이 8거래일 연속 순매도 행진을 벌이고 있다. 4주간을 기준으로 보면 개관이 초반에 동종목을 순매수한 이후에 기세를 이어가며 13,008주를 순매수했지만, 외국인은 매도 관점으로 접근하면서 13,008주를 순매도했다. 기관의 순매수량에는 변함이 없다. 외국인 보유량 감소, 기관 변화 없음 (5일 누적) 최근 5일간 동종목의 외국인 투자자는 9,082주 순매도하였고 반면 기관은 0주 순매수하였다. 전날 외국인은 3,430주 순매도했지만 기관은 순매수량이 0으로 보유비율 그대로 유지했다. 다음 표는 동종목의 외국인, 기관의 일별 순매수량을 나타낸 것이다. 'fnRASSI'는 증권전문 기업 씽크풀과 파이낸셜뉴스의 협업으로 로봇기자가 실시간으로 생산하는 기사입니다."
한국경제TV,008370,/news/news_read.nhn?article_id=0000650121&office_id=215&mode=search&query=원풍&page=1,2018-06-19 12:28,"원풍물산, 전일 대비 약 -7% 하락한 4,295원","[한국경제TV 라이온봇 기자] [그림 1] 최근 3개월 간 주가 추세 및 기간별 수익률 원풍물산은 6월 19일 12시 27분 전일 대비 약 -7% 하락한 4,295원에 거래되고 있다. 원풍물산은 코스닥 상장 기업으로 섬유,의류 업종에 속해 있다. 시가총액은 1,781억원으로 코스닥 상장기업 중 357위에 위치 해 있다. [종목 성향 진단] [그림 2] 종목 성향 진단 원풍물산의 투자 스타일은 성장주에 가깝다. 주가 고평가 우려가 공존하지만 높은 성장성이 기대되는 기업이다. 주가 모멘텀은 평범한 수준이었다. 최근 1개월 수익률이 4.12%, 3개월 수익률은 33.77%, 6개월 수익률은 38.17%를 기록했다. 원풍물산 종목에 대한 투자자의 관심도는 높은 편에 속한다. [투자 점수 진단] [그림 3] 투자 점수 진단 원풍물산은 어느 측면에서 투자 매력도가 높은 종목일까? AI 인공지능 종목 분석 시스템을 이용해 성장성, 수익성, 효율성, 안전성, 저평가성, 추세 등 주가 수익률에 영향을 줄 수 있는 6가지 핵심 투자 지표를 점수화하여 종목의 투자 매력도를 계산해보았다. 그 결과 원풍물산은 상대적으로 추세지표 측면에서 두각을 드러내고 있었다. 추세 점수는 주가의 상승 모멘텀이 어느정도 인가를 나타낸다. 원풍물산은 특히 중기추세 측면에서 가장 높은 점수는 기록했는데, 전체 시장 내 254위를 기록하며 상위 12.74%에 위치했다. 업종별로는 50위를 기록하며 상위 12.04%에 위치했다. 그러나 기업 가치 대비 주가 수준을 나타내는 저평가 측면에서는 아쉬움을 나타냈다. (위의 AI인공지능 점수는 재무 데이터를 기반으로 전체 상장 종목과 비교/분석하여 도출한 점수로 높은 점수가 반드시 높은 수익률을 보장하지 않습니다. 위의 자료는 당사의 추천 종목이 아니며, 투자 시 참고용으로 제시해드리는 것입니다. 핵심투자지표를 결합해 종목의 투자매력도를 종합 계산한 ""인공지능 투자점수""는 ""거장들의 투자공식"" 앱에서 확인하실 수 있습니다.) 라이온봇 기자 -한국경제TV※ 본 기사는 한국경제TV와 '거장들의 투자공식이'자체 개발한 '라이온봇 기자'가 실시간으로 작성한 기사입니다. 라이온봇기자 ⓒ 한국경제TV, 무단 전재 및 재배포 금지 한국경제TV 관련뉴스해당 언론사에서 선정하며 언론사 페이지(아웃링크)로 이동해 볼 수 있습니다.현실화되는 '보유세 폭탄'…똑똑한 절세법은?아시아팀 부진 속 콜롬비아-일본전 '이목'품귀 빚던 '꼬북칩'이 이럴줄은투기지역 연내 재조정…""노원구 빠질듯""'아동수당' 미리 신청하세요…몇 세까지 해당?"
한국경제TV,008370,/news/news_read.nhn?article_id=0000653210&office_id=215&mode=search&query=원풍&page=1,2018-06-26 14:25,"원풍물산, 전일 대비 약 3% 상승한 4,185원","[한국경제TV 라이온봇 기자] [그림 1] 최근 3개월 간 주가 추세 및 기간별 수익률 원풍물산은 6월 26일 14시 24분 전일 대비 약 3% 상승한 4,185원에 거래되고 있다. 원풍물산은 코스닥 상장 기업으로 섬유,의류 업종에 속해 있다. 시가총액은 1,558억원으로 코스닥 상장기업 중 410위에 위치 해 있다. [종목 성향 진단] [그림 2] 종목 성향 진단 원풍물산의 투자 스타일은 성장주에 가깝다. 주가 고평가 우려가 공존하지만 높은 성장성이 기대되는 기업이다. 주가 모멘텀은 좋지 못했다. 최근 1개월 수익률은 -26.88%의 하락폭을 기록했다. 원풍물산 종목에 대한 투자자의 관심도는 평범한 수준이었다. [투자 점수 진단] [그림 3] 투자 점수 진단 원풍물산은 어느 측면에서 투자 매력도가 높은 종목일까? AI 인공지능 종목 분석 시스템을 이용해 성장성, 수익성, 효율성, 안전성, 저평가성, 추세 등 주가 수익률에 영향을 줄 수 있는 6가지 핵심 투자 지표를 점수화하여 종목의 투자 매력도를 계산해보았다. 그 결과 원풍물산은 상대적으로 성장성 측면에서 두각을 드러내고 있었다. 성장성 점수는 기업의 실적이 전년 동기 대비 얼마나 증가했는지를 나타낸 지표로 기업의 이익 성장 추세를 나타낸다. 원풍물산은 특히 당기순이익증가율(YoY) 측면에서 가장 높은 점수는 기록했는데, 전체 시장 내 205위를 기록하며 상위 10.68%에 위치했다. 업종별로는 42위를 기록하며 상위 10.46%에 위치했다. 그러나 기업 가치 대비 주가 수준을 나타내는 저평가 측면에서는 아쉬움을 나타냈다. (위의 AI인공지능 점수는 재무 데이터를 기반으로 전체 상장 종목과 비교/분석하여 도출한 점수로 높은 점수가 반드시 높은 수익률을 보장하지 않습니다. 위의 자료는 당사의 추천 종목이 아니며, 투자 시 참고용으로 제시해드리는 것입니다. 핵심투자지표를 결합해 종목의 투자매력도를 종합 계산한 ""인공지능 투자점수""는 ""거장들의 투자공식"" 앱에서 확인하실 수 있습니다.) 라이온봇 기자 -한국경제TV※ 본 기사는 한국경제TV와 '거장들의 투자공식이'자체 개발한 '라이온봇 기자'가 실시간으로 작성한 기사입니다. 라이온봇기자 ⓒ 한국경제TV, 무단 전재 및 재배포 금지 한국경제TV 관련뉴스해당 언론사에서 선정하며 언론사 페이지(아웃링크)로 이동해 볼 수 있습니다.하루 100개 이상 빠진다면…탈모 의심증세 5가지짐로저스 ""통일 한국에 전 재산 투자""...깜짝 놀랄 보유 주식""소주 한 병이 한 잔에""…인기폭발 '한방울잔' 또 완판""치킨보다 많이 팔렸다""…'월드컵 특수' 최대 수혜품은?""침대 보다 집이 더 문제""… 커지는 라돈 공포"
머니투데이,008370,/news/news_read.nhn?article_id=0003580569&office_id=008&mode=search&query=원풍&page=1,2015-11-17 16:10,"원풍물산, 65억 규모 전환사채 발행 결정",[머니투데이 진경진 기자] 원풍물산은 운영자금 조달 목적으로 65억원 규모 무기명식 이권부 무보증 사모 전환사채 발행을 결정했다고 17일 공시했다. 만기이자율은 1.5%다. textlinktopstart textlinktopend textlinkstart
한국경제TV,008370,/news/news_read.nhn?article_id=0000650077&office_id=215&mode=search&query=원풍&page=1,2018-06-19 11:49,"원풍, 전일 대비 약 -3% 하락한 4,525원","[한국경제TV 라이온봇 기자] [그림 1] 최근 3개월 간 주가 추세 및 기간별 수익률 원풍은 6월 19일 11시 48분 전일 대비 약 -3% 하락한 4,525원에 거래되고 있다. 원풍은 코스닥 상장 기업으로 화학 업종에 속해 있다. 시가총액은 562억원으로 코스닥 상장기업 중 988위에 위치 해 있다. [종목 성향 진단] [그림 2] 종목 성향 진단 원풍의 투자 스타일은 모호한 측면이 있으나 가치주라고 볼 수 있다. 기업 가치 대비 낮은 주가가 매력적인 기업이다. 주가 모멘텀은 평범한 수준이었다. 최근 1개월 수익률이 0.78%, 3개월 수익률은 7.4%, 6개월 수익률은 10.97%를 기록했다. 원풍 종목에 대한 투자자의 관심도는 평범한 수준이었다. [투자 점수 진단] [그림 3] 투자 점수 진단 원풍은 어느 측면에서 투자 매력도가 높은 종목일까? AI 인공지능 종목 분석 시스템을 이용해 성장성, 수익성, 효율성, 안전성, 저평가성, 추세 등 주가 수익률에 영향을 줄 수 있는 6가지 핵심 투자 지표를 점수화하여 종목의 투자 매력도를 계산해보았다. 그 결과 원풍은 상대적으로 기업안정성 측면에서 두각을 드러내고 있었다. 기업안정성 점수는 기업의 재무 구조가 얼마나 안정적인 상태인지를 나타낸다. 원풍은 특히 부채비율 측면에서 가장 높은 점수는 기록했는데, 전체 시장 내 195위를 기록하며 상위 9.73%에 위치했다. 업종별로는 18위를 기록하며 상위 7.62%에 위치했다. 그러나 기업의 이익 실현 정도를 나타내는 수익성 측면에서는 아쉬움을 나타냈다. (위의 AI인공지능 점수는 재무 데이터를 기반으로 전체 상장 종목과 비교/분석하여 도출한 점수로 높은 점수가 반드시 높은 수익률을 보장하지 않습니다. 위의 자료는 당사의 추천 종목이 아니며, 투자 시 참고용으로 제시해드리는 것입니다. 핵심투자지표를 결합해 종목의 투자매력도를 종합 계산한 ""인공지능 투자점수""는 ""거장들의 투자공식"" 앱에서 확인하실 수 있습니다.) 라이온봇 기자 -한국경제TV※ 본 기사는 한국경제TV와 '거장들의 투자공식이'자체 개발한 '라이온봇 기자'가 실시간으로 작성한 기사입니다. 라이온봇기자 ⓒ 한국경제TV, 무단 전재 및 재배포 금지 한국경제TV 관련뉴스해당 언론사에서 선정하며 언론사 페이지(아웃링크)로 이동해 볼 수 있습니다.현실화되는 '보유세 폭탄'…똑똑한 절세법은?아시아팀 부진 속 콜롬비아-일본전 '이목'품귀 빚던 '꼬북칩'이 이럴줄은투기지역 연내 재조정…""노원구 빠질듯""'아동수당' 미리 신청하세요…몇 세까지 해당?"
이데일리,008370,/news/news_read.nhn?article_id=0003397670&office_id=018&mode=search&query=원풍&page=1,2015-11-17 16:16,"원풍물산, 65억 규모 전환사채 발행결정","[이데일리 송이라 기자] 원풍물산(008290)은 운영자금 조달을 위해 65억원 규모의 무기명식 이권부 무보증 사모 전환사채를 발행하기로 했다고 17일 공시했다. 만기이자율은 1.5%며 발행 대상자는 산은캐피탈, 마그나인베스트먼트, 중소기업은행, 신한캐피탈이다."
아시아경제,008370,/news/news_read.nhn?article_id=0003627623&office_id=277&mode=search&query=원풍&page=1,2015-11-17 16:21,"원풍물산, 65억 규모 전환사채 발행 결정",[아시아경제 이현우 기자]원풍물산은 운영자금 조달 목적으로 65억원 규모 무기명식 이권부 무보증 사모 전환사채 발행을 결정했다고 17일 공시했다.
한국경제TV,008370,/news/news_read.nhn?article_id=0000650753&office_id=215&mode=search&query=원풍&page=1,2018-06-20 12:49,"원풍, 전일 대비 약 3% 상승한 4,590원","[한국경제TV 라이온봇 기자] [그림 1] 최근 3개월 간 주가 추세 및 기간별 수익률 원풍은 6월 20일 12시 48분 전일 대비 약 3% 상승한 4,590원에 거래되고 있다. 원풍은 코스닥 상장 기업으로 화학 업종에 속해 있다. 시가총액은 532억원으로 코스닥 상장기업 중 1,003위에 위치 해 있다. [종목 성향 진단] [그림 2] 종목 성향 진단 원풍의 투자 스타일은 모호한 측면이 있으나 가치주라고 볼 수 있다. 기업 가치 대비 낮은 주가가 매력적인 기업이다. 주가 모멘텀은 평범한 수준이었다. 최근 1개월 수익률이 0.78%, 3개월 수익률은 7.4%, 6개월 수익률은 10.97%를 기록했다. 원풍 종목에 대한 투자자의 관심도는 평범한 수준이었다. [투자 점수 진단] [그림 3] 투자 점수 진단 원풍은 어느 측면에서 투자 매력도가 높은 종목일까? AI 인공지능 종목 분석 시스템을 이용해 성장성, 수익성, 효율성, 안전성, 저평가성, 추세 등 주가 수익률에 영향을 줄 수 있는 6가지 핵심 투자 지표를 점수화하여 종목의 투자 매력도를 계산해보았다. 그 결과 원풍은 상대적으로 기업안정성 측면에서 두각을 드러내고 있었다. 기업안정성 점수는 기업의 재무 구조가 얼마나 안정적인 상태인지를 나타낸다. 원풍은 특히 부채비율 측면에서 가장 높은 점수는 기록했는데, 전체 시장 내 195위를 기록하며 상위 9.73%에 위치했다. 업종별로는 18위를 기록하며 상위 7.62%에 위치했다. 그러나 기업의 이익 실현 정도를 나타내는 수익성 측면에서는 아쉬움을 나타냈다. (위의 AI인공지능 점수는 재무 데이터를 기반으로 전체 상장 종목과 비교/분석하여 도출한 점수로 높은 점수가 반드시 높은 수익률을 보장하지 않습니다. 위의 자료는 당사의 추천 종목이 아니며, 투자 시 참고용으로 제시해드리는 것입니다. 핵심투자지표를 결합해 종목의 투자매력도를 종합 계산한 ""인공지능 투자점수""는 ""거장들의 투자공식"" 앱에서 확인하실 수 있습니다.) 라이온봇 기자 -한국경제TV※ 본 기사는 한국경제TV와 '거장들의 투자공식이'자체 개발한 '라이온봇 기자'가 실시간으로 작성한 기사입니다. 라이온봇기자 ⓒ 한국경제TV, 무단 전재 및 재배포 금지 한국경제TV 관련뉴스해당 언론사에서 선정하며 언론사 페이지(아웃링크)로 이동해 볼 수 있습니다.외국인도 외면한 삼성전자…3분기엔 회복할까빗썸, 해킹으로 350억 탈취...입출금 전면 중단기준금리 인상 '한걸음 더'…시점은 불투명한진家 이명희 수행기사 ""얼굴에 침…인간 이하였다""싼타페 꺾을 새 SUV 등장…가격 차이는?"
서울경제,008370,/news/news_read.nhn?article_id=0003117928&office_id=011&mode=search&query=원풍&page=1,2017-09-22 09:23,"원풍물산, 미국 투자사 상승에 동반 수혜","[서울경제] 코스닥 상장사인 원풍물산(008290)이 투자한 미국 제약사인 렐마다의 주가 상승 소식에 22일 동반 급등세다. 오전 9시 13분 현재 원풍물산은 전날보다 14.43%(435원)오른 3,440원에 거래되고 있다. 렐마다는 신약 디메타돈이 미국 식품의약국에 신속 검사 대상이 됐으며 임상 2상을 올해 완료할 계획이라고 밝혔다."
서울경제,008370,/news/news_read.nhn?article_id=0003268621&office_id=011&mode=search&query=원풍&page=1,2018-04-12 14:50,"&lt;코&gt;원풍물산, 장중 신고가 돌파.. 6,390&rarr;6,400(▲10)","[서울경제] 오후 2시 48분 현재 원풍물산(008290) 이 9.59% 오른 6,400원(▲560)을 기록하며, 52주 신고가를 +10원 경신했다. 기존 52주 최고가는 2018년 04월 02일 기록한 6,390원이다. 체결강도는 100%로 강세 반전했다. 총매수체결량은 1,343,536주, 총매도체결량은 1,343,394주를 각각 기록했다.  (※ 체결강도(%) = (총매수체결량/총매도체결량)*100) 이 시각 현재 거래대금은 154억2,813만, 거래량은 266만5,066주를 기록하고 있으며, 수급측면으로는 50(매도):50(매수)의 매수우위를 보이고 있다. 거래일을 기준으로 최근 3일간 평균 거래량은 4백2십3만주, 60일 평균 거래량 2백1십6만6천주로 최근 거래량이 큰 폭으로 증가하는 추세다."
서울경제,008370,/news/news_read.nhn?article_id=0002824311&office_id=011&mode=search&query=원풍&page=1,2016-04-29 13:44,"원풍물산, 대표이사 주식 매도에 하락세","원풍물산(008290), 대표이사 주식 매도에 하락세 원풍물산이 대표이사의 주식 매도로 하락세다. 29일 코스닥 시장에서 원풍물산은 4.77% 하락한 6,190원에 거래 중이다. 이두식 원풍물산 대표이사는 29일 보유 중인 이 회사 주식 2만2,503주를 장내 매도했다고 공시했다. 지분 2.50%에 해당하는 물량이다. 이로써 이 대표의 보유주식은 33.99%에서 31.49%로 감소했다."
파이낸셜뉴스,008370,/news/news_read.nhn?article_id=0004078662&office_id=014&mode=search&query=원풍&page=1,2018-08-21 10:47,"[fnRASSI]원풍물산, 4.81% 오르며 거래량 증가","원풍물산(008290)의 현재 거래량이 최근 5거래일 거래량의 최고치를 넘어서며 투자자들의 관심을 받고 있다. 그리고 원풍물산은 4일 연속 상승흐름을 보이며, 10시 46분 현재 4.81% 증가한 3,925원에 거래중이다. 상장주식수 대비 거래량은 0.98%로 적정수준 최근 한달간 원풍물산의 상장주식수 대비 거래량을 비교해보니 일별 매매회전율이 0.98%로 집계됐다. 그리고 동기간 장중 저점과 고점의 차이인 일평균 주가변동률을 4.88%를 나타내고 있다.                   지표               항목               값               종합점수                 성장성               매출액증가율               -0.07               3.02                 자기자본증가율               -0.07                 안정성               부채비율               54.27               7.11                 유동비율               161.96                 이익안정성               6.11                 수익성               ROA               -0.62               2.77                 ROE               -0.96                 영업이익율               -0.12          원풍물산의 퀀트 재무 점수는 12.9점으로 지난 분기에 비해 성장성 점수가 하락했다. 이는 매출액 증가율과 자기자본 증가율이 감소하였기 때문이다. 안정성 종합 점수는 부채비율 증가, 유동비율 감소, 그리고 실적 안정성 감소가 원인이 되어 하락했다. 수익성 측면에서 볼때 ROA, ROE, 영업이익률 모두 하락하여 이전보다 낮은 점수를 받았다. 'fnRASSI'는 증권전문 기업 씽크풀과 파이낸셜뉴스의 협업으로 로봇기자가 실시간으로 생산하는 기사입니다."
파이낸셜뉴스,008370,/news/news_read.nhn?article_id=0003765385&office_id=014&mode=search&query=원풍&page=1,2017-01-20 09:25,[fnRASSI]원풍물산 전일대비 10.26% 상승,"현재 원풍물산(008290)은 전일대비 10.26% 상승하여 4,945원 선에서 거래가 이루어지고 있다. 외국인은 순매도, 개인은 순매수(한달누적)  1월18일부터 전일까지 외국인이 2거래일 연속 순매도했다. 4주간을 기준으로 보면 개관이 초반에 동종목을 순매수한 이후에 최근에는 순매수량이 줄어들고 있음에도 불구하고 48,987주를 순매수했지만, 외국인은 초반에 동종목을 순매도한 이후에 근래에는 순매도량을 줄이면서 48,987주를 순매도했다. 기관의 순매수량에는 변함이 없다.                     지표               항목               값               종합점수                 성장성               매출액증가율               -0.03               3.58                 자기자본증가율               -0.15                 안정성               부채비율               55.74               7.81                 유동비율               145.54                 이익안정성               8.33                 수익성               ROA               -13.95               2.56                 ROE               -21.73                 영업이익율               3.27          원풍물산의 퀀트 재무 점수는 13.95점으로 지난 분기에 비해 성장성 점수가 하락했다. 이는 매출액 증가율과 자기자본 증가율이 감소하였기 때문이다. 실적 안정성이 개선되어 안정성 종합 점수는 상승했다. 수익성 측면에서 볼때 ROA, ROE, 영업이익률 모두 개선되어 이전보다 좋은 점수를 받았다. 'fnRASSI'는 증권전문 기업 씽크풀과 파이낸셜뉴스의 협업으로 로봇기자가 실시간으로 생산하는 기사입니다."
파이낸셜뉴스,008370,/news/news_read.nhn?article_id=0003769463&office_id=014&mode=search&query=원풍&page=1,2017-01-31 15:05,[fnRASSI]원풍(008370) 전일대비 5.18% 상승,"현재 원풍(008370)은 전일대비 5.18% 상승하여 4,565원 선에서 거래가 이루어지고 있다.                     지표               항목               값               종합점수                 성장성               매출액증가율               -0.04               5.82                 자기자본증가율               0.03                 안정성               부채비율               16.81               9.86                 유동비율               388.22                 이익안정성               9.72                 수익성               ROA               4.93               7.26                 ROE               5.76                 영업이익율               10.51          원풍의 퀀트 재무 점수는 22.94점으로 지난 분기에 비해 성장성 점수가 하락했다. 이는 자기자본 증가율이 감소하였기 때문이다. 수익성 측면에서 볼때 ROA, ROE, 영업이익률 모두 하락하여 이전보다 낮은 점수를 받았다. 상장주식수 대비 거래량은 0.15%로 적정수준 최근 한달간 원풍의 상장주식수 대비 거래량을 비교해보니 일별 매매회전율이 0.15%로 집계됐다. 그리고 동기간 장중 저점과 고점의 차이인 일평균 주가변동률을 2.72%를 나타내고 있다. 'fnRASSI'는 증권전문 기업 씽크풀과 파이낸셜뉴스의 협업으로 로봇기자가 실시간으로 생산하는 기사입니다."
매일경제,008370,/news/news_read.nhn?article_id=0003889480&office_id=009&mode=search&query=원풍&page=1,2017-02-15 15:54,상장사 원풍의 양심선언 &hellip;&quot;대선후보와 관련 없다&quot;,"조기 대선이 코앞에 닥치면서 '테마주'가 난립하는 가운데 상장사 한곳이 양심선언을 해 눈길을 끈다. 투기성 투자에 주가가 널뛰기 하자 직접 해명에 나선 것이다. 코스닥 상장사 원풍은 15일 ""회사는 안희정과 아무런 연관성이 없다""고 공시했다. 이 종목은 대선후보인 안희정 충청남도 도지사의 테마주로 엮이면서 주가가 급등했다. 일부 주식 게시판에서는 회사 임원진이 안 도지사와 인맥으로 연결돼 있다는 주장이 등장했고, 충청북도 청주와 옥천에 공장이 있다는 점을 들어 '안희정 테마주'로 분류했다. 이에 지난 13일 상한가쳤고, 14일에는 장중 16% 넘게 폭등했다. 지난주 4600원으로 마감했던 주가는 이날 종가 기준 6300원까지 치솟은 상태다. 회사 측은 '소문'을 근거로 투자한 주주들의 피해를 우려해 정치 테마주가 아니라고 해명한 것으로 해석된다. 상장사의 '양심선언'은 이번이 처음은 아니다. 또 다른 '안희정 테마주'인 KD건설도 지난 6일 정치 연관성을 부인한 바 있다. 그러나 투기성 자금이 빠지지 않은 주가는 여전히 고공행진 중이다. 회사 측의 해명에도 불구하고 188원(1월 26일 종가)이었던 주가는 580원까지 상승했다. 한국거래소가 단기과열완화장치, 거래정지 등 조치를 취했지만 상승세가 꺾일지는 미지수다. [디지털뉴스국 이가희 기자] r_start // r_end //"
아시아경제,008370,/news/news_read.nhn?article_id=0003933375&office_id=277&mode=search&query=원풍&page=1,2017-02-15 14:26,원풍 &quot;안희정과 아무 연관성 없다&quot;,"[아시아경제 박나영 기자]원풍은 한국거래소의 현저한 시황 변동 관련 조회공시 요구에 '안희정 충남지사와 아무 연관성이 없다""고 답변했다. 원풍은 최근 안희정 테마주로 분류돼 급등했다."
이데일리,008370,/news/news_read.nhn?article_id=0003763444&office_id=018&mode=search&query=원풍&page=1,2017-03-03 14:10,"원풍, 작년 영업이익 57억&hellip;전년대비 37.08%&darr;","[이데일리 이명철 기자] 원풍(008370)은 연결 기준 작년 영업이익이 약 57억원으로 전년대비 37.08% 감소했다고 3일 공시했다. 매출액과 당기순이익도 같은기간 각각 8.73%, 11.64% 줄어든 753억원, 52억원이다."
머니투데이,008370,/news/news_read.nhn?article_id=0003831769&office_id=008&mode=search&query=원풍&page=1,2017-03-03 14:10,"원풍, 영업익 57억원&hellip;전년대비 37% 감소",[머니투데이 김민우 기자] 원풍은 지난해 연결기준 영업이익이 57억2415만5279원으로 전년대비 37.08% 감소했다고 3일 공시했다. 당기순이익은 52억3593만5528원으로 전년대비 11.64% 줄었다. 매출액은 753억5368만4326원으로 전년대비 8.73% 감소했다. 원풍은 업황부진으로 매출과 영업이익이 감소했다고 설명했다. textlinktopstart textlinktopend textlinkstart
한국경제,008370,/news/news_read.nhn?article_id=0003728293&office_id=015&mode=search&query=원풍&page=1,2017-02-15 14:03,원풍 &quot;안희정 충남지사와 연관성 없어&quot;,"[ 채선희 기자  ] 원풍은 최근 주가 급등에 대한 한국거래소의 조회공시 요구에 대해 ""대선주자인 안희정 충남지사와 아무런 연관성이 없다""며 ""정기주주총회 소집, 현금배당 결의, 지난해 연결 결산 확정 후 30% 이상 변동시 공시 진행 등이 예정돼 있다""고 15일 답변했다. 최근 원풍은 안희정 테마주로 분류되며 주가가 급등한 바 있다."
아시아경제,008370,/news/news_read.nhn?article_id=0003944842&office_id=277&mode=search&query=원풍&page=1,2017-03-03 14:12,"원풍, 작년 영업익 37% 감소",[아시아경제 박선미 기자]원풍은 연결 기준 지난해 영업이익이 37.08% 감소한 57억2415만원을 기록했다고 3일 공시했다. 매출액은 8.73% 줄었고 당기순이익은 11.64% 감소했다.
파이낸셜뉴스,008370,/news/news_read.nhn?article_id=0003776144&office_id=014&mode=search&query=원풍&page=1,2017-02-14 09:36,[fnRASSI]원풍(008370) 현재 +6.52%,"원풍(008370)은 현재 주가가 전일 대비 6.52% 상승한 6,370원 선에서 거래가 이루어지고 있다. 외국인, 기관 모두 보유량 감소 (5일 누적) 최근 5일간 동종목의 외국인 투자자는 35,714주 매도하였고 마찬가지로 기관은 903주 매도하였다. 전날 두 주체 각각 27,371주, 903주 순매도하며 보유 비율을 줄였다. 다음 표는 동종목의 외국인, 기관의 일별 순매수량을 나타낸 것이다.                   지표               항목               값               종합점수                 성장성               매출액증가율               -0.04               5.76                 자기자본증가율               0.03                 안정성               부채비율               16.81               9.86                 유동비율               388.22                 이익안정성               9.72                 수익성               ROA               4.93               7.19                 ROE               5.76                 영업이익율               10.51          원풍의 퀀트 재무 점수는 22.81점으로 지난 분기에 비해 성장성 점수가 하락했다. 이는 자기자본 증가율이 감소하였기 때문이다. 수익성 측면에서 볼때 ROA, ROE가 하락하여 이전보다 낮은 점수를 받았다. 'fnRASSI'는 증권전문 기업 씽크풀과 파이낸셜뉴스의 협업으로 로봇기자가 실시간으로 생산하는 기사입니다."
헤럴드경제,008370,/news/news_read.nhn?article_id=0001205335&office_id=016&mode=search&query=원풍&page=1,2017-03-03 14:26,"원풍, 지난해 영업익 57.2억 전년비 37.08%&darr;",[헤럴드경제=증권팀] 원풍은 연결 기준 지난해 영업이익이 57억2415만원으로 전년대비 37.08% 감소했다고 3일 공시했다. 같은 기간 매출액은 753억5368만원으로 전년대비 8.73% 줄어든 것으로 나타났다. 당기순이익은 52억3593만원으로 11.64% 감소한 것으로 집계됐다.
아시아경제,008370,/news/news_read.nhn?article_id=0003944863&office_id=277&mode=search&query=원풍&page=1,2017-03-03 14:34,"원풍, 주당 155원 현금배당 결정",[아시아경제 박선미 기자]원풍은 주당 155원의 현금배당을 결정했다고 3일 공시했다.
연합뉴스,008370,/news/news_read.nhn?article_id=0009035767&office_id=001&mode=search&query=원풍&page=1,2017-02-15 13:41,원풍 &quot;안희정과 아무 연관성 없다&quot;,"(서울=연합뉴스) 조민정 기자 = 원풍은 최근 주가급등과 관련한 한국거래소의 조회공시 요구에 15일 ""당사는 안희정 충남지사와는 아무 연관성이 없다""고 공시했다. 이어 ""정기주주총회 소집 결의, 현금 배당 결의, 연결 결산, 감사보고서 제출 이외에 별도로 공시할 사항이 없다""고 밝혔다. 원풍은 최근 안희정 테마주로 분류되며 급등세를 보였다."
이데일리,008370,/news/news_read.nhn?article_id=0003763495&office_id=018&mode=search&query=원풍&page=1,2017-03-03 14:34,"원풍, 주당 155원 현금배당 결정&hellip;시가배당률 3.28%",[이데일리 이명철 기자] 원풍(008370)은 결산배당으로 주당 155원의 현금배당을 결정했다고 3일 공시했다. 시가배당률은 3.28%다. 배당금 총액은 18억6000만원이다. 배당금 기준일은 작년 12월31일이다.
이데일리,008370,/news/news_read.nhn?article_id=0003750160&office_id=018&mode=search&query=원풍&page=1,2017-02-15 13:32,"원풍, 테마株 부인&hellip;&ldquo;안희정과 아무 연관성 없어&rdquo;","[이데일리 이명철 기자] 원풍(008370)은 주가 급등에 대한 조회공시 요구와 관련해 “당사는 안희정과는 아무 연관성이 없다”고 15일 공시했다. 아울러 정기주주총회 소집 결의(확정일자 미정), 현금배당 결의(미확정), 매출액 또는 손익구조 30% 이상 변동(미확정), 감사보고서 제출 등을 제외하고는 별도로 공시할 사항이 없다고 전했다."
서울경제,008370,/news/news_read.nhn?article_id=0002975497&office_id=011&mode=search&query=원풍&page=1,2017-02-16 09:26,원풍 &lsquo;안희정 테마주 아니다&rsquo; 공시에 주가 하락,"[서울경제] 안희정 테마주로 분류돼 주가 상승 수혜를 입었던 원풍(008370)의 주가가 하락세다. 16일 오전 9시23분 현재 코스닥 시장에서 원풍은 전 거래일 대비 3.97% 하락한 6,050원에 거래되고 있다. 최근 원풍은 청주와 옥천에 공장이 있다는 이유로 안희정 테마주를 구성하며 주가가 급등했다. 특히 지난 13일에는 상한가까지 주가가 치솟으며 정치테마주 이상급등세를 나타냈다. 이 날 주가 하락은 회사가 지난 15일 “회사는 안희정과 아무런 연관성이 없다”고 공시하면서 안정세를 찾는 것으로 풀이된다."
이데일리,008370,/news/news_read.nhn?article_id=0003750895&office_id=018&mode=search&query=원풍&page=1,2017-02-16 09:21,"[특징주]원풍, &quot;안희정 연관성 없다&quot; 공시에 '하락'","[이데일리 정수영 기자] 정치테마주로 분류된 원풍(008370)이 대선 후보인 안희정 충남 도지사와 무관하다는 공시에 16일 하락세다. 이날 오전 9시 15분 코스닥시장에서 원풍은 전 거래일 대비 2.22% 떨어진 6160원에 거래되고 있다. 전날 원풍은 공시를 통해 “회사는 안희정과 아무런 연관성이 없다”고 밝혔다. 원풍은 청주와 옥천에 공장이 있다는 이유로 안희정 테마주로 엮이면서 주가가 급등했다. 지난 13일에는 상한가, 14일에는 장중 16%까지 치솟았다."
헤럴드경제,008370,/news/news_read.nhn?article_id=0001205339&office_id=016&mode=search&query=원풍&page=1,2017-03-03 14:30,"원풍, 주당 155원 현금배당 결정",[헤럴드경제=증권팀] 원풍은 보통주 1주당 155원의 현금 결산배당을 결정했다고 3일 공시했다. 시가배당율은 3.28%이며 배당금총액은 18억6000만원이다.
이데일리,008370,/news/news_read.nhn?article_id=0003771584&office_id=018&mode=search&query=원풍&page=1,2017-03-13 17:36,"원풍물산, 작년 영업이익 2.7억&hellip;전년대비 85.7%&darr;","[이데일리 이명철 기자] 원풍물산(008290)은 연결 기준 작년 영업이익이 2억7000만원으로 전년대비 85.7% 감소했다고 13일 공시했다. 매출액과 같은기간 3.9%, 줄어든 463억6700만원이다. 당기순손실은 6억4200만원으로 적자폭을 줄였다."
아시아경제,008370,/news/news_read.nhn?article_id=0003952028&office_id=277&mode=search&query=원풍&page=1,2017-03-13 17:21,"원풍물산, 지난해 영업익 2억6978만원&hellip;전년比 85.7%&darr;","[아시아경제 주상돈 기자] 원풍물산은 지난해 영업이익이 2억6978만원으로 전년 댑 85.7% 줄었다고 13일 공시했다. 같은 기간 매출액은 463억6714만원으로 3.9% 줄었고, 당기순손실은 6억4194만원으로 적자폭이 줄었다. 회사 측은 ""제품에 투입된 원가상승으로 인한 제품매출원가 증가와 재고자산폐기손실 반영으로 인한 영업외비용 증가에 따른 것""이라고 설명했다."
뉴시스,008370,/news/news_read.nhn?article_id=0007825506&office_id=003&mode=search&query=원풍&page=1,2017-03-13 17:04,"원풍물산, 작년 영업익 2.7억&hellip;전년比 86%&darr;",【서울=뉴시스】최예린 기자 = 남자용 정장 제조업체 원풍물산(008290)은 지난해 개별재무제표 기준 영업이익이 2억6978만원으로 전년 대비 85.7% 감소한 것으로 잠정 집계됐다고 13일 공시했다. 같은 기간 매출액은 463억6714만원으로 3.9% 줄었고 당기순손실은 6억4194만원으로 94.4% 감소했다.
파이낸셜뉴스,008370,/news/news_read.nhn?article_id=0003769142&office_id=014&mode=search&query=원풍&page=1,2017-01-31 10:16,"[fnRASSI]원풍, 3.92% 오르며 거래량 증가","원풍(008370)의 현재 거래량이 최근 5거래일 거래량의 최고치를 넘어섰다. 그리고 원풍은 3일 연속 상승흐름을 보이며, 10시 12분 현재 3.92% 증가한 4,510원에 거래중이다. 외국인 보유량 감소, 기관 변화 없음 (5일 누적) 최근 5일간 동종목의 외국인 투자자는 6,933주 매도하였고 반면 기관은 0주 매수하였다. 전날 외국인은 1,846주 매도했지만 기관은 순매수량이 0으로 보유비율 그대로 유지했다. 다음 표는 동종목의 외국인, 기관의 일별 순매수량을 나타낸 것이다. 상장주식수 대비 거래량은 0.15%로 적정수준 최근 한달간 원풍의 상장주식수 대비 거래량을 비교해보니 일별 매매회전율이 0.15%로 집계됐다. 그리고 동기간 장중 저점과 고점의 차이인 일평균 주가변동률을 2.72%를 나타내고 있다.   'fnRASSI'는 증권전문 기업 씽크풀과 파이낸셜뉴스의 협업으로 로봇기자가 실시간으로 생산하는 기사입니다."
파이낸셜뉴스,008370,/news/news_read.nhn?article_id=0003804901&office_id=014&mode=search&query=원풍&page=1,2017-04-19 09:27,"[fnRASSI]원풍, 0.76% 오르며 거래량 증가","원풍(008370)의 현재 거래량이 최근 5거래일 거래량의 최고치를 경신하며 투자자들의 관심을 받고 있다. 그리고 원풍은 3일 연속 상승흐름을 보이며, 9시 22분 현재 0.76% 증가한 4,615원에 거래중이다.                   지표               항목               값               종합점수                 성장성               매출액증가율               -0.09               5.3                 자기자본증가율               0.04                 안정성               부채비율               16.81               9.72                 유동비율               388.22                 이익안정성               9.44                 수익성               ROA               6.09               6.89                 ROE               7.11                 영업이익율               7.64          원풍의 퀀트 재무 점수는 21.91점으로 지난 분기에 비해 성장성 점수가 하락했다. 이는 매출액 증가율이 감소하였기 때문이다. 실적 안정성이 악화되어 안정성 종합 점수는 하락했다. 수익성 측면에서 볼때 영업이익률이 하락하여 이전보다 낮은 점수를 받았다. 외국인 보유량 감소, 기관 변화 없음 (5일 누적) 최근 5일간 동종목의 외국인 투자자는 3,388주 순매도하였고 반면 기관은 0주 순매수하였다. 전날 외국인은 5,874주 순매도했지만 기관은 순매수량이 0으로 보유비율 그대로 유지했다. 다음 표는 동종목의 외국인, 기관의 일별 순매수량을 나타낸 것이다. 'fnRASSI'는 증권전문 기업 씽크풀과 파이낸셜뉴스의 협업으로 로봇기자가 실시간으로 생산하는 기사입니다."
파이낸셜뉴스,008370,/news/news_read.nhn?article_id=0003804930&office_id=014&mode=search&query=원풍&page=1,2017-04-19 09:49,[fnRASSI]원풍물산(008290) 현재 +9.28%,"원풍물산(008290)은 현재 주가가 전일 대비 9.28% 상승한 4,535원 선에서 거래가 이루어지고 있다. 외국인/기관 순매수, 개인은 순매도(한달누적)  기관이 2일연속 주식을 팔고 있는 반면 외국인은 2일연속 주식을 사고 있다. 4주간을 기준으로 보면 외국인이 4,107주를 순매수했고, 기관도 순매수량을 늘리며 2주를 순매수했다. 반면 개인들은 순매도로 돌아서면서 4,109주를 순매도한 것으로 나타났다. 매매주체는개인,외국인 최근 한달간 주체별 거래비중을 살펴보면 개인이 95.83%, 외국인이 4.16%를 기록한 것으로 나타났다. 그리고 최근 5일간 거래비중은 개인 비중이 96.51%로 가장 높았고, 외국인이 3.48%로 그 뒤를 이었다. 기관은 거래에 참여하지 않은 것으로 보인다. 'fnRASSI'는 증권전문 기업 씽크풀과 파이낸셜뉴스의 협업으로 로봇기자가 실시간으로 생산하는 기사입니다."
이데일리,008370,/news/news_read.nhn?article_id=0003797925&office_id=018&mode=search&query=원풍&page=1,2017-04-12 16:54,"원풍물산, 신주인수권 154만주 행사","[이데일리 박수익 기자]원풍물산(008290)은 12일 신주인수권 154만3209주가 행사돼 오는 5월 2일 상장한다고 공시했다. 행사가액은 972원(현 주가 3350원)이며, 행사주식은 기존 발행주식의 4.18%에 해당한다."
파이낸셜뉴스,008370,/news/news_read.nhn?article_id=0003775836&office_id=014&mode=search&query=원풍&page=1,2017-02-13 15:38,"[fnRASSI]장마감, 코스닥 상승 종목(원풍 30%&uarr;)","13일 상승 571개, 하락 534개, 보합 89개로 마감했다. 상승한 종목으로 원풍(008370) 30%, 자연과환경(043910) 29.9%, 세중(039310) 20.24% 등이 있다. 'fnRASSI'는 증권전문 기업 씽크풀과 파이낸셜뉴스의 협업으로 로봇기자가 실시간으로 생산하는 기사입니다."
파이낸셜뉴스,008370,/news/news_read.nhn?article_id=0003775832&office_id=014&mode=search&query=원풍&page=1,2017-02-13 15:35,"[fnRASSI]오늘의 상한가, 원풍 30% &uarr;","13일 원풍(008370), 호텔신라우(008775), 자연과환경(043910)등이 상한가를 기록했다. 특히 원풍은 전 거래일 대비 30% 오른 5,980원에 거래를 마감하며 높은 관심을 받았다. 'fnRASSI'는 증권전문 기업 씽크풀과 파이낸셜뉴스의 협업으로 로봇기자가 실시간으로 생산하는 기사입니다."
파이낸셜뉴스,008370,/news/news_read.nhn?article_id=0003775656&office_id=014&mode=search&query=원풍&page=1,2017-02-13 11:29,"[fnRASSI]원풍, 상한가 기록","원풍(008370)은 상한가를 기록하고 있다. 동종목은 현재 5,980원선에서 이루어지고 있다. 참고로 52주 최고가는 6,420원(16년 06월 21일), 최저가는 3,465원(16년 02월 12일)원이다. 최근 3일동안 평균 거래량은 91만 주이다. 이는 250일 일 평균 거래량 11만 주와 비교해보면 최근 거래량이 급격히 늘어났다는 것을 알 수 있다. 주요 투자주체는 개인투자자 최근 한달간 주체별 거래비중을 살펴보면 개인이 94.22%로 가장 높은 참여율을 보였고, 외국인이 5.19%를 보였으며 기관은 0.58%를 나타냈다. 그리고 최근 5일간 거래비중은 개인이 92.96%, 외국인이 4.89%, 기관은 2.13%를 기록한 것으로 나타났다. 상장주식수 대비 거래량은 0.3%로 적정수준 최근 한달간 원풍의 상장주식수 대비 거래량을 비교해보니 일별 매매회전율이 0.3%로 집계됐다. 그리고 동기간 장중 저점과 고점의 차이인 일평균 주가변동률을 5.86%를 나타내고 있다. 'fnRASSI'는 증권전문 기업 씽크풀과 파이낸셜뉴스의 협업으로 로봇기자가 실시간으로 생산하는 기사입니다."
아시아경제,008370,/news/news_read.nhn?article_id=0003964693&office_id=277&mode=search&query=원풍&page=1,2017-03-30 15:04,"원풍물산, 임명호 사외이사 재선임",[아시아경제 임혜선 기자]원풍물산은 임명호 사외이사를 재선임했다고 30일 공시했다.
파이낸셜뉴스,008370,/news/news_read.nhn?article_id=0003775556&office_id=014&mode=search&query=원풍&page=1,2017-02-13 10:29,[fnRASSI]원풍물산(008290) 현재 9.79% &uarr;,"원풍물산(008290)은 현재 주가가 전일 대비 9.79% 상승한 4,765원 선에서 거래가 이루어지고 있다.                   지표               항목               값               종합점수                 성장성               매출액증가율               -0.03               3.52                 자기자본증가율               -0.15                 안정성               부채비율               55.74               7.81                 유동비율               145.54                 이익안정성               8.33                 수익성               ROA               -13.95               2.48                 ROE               -21.73                 영업이익율               3.27          원풍물산의 퀀트 재무 점수는 13.81점으로 지난 분기에 비해 성장성 점수가 하락했다. 이는 자기자본 증가율이 감소하였기 때문이다. 안정성 종합 점수는 부채비율 증가, 유동비율 감소로 하락했다. 외국인, 기관 모두 보유량 감소 (5일 누적) 최근 5일간 동종목의 외국인 투자자는 20,756주 매도하였고 마찬가지로 기관은 0주 매도하였다. 전날 외국인은 1,523주 매도했지만 기관은 순매수량이 0으로 보유비율 그대로 유지했다. 다음 표는 동종목의 외국인, 기관의 일별 순매수량을 나타낸 것이다. 'fnRASSI'는 증권전문 기업 씽크풀과 파이낸셜뉴스의 협업으로 로봇기자가 실시간으로 생산하는 기사입니다."
이데일리,008370,/news/news_read.nhn?article_id=0003777971&office_id=018&mode=search&query=원풍&page=1,2017-03-21 15:20,"원풍물산, 작년 개별 영업익 86% 감소","[이데일리 최정희 기자] 원풍물산(008290)은 작년 개별 매출액과 영업이익이 각각 463억6700만원, 2억6900만원으로 전년보다 4.0%, 86% 가량 감소했다고 21일 공시했다."
파이낸셜뉴스,008370,/news/news_read.nhn?article_id=0003775437&office_id=014&mode=search&query=원풍&page=1,2017-02-13 09:19,[fnRASSI]원풍(008370) 현재 +11.96%,"원풍(008370)은 현재 주가가 전일 대비 11.96% 상승한 5,150원 선에서 거래가 이루어지고 있다. 상장주식수 대비 거래량은 0.3%로 적정수준 최근 한달간 원풍의 상장주식수 대비 거래량을 비교해보니 일별 매매회전율이 0.3%로 집계됐다. 그리고 동기간 장중 저점과 고점의 차이인 일평균 주가변동률을 5.86%를 나타내고 있다. 외국인과 기관은 순매도, 개인은 순매수(한달누적)  1월12일부터 외국인들이 20거래일 연속 순매도 행진을 벌이고 있다. 4주간을 기준으로 보면 외국인이 매도 관점으로 접근하면서 36,409주를 순매도했고, 기관도 매도 우위를 보이면서 7,524주를 순매도했지만, 개인은 오히려 초반에 동종목을 순매수한 이후에 기세를 이어가며 43,933주를 순매수했다. 'fnRASSI'는 증권전문 기업 씽크풀과 파이낸셜뉴스의 협업으로 로봇기자가 실시간으로 생산하는 기사입니다."
이데일리,008370,/news/news_read.nhn?article_id=0003749516&office_id=018&mode=search&query=원풍&page=1,2017-02-14 17:43,"거래소, 원풍에 주가급등 조회공시 요구",[이데일리 이명철 기자] 한국거래소 코스닥시장본부는 원풍(008370)에 최근의 현저한 시황변동(주가급등) 관련 공시규정상 중요 공시사항 유무에 대해 조회공시를 요구했다. 답변시한은 오는 14일 오후 6시까지다.
머니투데이,008370,/news/news_read.nhn?article_id=0003821971&office_id=008&mode=search&query=원풍&page=1,2017-02-14 17:13,"[조회공시]원풍, 주가급등 사유",[머니투데이 김훈남 기자] 코스닥시장본부는 원풍에 최근 주가급등 사유에 대한 조회공시를 요구했다. 답변시한은 15일 오후 6시까지다. textlinktopstart textlinktopend textlinkstart
머니투데이,008370,/news/news_read.nhn?article_id=0003837724&office_id=008&mode=search&query=원풍&page=1,2017-03-13 17:00,"원풍물산, 영업익 2.7억 전녀比 85% 감소","[머니투데이 이창명 기자] 원풍물산은 지난해 매출 463억원, 영업이익 2억6900만원을 기록했다고 13일 공시했다. 전년 대비 매출은 3.9%, 영업이익은 85.7% 감소했다. 다만 같은 기간 당기순손실은 6억4193만원을 기록해 지난해보다 손실 규모가 94.4% 줄었다. 회사 측은 원가상승이 증가하고, 재고자산 폐기손실 반영으로 인한 영업외 비용증가가 실적에 반영됐다고 설명했다. textlinktopstart textlinktopend textlinkstart"
파이낸셜뉴스,008370,/news/news_read.nhn?article_id=0003776420&office_id=014&mode=search&query=원풍&page=1,2017-02-14 14:27,"[fnRASSI]원풍(008370), 52주 신고가 경신...5.35% &uarr;","원풍(008370)은 52주신고가를 기록하고 있어 주목할만하다. 동종목의 현재 주가는 6,300원 선에서 이루어지고 있다. 거래일을 기준으로 최근 3일간 평균 거래량은 282만 주이다. 이는 60일 일 평균 거래량 16만 주와 비교해보면 최근 거래량이 급격히 늘어났다는 것을 알 수 있다. 외국인, 기관 모두 보유량 감소 (5일 누적) 최근 5일간 동종목의 외국인 투자자는 35,714주 매도하였고 마찬가지로 기관은 903주 매도하였다. 전날 두 주체 각각 27,371주, 903주 순매도하며 보유 비율을 줄였다. 다음 표는 동종목의 외국인, 기관의 일별 순매수량을 나타낸 것이다.                   지표               항목               값               종합점수                 성장성               매출액증가율               -0.04               5.76                 자기자본증가율               0.03                 안정성               부채비율               16.81               9.86                 유동비율               388.22                 이익안정성               9.72                 수익성               ROA               4.93               7.19                 ROE               5.76                 영업이익율               10.51          원풍의 퀀트 재무 점수는 22.81점으로 지난 분기에 비해 성장성 점수가 하락했다. 이는 자기자본 증가율이 감소하였기 때문이다. 수익성 측면에서 볼때 ROA, ROE가 하락하여 이전보다 낮은 점수를 받았다. 'fnRASSI'는 증권전문 기업 씽크풀과 파이낸셜뉴스의 협업으로 로봇기자가 실시간으로 생산하는 기사입니다."
파이낸셜뉴스,008370,/news/news_read.nhn?article_id=0004036032&office_id=014&mode=search&query=원풍&page=1,2018-06-08 09:07,[fnRASSI]원풍 전일대비 19.86% 상승,"현재 원풍(008370)은 전일대비 19.86% 상승하여 5,160원 선에서 거래가 이루어지고 있다. 상장주식수 대비 거래량은 0.45%로 적정수준 최근 한달간 원풍의 상장주식수 대비 거래량을 비교해보니 일별 매매회전율이 0.45%로 집계됐다. 그리고 동기간 장중 저점과 고점의 차이인 일평균 주가변동률을 1.62%를 나타내고 있다.                   지표               항목               값               종합점수                 성장성               매출액증가율               -0.09               4.13                 자기자본증가율               0                 안정성               부채비율               16.53               9.58                 유동비율               417.25                 이익안정성               9.17                 수익성               ROA               2.83               4.81                 ROE               3.29                 영업이익율               3.57          원풍의 퀀트 재무 점수는 18.52점으로 지난 분기에 비해 성장성 점수가 하락했다. 이는 매출액 증가율과 자기자본 증가율이 감소하였기 때문이다. 안정성 종합 점수는 부채비율 증가, 실적 안정성 악화로 하락했다. 수익성 측면에서 볼때 영업이익률이 개선되어 이전보다 좋은 점수를 받았다. 'fnRASSI'는 증권전문 기업 씽크풀과 파이낸셜뉴스의 협업으로 로봇기자가 실시간으로 생산하는 기사입니다."
서울경제,008370,/news/news_read.nhn?article_id=0003316808&office_id=011&mode=search&query=원풍&page=1,2018-06-08 09:07,"&lt;코&gt;원풍, 상한가 진입.. +29.85% &uarr;","[서울경제] 오전 9시 6분 현재 원풍(008370) 이 +29.85% 오른 5,590원(▲1,285)으로 장중 상한가에 진입했다. 거래대금은 41억7,226만, 거래량은 78만9,528주를 기록하고 있으며, 수급측면으로는 38(매도):62(매수)의 매수우위를 보이고 있다. 원풍은 전일 상승(4,305원, ▲40, +0.94%)한데 이어 이틀 연속 상승세를 이어가고 있다. 지난 1개월간 원풍은 상승 17회, 하락 12회를 기록했고, 주가수익률은 30.15%였다. 이 기간 ' 화학업 ' 업종 평균 주가수익률은 -1.58%를 기록했다. 현재 ' 화학업 ' 총 65개 종목 중 상한가 종목은 1개, 상승 종목은 16개로, 일부 종목만이 상승세를 보이고 있다. ( 한솔씨앤피(221610) +1.56%, 에이씨티(138360) +1.53%, 한일화학(007770) +1.48%)"
한국경제TV,008370,/news/news_read.nhn?article_id=0000651370&office_id=215&mode=search&query=원풍&page=1,2018-06-21 14:54,"원풍, 전일 대비 약 -3% 하락한 4,465원","[한국경제TV 라이온봇 기자] [그림 1] 최근 3개월 간 주가 추세 및 기간별 수익률 원풍은 6월 21일 14시 53분 전일 대비 약 -3% 하락한 4,465원에 거래되고 있다. 원풍은 코스닥 상장 기업으로 화학 업종에 속해 있다. 시가총액은 554억원으로 코스닥 상장기업 중 990위에 위치 해 있다. [종목 성향 진단] [그림 2] 종목 성향 진단 원풍의 투자 스타일은 모호한 측면이 있으나 가치주라고 볼 수 있다. 기업 가치 대비 낮은 주가가 매력적인 기업이다. 주가 모멘텀은 평범한 수준이었다. 최근 1개월 수익률이 0.78%, 3개월 수익률은 7.4%, 6개월 수익률은 10.97%를 기록했다. 원풍 종목에 대한 투자자의 관심도는 평범한 수준이었다. [투자 점수 진단] [그림 3] 투자 점수 진단 원풍은 어느 측면에서 투자 매력도가 높은 종목일까? AI 인공지능 종목 분석 시스템을 이용해 성장성, 수익성, 효율성, 안전성, 저평가성, 추세 등 주가 수익률에 영향을 줄 수 있는 6가지 핵심 투자 지표를 점수화하여 종목의 투자 매력도를 계산해보았다. 그 결과 원풍은 상대적으로 기업안정성 측면에서 두각을 드러내고 있었다. 기업안정성 점수는 기업의 재무 구조가 얼마나 안정적인 상태인지를 나타낸다. 원풍은 특히 부채비율 측면에서 가장 높은 점수는 기록했는데, 전체 시장 내 194위를 기록하며 상위 9.68%에 위치했다. 업종별로는 18위를 기록하며 상위 7.62%에 위치했다. 그러나 기업의 이익 실현 정도를 나타내는 수익성 측면에서는 아쉬움을 나타냈다. (위의 AI인공지능 점수는 재무 데이터를 기반으로 전체 상장 종목과 비교/분석하여 도출한 점수로 높은 점수가 반드시 높은 수익률을 보장하지 않습니다. 위의 자료는 당사의 추천 종목이 아니며, 투자 시 참고용으로 제시해드리는 것입니다. 핵심투자지표를 결합해 종목의 투자매력도를 종합 계산한 ""인공지능 투자점수""는 ""거장들의 투자공식"" 앱에서 확인하실 수 있습니다.) 라이온봇 기자 -한국경제TV※ 본 기사는 한국경제TV와 '거장들의 투자공식이'자체 개발한 '라이온봇 기자'가 실시간으로 작성한 기사입니다. 라이온봇기자 ⓒ 한국경제TV, 무단 전재 및 재배포 금지 한국경제TV 관련뉴스해당 언론사에서 선정하며 언론사 페이지(아웃링크)로 이동해 볼 수 있습니다.""침대 보다 집이 더 문제""… 커지는 라돈 공포빗썸, 해킹으로 350억 탈취...입출금 전면 중단김동연-장하성 '불화설'에…靑 ""분위기 좋습니다""최태원 회장 ""경쟁사가 찾아오더라""...공유·개방의 힘[시승기] '안전과 실용'…패밀리 SUV 이쿼녹스"
이데일리,008370,/news/news_read.nhn?article_id=0003970760&office_id=018&mode=search&query=원풍&page=1,2017-11-15 11:33,"[특징주]원풍물산, 美 투자사 남용방지형 마약성 진통제 개발 &uarr;","[이데일리 박형수 기자] 원풍물산(008290)이 급등하고 있다. 15일 오전 11시29분 현재 원풍물산은 전날보다 13.51% 오른 3950원에 거래되고 있다. 원풍물산이 전날 공시한 분기보고서를 보면 원풍물산은 지난 2007년 11월 임시주주총회를 열고 생명공학 관련 내용을 사업 목적으로 추가했다. 2007년 8월 진통제 위주의 신약을 개발 중인 미국 렐마다 테러퓨틱스와 진통제 신약 2종에 대한 아시아 지역 독점 생산 및 판매 계약도 체결했다. 원풍물산은 분기보고서 기준으로 렐마다 지분 6%를 보유하고 있다. 통증관련의약품 개발업체 렐마다는 4개 의약품을 개발하고 있다. 처방의약품 가운데 시장이 가장 큰 통증의약품 신약이라는 점에서 기대가 커지고 있다. 분기보고서에 따르면 4개 신약 가운데 3개 의약품은 기존 약품의 전달체계 개선과 효능을 개선해 시장에서 필요로 하는 개량 신약으로 개발하고 있다. 미국 FDA 임상진행 절차간소화 적용을 받아 제품 개발과 임상비용 절감, 신약 출시 기간 등을 줄일 것으로 기대하고 있다. 통증과 중독을 치료할 수 있는 구강 태블릿( BuTab)과 다양한 통증에 광범위한 약효를 가진 마약성 진통제(LevoCap ER) 등을 개발하고 있다. 마약성 진통제는 남용 방지 효과를 포함하고 있어 시장성이 클 것으로 관측했다. 두약 모두 올해 임상 3상을 진행한다는 계획을 세웠다."
서울경제,008370,/news/news_read.nhn?article_id=0003300299&office_id=011&mode=search&query=원풍&page=1,2018-05-18 09:31,"&lt;코&gt;원풍물산, 전일 대비 13.29% 상승.. 일일회전율은 4.64% 기록","[서울경제] 원풍물산(008290) 은 18일 오전 9시 30분 현재 13.29% 오른 5,540원에 거래되고 있으며, 40(매도):60(매수)의 매수우위를 기록하고 있다. 거래대금은 95억7,178만, 거래량은 178만318주로 거래량회전율은 4.64%로 나타났다. 지난 1개월간 원풍물산은 상승 11회, 하락 16회를 기록했고, 주가수익률은 -2.12% 표준편차는 4.47%를 기록했다. 이 기간 ' 섬유·의류업 ' 업종 평균 주가수익률은 8.93%로 나타났으며, 변동성은 1.55%를 기록했다. 이 시각 현재 ' 섬유·의류업 '은 1.99% 상승 중이며, 50(매도):50(매수)의 보합세를 보이고 있다"
머니투데이,008370,/news/news_read.nhn?article_id=0003951052&office_id=008&mode=search&query=원풍&page=1,2017-10-20 15:57,"원풍물산, 5억원 규모 전환사채 조기상환","[머니투데이 김사무엘 기자] 원풍물산은 사채권자의 조기상환 청구로 인해 2019년 11월 상환예정이었던 무기명식 이권부 무보증 사모 전환사채를 20일 조기상환한다고 공시했다. 사채의 권면총액은 5억원, 상환금액은 5억1519만원이다."
한국경제,008370,/news/news_read.nhn?article_id=0003520474&office_id=015&mode=search&query=원풍&page=1,2016-01-11 13:42,"원풍, 80억 시설투자 결정",[ 한민수 기자  ] 원풍은 11일 생산시설을 확충하기 위해 80억원을 투자키로 했다고 공시했다. 투자기간은 오는 9월까지다. 한민수 한경닷컴 기자
전자신문,008370,/news/news_read.nhn?article_id=0002658820&office_id=030&mode=search&query=원풍&page=1,2017-11-16 17:42,"[ET투자뉴스]원풍물산, 17년3분기 실적 발표",11월 14일 원풍물산(008290)의 2017년 3분기 개별 확정 실적이 발표됐다. 작년 같은 기간 대비해서 매출액은 9.04% 하락하여 70억원을 기록했다. 영업이익은 32.61% 증가하여 4.7억원을 달성했다. 당기순이익은 3억원에서-3.7억원으로 적자전환되었다. 이번분기 기준으로 추정되는 원풍물산의 자기자본이익률(ROE)은 -4.9%로 나타났다. 전년 동기인 2016년 3분기 ROE는 3.9%로 이번 분기에 8.8%p 하락했다. 한편 동종목의영업이익률은 6.7%이다. 최근 3분기 이상 꾸준히 상승하는 추세이다. 지난해 동기 영업이익률은 4.6%로 이번 3분기가 2.1%p 상승했다. 주가가 1주당 순자산의 몇배인지 알려주는 주가순자산비율인 PBR은 4.89배이다. PBR은 최근 1년동안 큰 변동 없이 비슷한 수치를 보이고 있다. 지난해 동기 PBR은 5.3배로 이번 분기와 비슷한 수치이다. 다음은 원풍물산과 동일 업종 내 비교 그룹 종목의 각각 최근 실적의 전년 동기 대비 성장률이다. 원풍물산의 매출액은 감소했지만 증감율은 타 종목 대비 양호한 편이다. 그리고 주가는 하락하였지만 비교적 적은 하락율을 보였다.
파이낸셜뉴스,008370,/news/news_read.nhn?article_id=0003906393&office_id=014&mode=search&query=원풍&page=1,2017-11-15 09:37,[fnRASSI]원풍물산(008290) 현재 8.33% &uarr;,"현재 원풍물산(008290)은 전일대비 8.33% 상승하여 3,770원 선에서 거래가 이루어지고 있다. 퀀트 재무분석, 종합점수 15점으로 상승                    지표               항목               값               종합점수                 성장성               매출액증가율               -0.04               4.84                 자기자본증가율               0.01                 안정성               부채비율               45.16               8.08                 유동비율               178.84                 이익안정성               7.22                 수익성               ROA               -2.78               2.03                 ROE               -4.04                 영업이익율               -0.75          원풍물산의 퀀트 재무 점수는 14.95점으로 3개월 이전 13.59점보다 올랐다. 지난 분기에 비해 성장성 점수가 상승했다. 이는 자기자본 증가율이 증가하였기 때문이다. 안정성 종합 점수는 부채비율 감소, 유동비율 증가로 상승했다. 수익성 측면에서 볼때 ROA, ROE, 영업이익률 모두 하락하여 이전보다 낮은 점수를 받았다. 기관/개인 순매수, 외국인은 순매도(한달누적)  11월10일부터 전일까지 외국인이 3거래일 연속 순매수를 보였다. 4주간을 기준으로 보면 기관이 초반에는 특별한 움직임을 보이지 않다가 최근에 순매수로 방향을 잡으면서 18주를 순매수했고, 개인들도 순매수량을 늘리며 28,660주를 순매수했다. 반면 그 동안 외국인은 매도 우위를 지속하면서 28,678주를 순매도했다. 'fnRASSI'는 증권전문 기업 씽크풀과 파이낸셜뉴스의 협업으로 로봇기자가 실시간으로 생산하는 기사입니다."
머니투데이,008370,/news/news_read.nhn?article_id=0003611158&office_id=008&mode=search&query=원풍&page=1,2016-01-11 13:41,"원풍, 80억원 규모 신공장 및 설비 투자",[머니투데이 최우영 기자] 원풍은 80억원 규모의 신공장 건축 및 설비투자를 단행한다고 11일 공시했다. 회사측은 투자 목적을 미래 경쟁력 확보를 위한 생산시설 확충이라고 밝혔다. textlinktopstart textlinktopend textlinkstart
파이낸셜뉴스,008370,/news/news_read.nhn?article_id=0004020309&office_id=014&mode=search&query=원풍&page=1,2018-05-14 10:51,"[fnRASSI]원풍, 3.62% 오르며 거래량 증가","원풍(008370)의 당일 거래량이 최근 5거래일 거래량의 최고치를 넘어서며 투자자들의 관심을 받고 있다. 그리고 원풍은 4일 연속 상승흐름을 보이며, 10시 47분 현재 3.62% 증가한 4,585원에 거래중이다. 외국인 보유량 증가, 기관 변화 없음 (5일 누적) 최근 5일간 동종목의 외국인 투자자는 105주 순매수하였고 마찬가지로 기관은 0주 순매수하였다. 전날 외국인은 4,809주 순매수했지만 기관은 순매수량이 0으로 보유비율 그대로 유지했다. 다음 표는 동종목의 외국인, 기관의 일별 순매수량을 나타낸 것이다. 매매주체는개인,외국인 최근 한달간 주체별 거래비중을 살펴보면 개인이 90.7%, 외국인이 9.29%를 기록한 것으로 나타났다. 그리고 최근 5일간 거래비중은 개인이 92.99%, 외국인이 7%를 보였고, 기관은 거래참여가 없었다. 'fnRASSI'는 증권전문 기업 씽크풀과 파이낸셜뉴스의 협업으로 로봇기자가 실시간으로 생산하는 기사입니다."
한국경제,008370,/news/news_read.nhn?article_id=0003942066&office_id=015&mode=search&query=원풍&page=1,2018-05-18 09:54,"[원풍물산] 15% 이상 상승, 키움증권, 미래에셋 등 매수 창구 상위에 랭킹","원풍물산이 장 초반 부터 급등해서 오전 09시 49분 현재 전 거래일보다 +15.95% 오른 5,670원에 거래되고 있다. 주가의 흐름은 5,050원으로 개장해서 장중 한때 5,030원(+2.86%)까지 살짝 밀렸지만, 다시 큰 폭으로 올라서 현재 5,670원(+15.95%)까지 상승하고 있다. ◆ 거래원 동향 - 키움증권, 미래에셋 등 매수 창구 상위에 랭킹 현재 거래원 동향은 키움증권, 미래에셋, 한국증권 등이 매수 상위 목록에 나타나고 있다. 이 시간 미래에셋이 매수창구상위에 올라있는 종목은 이 종목 이외에도 KODEX 반도체, 유한양행 등이 있다. [표]원풍물산 거래원 동향 ◆ 주체별 매매동향 - 전일 외국인 대량 순매수 지난 한달을 기준으로 보면 외국인이 59.2만주를 순매수했고, 기관도 12.6만주를 순매수했다. 반면 개인들은 71.9만주를 순매도한 것으로 나타났다. 같은 기간 이 종목의 거래비중은 외국인과 개인이 각각 17.8%, 81.8%로 비중이 높다. 더욱이 전일 외국인이 대량 순매수를 하고 있어 투자자들의 관심이 집중되고 있다. [표]원풍물산 외국인/기관 매매동향 한경로보뉴스 이 기사는 한국경제신문과 씽크풀이 공동 개발한 기사 자동생성 알고리즘에 의해 실시간으로 작성된 것입니다.  - 기사관련문의 02-3277-9940 ["
파이낸셜뉴스,008370,/news/news_read.nhn?article_id=0003891761&office_id=014&mode=search&query=원풍&page=1,2017-10-20 09:43,[fnRASSI]원풍물산(008290) 전일대비 12.23% 상승,"현재 원풍물산(008290)은 전일대비 12.23% 상승하여 4,130원 선에서 거래가 이루어지고 있다. 퀀트 재무분석, 종합점수 15점으로 상승                    지표               항목               값               종합점수                 성장성               매출액증가율               -0.04               4.83                 자기자본증가율               0.01                 안정성               부채비율               45.16               8.08                 유동비율               178.84                 이익안정성               7.22                 수익성               ROA               -2.78               2.07                 ROE               -4.04                 영업이익율               -0.75          원풍물산의 퀀트 재무 점수는 14.98점으로 3개월 이전 13.59점보다 올랐다. 지난 분기에 비해 성장성 점수가 상승했다. 이는 자기자본 증가율이 증가하였기 때문이다. 안정성 종합 점수는 부채비율 감소, 유동비율 증가로 상승했다. 수익성 측면에서 볼때 ROA, ROE, 영업이익률 모두 하락하여 이전보다 낮은 점수를 받았다. 외국인 보유량 증가, 기관 감소 (5일 누적) 최근 5일간 동종목의 외국인 투자자는 23,233주 순매수하였다. 전날 외국인은 10,971주 순매수했지만 기관은 순매수량이 0으로 보유비율 그대로 유지했다. 다음 표는 동종목의 외국인, 기관의 일별 순매수량을 나타낸 것이다. 'fnRASSI'는 증권전문 기업 씽크풀과 파이낸셜뉴스의 협업으로 로봇기자가 실시간으로 생산하는 기사입니다."
서울경제,008370,/news/news_read.nhn?article_id=0003307594&office_id=011&mode=search&query=원풍&page=1,2018-05-28 10:04,"&lt;코&gt;원풍물산, 전일 대비 7.23% 상승.. 일일회전율은 1.51% 기록","[서울경제] 원풍물산(008290) 은 28일 오전 10시 3분 현재 7.23% 오른 5,490원에 거래되고 있으며, 46(매도):54(매수)의 매수우위를 기록하고 있다. 거래대금은 31억1,454만, 거래량은 58만1,288주로 거래량회전율은 1.51%로 나타났다. 지난 1개월간 원풍물산은 상승 11회, 하락 17회를 기록했고, 주가수익률은 -5.99% 표준편차는 4.65%를 기록했다. 이 기간 ' 섬유·의류업 ' 업종 평균 주가수익률은 4.07%로 나타났으며, 변동성은 1.79%를 기록했다. 이 시각 현재 ' 섬유·의류업 '은 4.97% 상승 중이며, 50(매도):50(매수)의 보합세를 보이고 있다"
한국경제TV,008370,/news/news_read.nhn?article_id=0000634416&office_id=215&mode=search&query=원풍&page=1,2018-05-15 14:50,"원풍, 전일 대비 약 -3% 하락한 4,450원","[한국경제TV 라이온봇 기자] 원풍은 5월 15일 14시 49분 전일 대비 약 -3% 하락한 4,450원에 거래되고 있다. 원풍은 코스닥 상장 기업으로 화학 업종에 속해 있다. 시가총액은 552억원으로 코스닥 상장기업 중 1,014위에 위치 해 있다. [종목 성향 진단] [그림 1] 종목 성향 진단 원풍의 투자 스타일은 가치주에 가깝다. 기업 가치 대비 낮은 주가가 매력적인 기업이다. 주가 모멘텀은 좋은 편에 속했다. 최근 3개월 수익률은 15%의 상승폭을 기록했다. 최근 1개월 수익률 또한 14.29% 상승하며 좋은 모멘텀을 보이고 있다. 원풍 종목에 대한 투자자의 관심도는 평범한 수준이었다. [투자 점수 진단] [그림 2] 투자 점수 진단 원풍은 안정성(부채비율) 측면에서 두각을 나타내고 있다. 최근 부채비율은 93점으로 6개의 핵심 팩터 중 가장 높은 점수를 기록했다. 부채비율은  전체 시장 내 161위를 기록하며 상위 7.34%에 위치했다. 업종별로는 10위를 기록하며 상위 3.98%에 위치했다. 그리고 저평가성2(PBR) 역시 도드라지는 편이다. 저평가성2 점수는 81점으로 두번째로 높은 점수를 기록했다. PBR은 전체 시장 내 363위를 기록하며 상위 19.35%에 위치했다. 업종별로는 72위를 기록하며 상위 32.57%에 위치했다. 그러나 매출증가율(YoY)과 PER은  아쉬움을 나타냈다. [종합 투자점수] [그림 3] 종합 투자점수 AI 인공지능 분석을 통한 원풍의 종목 종합 스코어는 72점을 기록했다. 이는 동일 업종 평균점수인 60점과 시장 평균점수인 59점를 상회하는 수치였다. (위의 AI인공지능 점수는 재무 데이터를 기반으로 전체 상장 종목과 비교/분석하여 도출한 점수로 높은 점수가 반드시 높은 수익률을 보장하지 않습니다. 위의 자료는 당사의 추천 종목이 아니며, 투자 시 참고용으로 제시해드리는 것입니다.) 라이온봇 기자 -한국경제TV※ 본 기사는 한국경제TV와 '거장들의 투자공식이'자체 개발한 '라이온봇 기자'가 실시간으로 작성한 기사입니다. 라이온봇기자 ⓒ 한국경제TV, 무단 전재 및 재배포 금지 한국경제TV 관련뉴스해당 언론사에서 선정하며 언론사 페이지(아웃링크)로 이동해 볼 수 있습니다.서정희 딸 서동주, 이렇게 예뻤나김생민 근황은?…박명수 예언 발언 ""소름 돋네""정려원 고백, '불같았던' 열애 상대 누구?엄지원 남편, 엄친아에 빌딩 부자…엄지원 부친은 '더 대박'홍수아 올 망사?…'이쯤되면 대륙여신'"
뉴시스,008370,/news/news_read.nhn?article_id=0006983148&office_id=003&mode=search&query=원풍&page=1,2016-01-13 15:30,"[종목토크]원풍, 신공장 설립 80억 투입&hellip;&quot;완성도 높은 제품으로 시장선점&quot;","【서울=뉴시스】 산업용 타폴린 및 광고용 사인 플렉스 원단 생산 업체 원풍 회사 홈페이지 모습. 【서울=뉴시스】 한상연 기자 = 산업용 타폴린 및 광고용 사인 플렉스 원단 생산 업체 원풍이 미래 경쟁력 확보를 위한 생산설비 확충에 대규모 자금을 투입했다. 13일 금융투자업계에 따르면 원풍은 충북 옥천에 신공장 설립을 위해 자기자본의 11.8%에 달하는 80억원을 투입키로 결정했다. 신공장을 통해 기존보다 완성도 높은 제품을 생산, 점차 커져가는 원단 시장을 선점하겠다는 계획이다. 이하 원풍 관계자와의 일문일답. Q. 옥천 공장에서는 앞으로 어떤 제품을 생산하게 되는 것인가? A. 기존 제품을 생산하게 될 것이다. 기존 공장에서 생산해 온 제품은 효율성 측면에서 80% 정도였다면 옥천 신공장에서 생산될 제품은 100%에 가깝다고 보면 될 것이다. 우리가 생산하는 제품의 경우는 완성도의 편차가 심하다는 특징이 있다. 외국 업체 제품에서 90%의 완성도를 보이는 것도 있지만, 국내에서는 그런 곳이 거의 없다. 제품 완성도를 100%까지 끌어올리는 데는 신규 시설이 필요하다고 판단해 신공장을 세우게 됐다. Q. 부지를 제외한 순수 공장 설립과 기계 설비에 80억원이라는 거액이 투입됐다. 상당한 규모라고 판단되는데 이에 대한 생각은? A. 이미 매입한 토지는 6만6116.4㎡(2만평)다. 토지가 워낙 넓다보니 모든 건물을 한꺼번에 지을 수가 없는 실정이다. 이번 신공장 설립은 전체 설계된 도면에서 일부 건물을 짓는 일종의 시작단계라고 보면 될 것이다. 차후 사업이 안정화되고 시장이 좋아지게 될 경우 나머지 건물도 세우겠지만 그렇게 할 지 안 할 지는 현재로서는 지켜봐야 하는 상황이다. Q. 옥천 공장 1차 완공 예정일은 언제이며, 생산능력은 어느 정도가 될 것으로 예상하나? A. 1차 완공일은 오는 9월30일이다. 다음 달 쯤 공장에 들어갈 설비 도면이 완성이 되고 발주가 들어갈 예정이다. 현재 발주 업체와 우리 회사 기계 담당이 도면에 대해 논의 중인 상태다. 건물이 완공되고 설비까지 다 갖춰지면 오는 10월부터 생산이 가능할 것으로 보인다. 다만 완제품이 아닌 완성도를 위한 시제품을 만들 계획이다. 완제품은 내년부터 생산이 가능할 것으로 예상하고 있다. 제품 생산이 주문 제작이다 보니 생산능력은 기계가 가동돼 봐야 알 수 있을 것 같다. Q. 국내에 판매되는 주요 제품 중 광고용(사인 플렉스)과 산업용(타폴린) 원단이 있는 것으로 알고 있다. 이들의 매출 비중은 어떻게 되나? A. 과거 5년 전만 해도 사인플렉스가 60%, 타폴린이 50%를 차지했다. 그러나 수익적인 측면에서 사인플렉스가 많이 떨어지며 최근에는 35%와 65% 정도의 비중을 나타내고 있다. 이번에 설립키로 한 옥천 신공장도 타폴린 생산을 위한 것이다. Q. 지난해 3분기 영업이익이 전년 같은 기간 대비 두 배 가까이 증가했다. 매출액은 소폭 감소했는데 이 같은 결과가 나타날 수 있었던 원인은 무엇인가? A. 유가 하락으로 인한 원자재 가격의 동반 하락과 환율 상승 등 외부 환경에 따른 결과다. 다만 시장 환경이 안 좋아 물량이 많이 축소된 상태다. Q. 현재 말레이시아에 법인이 있는 것으로 알고 있다. 해외 시장 확대에 대한 향후 계획은 없는가? A. 말레이시아 법인 실적이 연결로 잡히고 있지만 원풍 실적에 크게 영향을 미치지 않고 있다. 이외에 중국 법인 중 지분법적용투자기업이 있긴 하지만 실적이 좋지 않은 상태다. 두 법인 모두 썩 좋지 않은 상황이지만 국내 관계사가 좋은 실적을 내며 만회하고 있다. 원풍의 경우 해외투자를 해 좋은 성과를 거둔 적이 별로 없어 해외 확장은 크게 고려하고 있지 않다. 언젠가는 해외 시장 확대를 해야 하겠지만 현재로서는 이를 언급할 단계는 아니다."
서울경제,008370,/news/news_read.nhn?article_id=0002781027&office_id=011&mode=search&query=원풍&page=1,2015-12-28 11:43,"[업종동향_코스닥] 섬유,의류업종 폭락세_원풍물산 약세 두드러져","코스닥 시장이 장중 하락폭이 커지는 가운데(-1.47p) 상대적으로 섬유,의류업종에서 폭락세가 나타나고 있다. 제약업종 등에서 집중적인 매도세를 보이고 있고, 코스닥우량기업업종 등에서 매수규모를 늘리고 있다. 현재 코스닥은 유가증권시장보다 소폭이지만 하락탄력이 큰 약보합권을 유지하고 있다. 28일 오전 11시30분 현재 코스닥시장에서 업종별 등락현황을 살펴보면, 섬유,의류업종(-12.93%)과 방송서비스업종(-1.49%)등이 하락률이 큰 것으로 나타났고 반대로 종이,목재업종(2.02%)과 통신서비스업종(1.65%)등은 상승률이 큰 것으로 집계되었다. 상승률이 가장 큰 종이,목재업종지수는 전일에 이어 오늘도 상승하면서 또한번 연중최고치를 갈아치우는 모습인데, 향후 추가적인 강세트렌드가 진행될 가능성을 보여주고 있다. 동업종에 대해서 기관은 최근 매수세를 지속하고 있는데, 최근 일주일동안 이들이 순매수한 금액은 85억원에 이른다. 상대적으로 개인은 매도에 주로 치중한 것으로 나타났다. 동업종지수의 패턴을 분석해보면 현재위치는 전형적인 정배열 구간에서 60일, 120일, 240일 이동평균선을 상향돌파해내고 있는 모습이다. 종이,목재업종내 주요 종목동향을 보면 한국팩키지가 4.41%의 상승률로 오늘 업종내에서 움직임이 활발한데, 최근 해당종목에 대한 외국인의 순매도세가 나타나고 있다. 그리고 동화기업은 4.02%, 대양제지는 2.04%의 오름세를 보이고 있다. 한편 장중 기준으로 지금은 방송서비스업종의 하락폭이 가장 커지는 것으로 나타나고 있고(-1.3%), 상대적으로 종이,목재업종은 상승폭이 커지고 있는 것으로 나타났다.(+0.86%) 전반적으로 코스닥 주요업종들은 큰 움직임없는 무난한 흐름을 보이고 있다. 인터넷업종은 (0.31)% 상승중이고 통신서비스업종이 (1.65)%, IT부품업종이 (0.12)% 오른 반면에 통신장비업종(-0.33%),디지털컨텐츠(-0.73%)은 하락했다. 이시각 현재, 외국인은 코스닥에서 245억원의 순매수를 보이고 있다. 코스닥우량기업종과 제약업종을 주로 매수하고 있고 소프트웨어업종과 컴퓨터서비스업종 등에서는 매도우위를 보이고 있다. 한편 제약업종내에서 동국제약(086450)과 바디텍메드(206640)도 각각 4.92%, 4.56%의 등락폭을 보이고 있다. 상대적으로 외국인이 매도우위를 보이는 컴퓨터서비스업종에서는 케이씨티(089150)가 전날보다 -3.78%낮아진 2,675원을 기록하고 있으며 씨그널엔터테인먼트그룹(099830)과 인성정보(033230)는 각각 -2.45%,-2.44% 보이고 있다."
파이낸셜뉴스,008370,/news/news_read.nhn?article_id=0003578516&office_id=014&mode=search&query=원풍&page=1,2016-01-11 13:38,"[공시]원풍, 신공장 건축 등에 80억원 투자",원풍은 11일 신공장 건축 및 설비투자를 위해 80억원을 투자하기로 결정했다고 공시했다. 이는 2014년 기준 자기자본 대비 11.8%에 해당하며 투자기간은 오는 9월30일까지다.
한국경제TV,008370,/news/news_read.nhn?article_id=0000638443&office_id=215&mode=search&query=원풍&page=1,2018-05-25 14:19,"원풍물산, 전일 대비 약 -8% 하락한 5,130원","[한국경제TV 라이온봇 기자] 원풍물산은 5월 25일 14시 18분 전일 대비 약 -8% 하락한 5,130원에 거래되고 있다. 원풍물산은 코스닥 상장 기업으로 섬유,의류 업종에 속해 있다. 시가총액은 2,130억원으로 코스닥 상장기업 중 301위에 위치 해 있다. [종목 성향 진단] [그림 1] 종목 성향 진단 원풍물산의 투자 스타일은 성장주에 가깝다. 주가 고평가 우려가 공존하지만 높은 성장성이 기대되는 기업이다. 주가 모멘텀은 부진한 편이었다. 최근 1개월 수익률은 -11.24%의 하락폭을 기록했다. 원풍물산 종목에 대한 투자자의 관심도는 굉장히 높은 편이다. [투자 점수 진단] [그림 2] 투자 점수 진단 원풍물산은 안정성(부채비율) 측면에서 두각을 나타내고 있다. 최근 부채비율은 64점으로 6개의 핵심 팩터 중 가장 높은 점수를 기록했다. 부채비율은  전체 시장 내 1281위를 기록하며 상위 35.66%에 위치했다. 업종별로는 243위를 기록하며 상위 33.6%에 위치했다. 그러나 PBR과 ROA는  아쉬움을 나타냈다. [종합 투자점수] [그림 3] 종합 투자점수 AI 인공지능 분석을 통한 원풍물산의 종목 종합 스코어는 45점을 기록했다. 이는 동일 업종 평균점수인 56점과 시장 평균점수인 57점를 하회하는 수치였다. (위의 AI인공지능 점수는 재무 데이터를 기반으로 전체 상장 종목과 비교/분석하여 도출한 점수로 높은 점수가 반드시 높은 수익률을 보장하지 않습니다. 위의 자료는 당사의 추천 종목이 아니며, 투자 시 참고용으로 제시해드리는 것입니다.) 라이온봇 기자 -한국경제TV※ 본 기사는 한국경제TV와 '거장들의 투자공식이'자체 개발한 '라이온봇 기자'가 실시간으로 작성한 기사입니다. 라이온봇기자 ⓒ 한국경제TV, 무단 전재 및 재배포 금지 한국경제TV 관련뉴스해당 언론사에서 선정하며 언론사 페이지(아웃링크)로 이동해 볼 수 있습니다.'정은숙 결혼' 나한일 딸 나혜진 알고보니 '얼짱 여배우'""발과 주먹으로..."" 조재범 코치, 심석희 폭행 사건 '공분'""미쳐도 곱게 미쳐라"" 시민 고성 속 조현아 출석…'고개 푹'엄지원 남편, 엄친아에 빌딩 부자…엄지원 부친은 '더 대박'홍수아 올 망사?…'이쯤되면 대륙여신'"
파이낸셜뉴스,008370,/news/news_read.nhn?article_id=0003906658&office_id=014&mode=search&query=원풍&page=1,2017-11-15 13:24,[fnRASSI]원풍물산 전일대비 10.92% 상승,"현재 원풍물산(008290)은 전일대비 10.92% 상승하여 3,860원 선에서 거래가 이루어지고 있다. 상장주식수 대비 거래량은 2.54%로 적정수준 최근 한달간 원풍물산의 상장주식수 대비 거래량을 비교해보니 일별 매매회전율이 2.54%로 집계됐다. 그리고 동기간 장중 저점과 고점의 차이인 일평균 주가변동률을 3.01%를 나타내고 있다. 개인,외국인 투자자만 매매에 참여 최근 한달간 주체별 거래비중을 살펴보면 개인 비중이 96.31%로 가장 높았고, 외국인이 3.68%로 그 뒤를 이었다. 기관은 거래에 참여하지 않은 것으로 보인다. 그리고 최근 5일간 거래비중은 개인 비중이 94.87%로 가장 높았고, 외국인이 5.12%로 그 뒤를 이었다. 기관은 거래에 참여하지 않은 것으로 보인다. 'fnRASSI'는 증권전문 기업 씽크풀과 파이낸셜뉴스의 협업으로 로봇기자가 실시간으로 생산하는 기사입니다."
파이낸셜뉴스,008370,/news/news_read.nhn?article_id=0004023793&office_id=014&mode=search&query=원풍&page=1,2018-05-18 14:42,[fnRASSI]원풍물산(008290) 전일대비 10.63% 상승,"현재 원풍물산(008290)은 전일대비 10.63% 상승하여 5,410원 선에서 거래가 이루어지고 있다. 외국인투자자의 거래참여 활발, 거래비중 17.8% 최근 한달간 주체별 거래비중을 살펴보면 개인이 전체 거래량의 81.85%를 차지하며 가장 활발한 참여를 보였고, 외국인은 17.8%, 기관은 0.33%의 거래 참여율을 보였다. 그리고 최근 5일간 거래비중은 개인 비중이 80.59%로 가장 높았고, 외국인이 19.4%로 그 뒤를 이었다. 기관은 거래에 참여하지 않은 것으로 보인다.                   지표               항목               값               종합점수                 성장성               매출액증가율               -0.07               2.57                 자기자본증가율               -0.15                 안정성               부채비율               53.32               7.27                 유동비율               163.01                 이익안정성               6.39                 수익성               ROA               -0.09               2.99                 ROE               -0.13                 영업이익율               0.77          원풍물산의 퀀트 재무 점수는 12.83점으로 지난 분기에 비해 성장성 점수가 하락했다. 이는 매출액 증가율이 감소하였기 때문이다. 실적 안정성이 악화되어 안정성 종합 점수는 하락했다. 수익성 측면에서 볼때 ROA, ROE, 영업이익률 모두 개선되어 이전보다 좋은 점수를 받았다. 'fnRASSI'는 증권전문 기업 씽크풀과 파이낸셜뉴스의 협업으로 로봇기자가 실시간으로 생산하는 기사입니다."
이데일리,008370,/news/news_read.nhn?article_id=0003447900&office_id=018&mode=search&query=원풍&page=1,2016-01-11 13:40,"원풍, 신공장 건축에 80억 투자 결정","[이데일리 안혜신 기자] 원풍(008370)은 신공장 건축 및 설비에 80억원을 투자키로 했다고 11일 공시했다. 이는 자기자본 대비 11.8%에 해당하는 규모로, 투자기간은 오는 9월30일까지다. 회사 측은 “미래 경쟁력 확보를 위한 생산시설 확충을 위해”라고 투자목적을 설명했다."
서울경제,008370,/news/news_read.nhn?article_id=0003304565&office_id=011&mode=search&query=원풍&page=1,2018-05-24 09:31,"&lt;코&gt;원풍물산, 전일 대비 7.50% 상승.. 일일회전율은 3.87% 기록","[서울경제] 원풍물산(008290) 은 24일 오전 9시 30분 현재 7.50% 오른 5,730원에 거래되고 있으며, 43(매도):57(매수)의 매수우위를 기록하고 있다. 거래대금은 84억3,971만, 거래량은 148만4,620주로 거래량회전율은 3.87%로 나타났다. 지난 1개월간 원풍물산은 상승 12회, 하락 16회를 기록했고, 주가수익률은 2.87% 표준편차는 4.54%를 기록했다. 이 기간 ' 섬유·의류업 ' 업종 평균 주가수익률은 8.50%로 나타났으며, 변동성은 1.65%를 기록했다. 이 시각 현재 ' 섬유·의류업 '은 1.13% 상승 중이며, 48(매도):52(매수)의 매수우위를 기록하고 있다."
머니투데이,008370,/news/news_read.nhn?article_id=0003608883&office_id=008&mode=search&query=원풍&page=1,2016-01-06 18:00,"원풍물산, 61만1234주 전환청구권 행사","[머니투데이 권혜민 기자] 원풍물산은 61만1234주 규모의 전환청구권이 행사된다고 6일 공시했다. 이는 발행주식 총수의 1.68%에 해당하며 전환가액은 2454원, 상장일은 오는 20일이다. textlinktopstart textlinktopend textlinkstart"
한국경제TV,008370,/news/news_read.nhn?article_id=0000638209&office_id=215&mode=search&query=원풍&page=1,2018-05-25 09:58,"원풍, 전일 대비 약 -3% 하락한 4,270원","[한국경제TV 라이온봇 기자] 원풍은 5월 25일 9시 57분 전일 대비 약 -3% 하락한 4,270원에 거래되고 있다. 원풍은 코스닥 상장 기업으로 화학 업종에 속해 있다. 시가총액은 524억원으로 코스닥 상장기업 중 1,038위에 위치 해 있다. [종목 성향 진단] [그림 1] 종목 성향 진단 원풍의 투자 스타일은 모호한 측면이 있으나 가치주라고 볼 수 있다. 기업 가치 대비 낮은 주가가 매력적인 기업이다. 주가 모멘텀은 평범한 수준이었다. 최근 1개월 수익률이 5.43%, 3개월 수익률은 11.07%, 6개월 수익률은 4.2%를 기록했다. 원풍 종목에 대한 투자자의 관심도는 매우 낮은 편이었다. [투자 점수 진단] [그림 2] 투자 점수 진단 원풍은 안정성(부채비율) 측면에서 두각을 나타내고 있다. 최근 부채비율은 93점으로 6개의 핵심 팩터 중 가장 높은 점수를 기록했다. 부채비율은  전체 시장 내 162위를 기록하며 상위 7.34%에 위치했다. 업종별로는 10위를 기록하며 상위 3.98%에 위치했다. 그리고 저평가성2(PBR) 역시 도드라지는 편이다. 저평가성2 점수는 81점으로 두번째로 높은 점수를 기록했다. PBR은 전체 시장 내 363위를 기록하며 상위 19.35%에 위치했다. 업종별로는 72위를 기록하며 상위 32.57%에 위치했다. 그러나 매출증가율(YoY)과 PER은  아쉬움을 나타냈다. [종합 투자점수] [그림 3] 종합 투자점수 AI 인공지능 분석을 통한 원풍의 종목 종합 스코어는 67점을 기록했다. 이는 동일 업종 평균점수인 59점과 시장 평균점수인 57점를 상회하는 수치였다. (위의 AI인공지능 점수는 재무 데이터를 기반으로 전체 상장 종목과 비교/분석하여 도출한 점수로 높은 점수가 반드시 높은 수익률을 보장하지 않습니다. 위의 자료는 당사의 추천 종목이 아니며, 투자 시 참고용으로 제시해드리는 것입니다.) 라이온봇 기자 -한국경제TV※ 본 기사는 한국경제TV와 '거장들의 투자공식이'자체 개발한 '라이온봇 기자'가 실시간으로 작성한 기사입니다. 라이온봇기자 ⓒ 한국경제TV, 무단 전재 및 재배포 금지 한국경제TV 관련뉴스해당 언론사에서 선정하며 언론사 페이지(아웃링크)로 이동해 볼 수 있습니다.'정은숙 결혼' 나한일 딸 나혜진 알고보니 '얼짱 여배우'""발과 주먹으로..."" 조재범 코치, 심석희 폭행 사건 '공분'""미쳐도 곱게 미쳐라"" 시민 고성 속 조현아 출석…'고개 푹'엄지원 남편, 엄친아에 빌딩 부자…엄지원 부친은 '더 대박'홍수아 올 망사?…'이쯤되면 대륙여신'"
이데일리,008370,/news/news_read.nhn?article_id=0003444699&office_id=018&mode=search&query=원풍&page=1,2016-01-06 18:35,"원풍물산, 61.1만주 전환청구권 행사","[이데일리 송이라 기자] 원풍물산(008290)은 61만1234주에 대한 전환청구권이 행사됐다고 6일 공시했다. 이는 발행주식총수의 1.68% 수준이다. 전환가액은 2454원, 상장 예정일은 1월20일이다."
파이낸셜뉴스,008370,/news/news_read.nhn?article_id=0004036048&office_id=014&mode=search&query=원풍&page=1,2018-06-08 09:16,[fnRASSI]원풍물산(008290) 전일대비 10.48% 상승,"현재 원풍물산(008290)은 전일대비 10.48% 상승하여 5,800원 선에서 거래가 이루어지고 있다. 주가등락폭은 다소 큰 편 최근 한달간 원풍물산의 상장주식수 대비 거래량을 비교해보니 일별 매매회전율이 2.86%로 집계됐다. 동기간 일평균 주가변동률은 8.57%로 장중 저점과 고점의 차이가 매우 컸음을 알 수 있다. 외국인 보유량 감소, 기관 변화 없음 (5일 누적) 최근 5일간 동종목의 외국인 투자자는 4,162주 순매도하였고 반면 기관은 0주 순매수하였다. 전날 외국인은 7,299주 순매도했지만 기관은 순매수량이 0으로 보유비율 그대로 유지했다. 다음 표는 동종목의 외국인, 기관의 일별 순매수량을 나타낸 것이다. 'fnRASSI'는 증권전문 기업 씽크풀과 파이낸셜뉴스의 협업으로 로봇기자가 실시간으로 생산하는 기사입니다."
한국경제TV,008370,/news/news_read.nhn?article_id=0000643411&office_id=215&mode=search&query=원풍&page=1,2018-06-08 09:49,"원풍, 52주 신고가 경신... 전일 대비 28% 상승","[한국경제TV 라이온봇 기자] 원풍은 52주 신고가를 경신했다. 원풍은 6월 8일 9시 48분 전일 대비 약 28% 상승한 5,530원에 거래되고 있다. 원풍은 코스닥 상장 기업으로 화학 업종에 속해 있다. 시가총액은 511억원으로 코스닥 상장기업 중 1,046위에 위치 해 있다. [종목 성향 진단] [그림 1] 종목 성향 진단 원풍의 투자 스타일은 가치주에 가깝다. 기업 가치 대비 낮은 주가가 매력적인 기업이다. 주가 모멘텀은 평범한 수준이었다. 최근 1개월 수익률이 1.31%, 3개월 수익률은 -3.09%, 6개월 수익률은 3.16%를 기록했다. 원풍 종목에 대한 투자자의 관심도는 매우 낮은 편이었다. [투자 점수 진단] [그림 2] 투자 점수 진단 원풍은 안정성(부채비율) 측면에서 두각을 나타내고 있다. 최근 부채비율은 90점으로 6개의 핵심 팩터 중 가장 높은 점수를 기록했다. 부채비율은  전체 시장 내 213위를 기록하며 상위 9.68%에 위치했다. 업종별로는 20위를 기록하며 상위 8%에 위치했다. 그리고 저평가성2(PBR) 역시 도드라지는 편이다. 저평가성2 점수는 81점으로 두번째로 높은 점수를 기록했다. PBR은 전체 시장 내 356위를 기록하며 상위 19.12%에 위치했다. 업종별로는 68위를 기록하며 상위 31.16%에 위치했다. 그러나 영업이익률과 ROA는  아쉬움을 나타냈다. [종합 투자점수] [그림 3] 종합 투자점수 AI 인공지능 분석을 통한 원풍의 종목 종합 스코어는 57점을 기록했다. 이는 동일 업종 평균점수인 55점과 시장 평균점수인 52점를 상회하는 수치였다. (위의 AI인공지능 점수는 재무 데이터를 기반으로 전체 상장 종목과 비교/분석하여 도출한 점수로 높은 점수가 반드시 높은 수익률을 보장하지 않습니다. 위의 자료는 당사의 추천 종목이 아니며, 투자 시 참고용으로 제시해드리는 것입니다.) 라이온봇 기자 -한국경제TV※ 본 기사는 한국경제TV와 '거장들의 투자공식이'자체 개발한 '라이온봇 기자'가 실시간으로 작성한 기사입니다. 라이온봇기자 ⓒ 한국경제TV, 무단 전재 및 재배포 금지 한국경제TV 관련뉴스해당 언론사에서 선정하며 언론사 페이지(아웃링크)로 이동해 볼 수 있습니다.손흥민 정우영 불화설에 안정환 한다는 말이...포브스 발표 '한국 부자 50위'는?서울 냉면 한그릇 9천원 10%↑ …딱 하나 안 오른 음식은국내 400만명 앓는 병…체중 7% 법칙 아시나요박지성♥김민지, 귀요미 딸 연우 공개…단란한 가족사진"
파이낸셜뉴스,008370,/news/news_read.nhn?article_id=0004023520&office_id=014&mode=search&query=원풍&page=1,2018-05-18 09:26,[fnRASSI]원풍물산(008290) 현재 11.04% &uarr;,"원풍물산(008290)은 현재 주가가 전일 대비 11.04% 상승한 5,430원 선에서 거래가 이루어지고 있다. 상장주식수 대비 거래량은 2.05%로 적정수준 최근 한달간 원풍물산의 상장주식수 대비 거래량을 비교해보니 일별 매매회전율이 2.05%로 집계됐다. 그리고 동기간 장중 저점과 고점의 차이인 일평균 주가변동률을 3.98%를 나타내고 있다.                   지표               항목               값               종합점수                 성장성               매출액증가율               -0.07               2.57                 자기자본증가율               -0.15                 안정성               부채비율               53.32               7.27                 유동비율               163.01                 이익안정성               6.39                 수익성               ROA               -0.09               2.99                 ROE               -0.13                 영업이익율               0.77          원풍물산의 퀀트 재무 점수는 12.83점으로 지난 분기에 비해 성장성 점수가 하락했다. 이는 매출액 증가율이 감소하였기 때문이다. 실적 안정성이 악화되어 안정성 종합 점수는 하락했다. 수익성 측면에서 볼때 ROA, ROE, 영업이익률 모두 개선되어 이전보다 좋은 점수를 받았다. 'fnRASSI'는 증권전문 기업 씽크풀과 파이낸셜뉴스의 협업으로 로봇기자가 실시간으로 생산하는 기사입니다."
아시아경제,008370,/news/news_read.nhn?article_id=0003663959&office_id=277&mode=search&query=원풍&page=1,2016-01-11 14:11,"원풍, 80억원 규모 신공장 건축 및 설비 투자","[아시아경제 최동현 기자] 원풍은 신공장 건축 및 설비에 80억원을 투자하기로 결정했다고 11일 공시했다. 이는 자기자본 대비 12%에 해당하는 규모이며, 투자기간은 오는 9월30일까지다."
서울경제,008370,/news/news_read.nhn?article_id=0003268622&office_id=011&mode=search&query=원풍&page=1,2018-04-12 14:50,"&lt;코&gt;원풍물산, 전일 대비 9.59% 상승.. 일일회전율은 6.94% 기록","[서울경제] 원풍물산(008290) 은 12일 오후 2시 49분 현재 9.59% 오른 6,400원에 거래되고 있으며, 50(매도):50(매수)의 보합세를 보이고 있다 거래대금은 154억2,813만, 거래량은 266만5,066주로 거래량회전율은 6.94%로 나타났다. 지난 1개월간 원풍물산은 상한가 1회, 상승 16회, 하락 11회를 기록했고, 주가수익률은 77.29% 표준편차는 6.93%를 기록했다. 이 기간 ' 섬유·의류업 ' 업종 평균 주가수익률은 14.49%로 나타났으며, 변동성은 1.77%를 기록했다. 이 시각 현재 ' 섬유·의류업 '은 0.28% 상승 중이며, 45(매도):55(매수)의 매수우위를 기록하고 있다."
서울경제,008370,/news/news_read.nhn?article_id=0003316869&office_id=011&mode=search&query=원풍&page=1,2018-06-08 09:31,"&lt;코&gt;원풍, 전일 대비 29.85% 상승.. 일일회전율은 14.56% 기록","[서울경제] 원풍(008370) 은 8일 오전 9시 30분 현재 29.85% 오른 5,590원에 거래되고 있으며, 66(매도):34(매수)의 매도우위를 기록하고 있다. 거래대금은 95억781만, 거래량은 174만6,858주로 거래량회전율은 14.56%로 나타났다. 지난 1개월간 원풍은 상승 17회, 하락 12회를 기록했고, 주가수익률은 30.15% 표준편차는 2.41%를 기록했다. 이 기간 ' 화학업 ' 업종 평균 주가수익률은 -1.57%로 나타났으며, 변동성은 1.06%를 기록했다. 이 시각 현재 ' 화학업 '은 0.48% 상승 중이며, 40(매도):60(매수)의 매수우위를 기록하고 있다."
한국경제,008370,/news/news_read.nhn?article_id=0003941993&office_id=015&mode=search&query=원풍&page=1,2018-05-18 09:25,"[원풍물산] 10% 이상 상승, 전일 외국인 대량 순매수","원풍물산이 장 초반 부터 전일 대비 +10%이상 상승하고 있다. 18일 오전 09시 22분 원풍물산은 전 거래일보다 13.09% 오른 5,530원에 거래되고 있다. 주가의 흐름을 살펴보면 5,050원으로 개장해서 장중 한때 5,030원(+2.86%)까지 소폭 밀렸다가 다시 5,550원(+13.5%)까지 상승 반전한 후, 현재는 5,530원(+13.09%)에서 머물면서 장중에 많이 상승한 모습이다. ◆ 주체별 매매동향 - 전일 외국인 대량 순매수 지난 한달을 기준으로 보면 외국인이 59.2만주를 순매수했고, 기관도 12.6만주를 순매수했다. 반면 개인들은 71.9만주를 순매도한 것으로 나타났다. 같은 기간 이 종목의 거래비중은 외국인과 개인이 각각 17.8%, 81.8%로 비중이 높다. 더욱이 전일 외국인이 대량 순매수를 하고 있어 투자자들의 관심이 집중되고 있다. [표]원풍물산 외국인/기관 매매동향 한경로보뉴스 이 기사는 한국경제신문과 씽크풀이 공동 개발한 기사 자동생성 알고리즘에 의해 실시간으로 작성된 것입니다.  - 기사관련문의 02-3277-9940 ["
머니투데이,008370,/news/news_read.nhn?article_id=0003635572&office_id=008&mode=search&query=원풍&page=1,2016-02-23 17:50,"원풍물산, 작년 영업익 20억&hellip;전년比 72%&uarr;","[머니투데이 박광범 기자] 원풍물산은 지난해 개별 영업이익이 20억2300만원을 기록, 전년(11억7600만원) 대비 72.1% 증가했다고 23일 공시했다. 매출액은 481억8300만원으로 전년(479억4700만원)대비 0.5% 증가했다. 당기순손실은 66억100만원이다. textlinktopstart textlinktopend textlinkstart"
헤럴드경제,008370,/news/news_read.nhn?article_id=0000966000&office_id=016&mode=search&query=원풍&page=1,2016-01-11 13:56,"&lt;생생코스닥&gt; 원풍, 신공장 건축 및 설비에 80억 투자",원풍은 미래 경쟁력 확보를 위한 생산시설 확충을 위해 신공장 건축 및 설비에 80억원을 투자한다고 11일 공시했다. 이는 자기자본대비 11.8%에 해당하며 투자기간은 오는 9월 30일까지다.
이데일리,008370,/news/news_read.nhn?article_id=0003484704&office_id=018&mode=search&query=원풍&page=1,2016-02-23 18:14,"원풍물산, 지난해 20.2억..전년비 72.1% 증가","[이데일리 송이라 기자] 원풍물산(008290)은 지난해 영업이익이 20억2300만원으로 전년대비 72.1% 증가했다고 23일 공시했다. 같은 기간 매출액은 481억8300만원으로 0.5% 늘었고, 당기순손실은 66억100만원으로 적자전환했다."
서울경제,008370,/news/news_read.nhn?article_id=0003316880&office_id=011&mode=search&query=원풍&page=1,2018-06-08 09:35,"&lt;코&gt;원풍물산, 전일 대비 7.05% 상승.. 일일회전율은 5.45% 기록","[서울경제] 원풍물산(008290) 은 8일 오전 9시 34분 현재 7.05% 오른 5,620원에 거래되고 있으며, 50(매도):50(매수)의 보합세를 보이고 있다 거래대금은 118억3,179만, 거래량은 209만3,554주로 거래량회전율은 5.45%로 나타났다. 지난 1개월간 원풍물산은 상승 12회, 하락 16회를 기록했고, 주가수익률은 -6.33% 표준편차는 4.12%를 기록했다. 이 기간 ' 섬유·의류업 ' 업종 평균 주가수익률은 4.13%로 나타났으며, 변동성은 2.18%를 기록했다. 이 시각 현재 ' 섬유·의류업 '은 0.71% 상승 중이며, 37(매도):63(매수)의 매수우위를 기록하고 있다."
아시아경제,008370,/news/news_read.nhn?article_id=0003636811&office_id=277&mode=search&query=원풍&page=1,2015-11-30 17:53,"원풍물산, 전환청구권 61만1234주 행사","[아시아경제 이민찬 기자] 원풍물산은 전환청구권 61만1234주(지분 1.72%)를 행사한다고 30일 공시했다. 전환가액은 2454원이며, 다음 달 11일 상장 예정이다. 미전환사채 잔액은 15억원이다."
서울경제,008370,/news/news_read.nhn?article_id=0003315871&office_id=011&mode=search&query=원풍&page=1,2018-06-07 09:59,"&lt;코&gt;원풍물산, 전일 대비 7.54% 상승.. 일일회전율은 0.84% 기록","[서울경제] 원풍물산(008290) 은 7일 오전 9시 58분 현재 7.54% 오른 5,280원에 거래되고 있으며, 31(매도):69(매수)의 매수우위를 기록하고 있다. 거래대금은 16억3,902만, 거래량은 32만883주로 거래량회전율은 0.84%로 나타났다. 지난 1개월간 원풍물산은 상승 11회, 하락 17회를 기록했고, 주가수익률은 -14.01% 표준편차는 3.88%를 기록했다. 이 기간 ' 섬유·의류업 ' 업종 평균 주가수익률은 0.09%로 나타났으며, 변동성은 2.16%를 기록했다. 이 시각 현재 ' 섬유·의류업 '은 1.37% 상승 중이며, 44(매도):56(매수)의 매수우위를 기록하고 있다."
아시아경제,008370,/news/news_read.nhn?article_id=0003661199&office_id=277&mode=search&query=원풍&page=1,2016-01-06 18:26,"원풍물산, 61만주 규모 전환청구권 행사","[아시아경제 최서연 기자] 원풍물산은 61만1234주 규모의 전환청구권이 행사된다고 6일 공시했다. 이는 발행주식 총수의 1.68%에 해당하며 전환가액은 2454원, 상장일은 오는 20일이다."
머니투데이,008370,/news/news_read.nhn?article_id=0003588361&office_id=008&mode=search&query=원풍&page=1,2015-11-30 17:26,"원풍물산, 전환청구권 61만주 행사",[머니투데이 김승미 기자] 원풍물산은 전환청구권 61만1234주(지분율 1.72%)가 행사된다고 30일 공시했다. 전환가액은 2454원으로 다음달 11일 상장될 예정이다. 미전환사채 잔액은 15억원이다. textlinktopstart textlinktopend textlinkstart
뉴시스,008370,/news/news_read.nhn?article_id=0006978134&office_id=003&mode=search&query=원풍&page=1,2016-01-11 14:12,"원풍, 80억 규모 신공장 건축 및 설비투자","【서울=뉴시스】 산업·광고용 소재 생산업체 원풍은 미래 경쟁력 확보를 위한 생산시설 확충을 목적으로 80억원의 신공장 건축 및 설비투자를 진행한다고 11일 공시했다. 이는 자기자본대비 11.8%에 해당하고 투자기간은 9월30일까지다. ★ 세상에 이런일이 -  경찰·군인, 경계근무 중 집단 ´퇴폐 파티´ ★ 오늘의 핫 포토 -  ´달샤벳´ 수빈, 아찔한 포즈"
파이낸셜뉴스,008370,/news/news_read.nhn?article_id=0003916592&office_id=014&mode=search&query=원풍&page=1,2017-12-01 10:24,"[fnRASSI]원풍물산, 6.72% 오르며 거래량 증가","원풍물산(008290)의 현재 거래량이 최근 5거래일 거래량의 최고치를 경신했다. 그리고 원풍물산은 4일 연속 상승흐름을 보이며, 9시 56분 현재 6.72% 증가한 4,525원에 거래중이다.                   지표               항목               값               종합점수                 성장성               매출액증가율               -0.04               3.08                 자기자본증가율               -0.15                 안정성               부채비율               53.32               7.82                 유동비율               163.01                 이익안정성               7.5                 수익성               ROA               -2.45               2.04                 ROE               -3.75                 영업이익율               -0.51          원풍물산의 퀀트 재무 점수는 12.94점으로 지난 분기에 비해 성장성 점수가 하락했다. 이는 매출액 증가율과 자기자본 증가율이 감소하였기 때문이다. 안정성 종합 점수는 부채비율 증가, 유동비율 감소로 하락했다. 수익성 측면에서 볼때 ROA, ROE, 영업이익률 모두 개선되어 이전보다 좋은 점수를 받았다. 외국인/기관 순매수, 개인은 순매도(한달누적)  11월27일부터 전일까지 기관이 4거래일 연속 순매수했다. 4주간을 기준으로 보면 외국인이 매수반전의 모습을 보이며 41,862주를 순매수했고, 기관도 초반에 동종목을 순매수한 이후에 기세를 이어가며 9,736주를 순매수했다. 반면 개인들은 순매수에서 순매도로 반전되면서 51,598주를 순매도한 것으로 나타났다. 'fnRASSI'는 증권전문 기업 씽크풀과 파이낸셜뉴스의 협업으로 로봇기자가 실시간으로 생산하는 기사입니다."
파이낸셜뉴스,008370,/news/news_read.nhn?article_id=0004013225&office_id=014&mode=search&query=원풍&page=1,2018-05-02 09:36,"[fnRASSI]원풍, 3.82% 오르며 거래량 증가","원풍(008370)의 당일 거래량이 최근 5거래일 거래량의 최고치를 경신하며 투자자들의 관심을 받고 있다. 그리고 원풍은 4일 연속 상승흐름을 보이며, 9시 33분 현재 3.82% 증가한 4,345원에 거래중이다. 외국인 보유량 증가, 기관 변화 없음 (5일 누적) 최근 5일간 동종목의 외국인 투자자는 8,428주 순매수하였고 마찬가지로 기관은 0주 순매수하였다. 전날 외국인은 7,542주 순매수했지만 기관은 순매수량이 0으로 보유비율 그대로 유지했다. 다음 표는 동종목의 외국인, 기관의 일별 순매수량을 나타낸 것이다. 개인,외국인 투자자만 매매에 참여 최근 한달간 주체별 거래비중을 살펴보면 개인 비중이 93.67%로 가장 높았고, 외국인이 6.32%로 그 뒤를 이었다. 기관은 거래에 참여하지 않은 것으로 보인다. 그리고 최근 5일간 거래비중은 개인이 88.84%, 외국인이 11.15%를 기록한 것으로 나타났다. 'fnRASSI'는 증권전문 기업 씽크풀과 파이낸셜뉴스의 협업으로 로봇기자가 실시간으로 생산하는 기사입니다."
한국경제TV,008370,/news/news_read.nhn?article_id=0000643413&office_id=215&mode=search&query=원풍&page=1,2018-06-08 09:51,"원풍, 27% 급등... 전일 보다 1,145원 상승한 5,450원","[한국경제TV 라이온봇 기자] 원풍은 6월 8일 9시 50분 전일 대비 약 27% 급등한 5,450원에 거래되고 있다. 원풍은 코스닥 상장 기업으로 화학 업종에 속해 있다. 시가총액은 511억원으로 코스닥 상장기업 중 1,046위에 위치 해 있다. [종목 성향 진단] [그림 1] 종목 성향 진단 원풍의 투자 스타일은 가치주에 가깝다. 기업 가치 대비 낮은 주가가 매력적인 기업이다. 주가 모멘텀은 평범한 수준이었다. 최근 1개월 수익률이 1.31%, 3개월 수익률은 -3.09%, 6개월 수익률은 3.16%를 기록했다. 원풍 종목에 대한 투자자의 관심도는 매우 낮은 편이었다. [투자 점수 진단] [그림 2] 투자 점수 진단 원풍은 안정성(부채비율) 측면에서 두각을 나타내고 있다. 최근 부채비율은 90점으로 6개의 핵심 팩터 중 가장 높은 점수를 기록했다. 부채비율은  전체 시장 내 213위를 기록하며 상위 9.68%에 위치했다. 업종별로는 20위를 기록하며 상위 8%에 위치했다. 그리고 저평가성2(PBR) 역시 도드라지는 편이다. 저평가성2 점수는 81점으로 두번째로 높은 점수를 기록했다. PBR은 전체 시장 내 356위를 기록하며 상위 19.12%에 위치했다. 업종별로는 68위를 기록하며 상위 31.16%에 위치했다. 그러나 영업이익률과 ROA는  아쉬움을 나타냈다. [종합 투자점수] [그림 3] 종합 투자점수 AI 인공지능 분석을 통한 원풍의 종목 종합 스코어는 57점을 기록했다. 이는 동일 업종 평균점수인 55점과 시장 평균점수인 52점를 상회하는 수치였다. (위의 AI인공지능 점수는 재무 데이터를 기반으로 전체 상장 종목과 비교/분석하여 도출한 점수로 높은 점수가 반드시 높은 수익률을 보장하지 않습니다. 위의 자료는 당사의 추천 종목이 아니며, 투자 시 참고용으로 제시해드리는 것입니다.) 라이온봇 기자 -한국경제TV※ 본 기사는 한국경제TV와 '거장들의 투자공식이'자체 개발한 '라이온봇 기자'가 실시간으로 작성한 기사입니다. 라이온봇기자 ⓒ 한국경제TV, 무단 전재 및 재배포 금지 한국경제TV 관련뉴스해당 언론사에서 선정하며 언론사 페이지(아웃링크)로 이동해 볼 수 있습니다.손흥민 정우영 불화설에 안정환 한다는 말이...포브스 발표 '한국 부자 50위'는?서울 냉면 한그릇 9천원 10%↑ …딱 하나 안 오른 음식은국내 400만명 앓는 병…체중 7% 법칙 아시나요박지성♥김민지, 귀요미 딸 연우 공개…단란한 가족사진"
한국경제TV,008370,/news/news_read.nhn?article_id=0000643606&office_id=215&mode=search&query=원풍&page=1,2018-06-08 14:56,"원풍, 상한가 기록 (▲1,285) - 현재가 5,590원","[한국경제TV 라이온봇 기자] 6월 8일 14시 55분 원풍이 상한가를 기록했다. 원풍은 전일 대비 약 1,285원 상승한 5,590원을 기록했다. 원풍은 코스닥 상장 기업으로 화학 업종에 속해 있다. 시가총액은 516억원으로 코스닥 상장기업 중 1,044위에 위치 해 있다. 거래량은 전일 대비 42123% 증가한 7,263,168주 이고, 거래대금은 391억5,300만원 수준이다. 현재 총 매수잔량은 29,490주이고, 상한가 잔량은 470주이다. 라이온봇 기자 -한국경제TV※ 본 기사는 한국경제TV와 '거장들의 투자공식이'자체 개발한 '라이온봇 기자'가 실시간으로 작성한 기사입니다. 라이온봇기자 ⓒ 한국경제TV, 무단 전재 및 재배포 금지 한국경제TV 관련뉴스해당 언론사에서 선정하며 언론사 페이지(아웃링크)로 이동해 볼 수 있습니다.야생진드기 사망자 발생, 백신없는 'SFTS' 예방법은포브스 발표 '한국 부자 50위'는?서울 냉면 한그릇 9천원 10%↑ …딱 하나 안 오른 음식은국내 400만명 앓는 병…체중 7% 법칙 아시나요박지성♥김민지, 귀요미 딸 연우 공개…단란한 가족사진"
이데일리,008370,/news/news_read.nhn?article_id=0003410694&office_id=018&mode=search&query=원풍&page=1,2015-11-30 17:23,"원풍물산, 전환청구권 61만주 행사",[이데일리 경계영 기자] 원풍물산(008290)은 전환청구권 61만1234주(지분 1.72%)가 행사된다고 30일 공시했다. 전환가액은 2454원이며 다음달 11일 상장될 예정이다. 미전환사채 잔액은 15억원이다.
한국경제,008370,/news/news_read.nhn?article_id=0003941884&office_id=015&mode=search&query=원풍&page=1,2018-05-18 09:06,"[원풍물산] 5% 이상 상승, 전일 외국인 대량 순매수","원풍물산이 장 초반 부터 전일 대비 +5%이상 상승하고 있다. 18일 오전 09시 03분 원풍물산은 전 거래일보다 5.93% 오른 5,180원에 거래되고 있다. 주가의 흐름을 살펴보면 5,050원으로 개장해서 장중 한때 5,030원(+2.86%)까지 살짝 밀린 후 상승 반전해서 5,280원(+7.98%)까지 올랐었는데, 현재는 5,180원(+5.93%)에서 머물고 있다. ◆ 주체별 매매동향 - 전일 외국인 대량 순매수 지난 한달을 기준으로 보면 외국인이 59.2만주를 순매수했고, 기관도 12.6만주를 순매수했다. 반면 개인들은 71.9만주를 순매도한 것으로 나타났다. 같은 기간 이 종목의 거래비중은 외국인과 개인이 각각 17.8%, 81.8%로 비중이 높다. 더욱이 전일 외국인이 대량 순매수를 하고 있어 투자자들의 관심이 집중되고 있다. [표]원풍물산 외국인/기관 매매동향 한경로보뉴스 이 기사는 한국경제신문과 씽크풀이 공동 개발한 기사 자동생성 알고리즘에 의해 실시간으로 작성된 것입니다.  - 기사관련문의 02-3277-9940 ["
아시아경제,008370,/news/news_read.nhn?article_id=0003693396&office_id=277&mode=search&query=원풍&page=1,2016-02-23 18:20,"원풍물산, 작년 영업익 20억&hellip;전년比 72%&uarr;","[아시아경제 정준영 기자] 원풍물산은 개별기준 지난해 영업이익이 전년대비 72.1% 증가한 20억2300만원이라고 23일 공시했다. 같은 기간 매출액은 481억8200만원으로 0.5% 늘었으나, 당기순이익은 66억100만원 손실을 내며 적자전환했다."
