source,symbol,link,date,title,content
연합뉴스,025820,/news/news_read.nhn?article_id=0008567036&office_id=001&mode=search&query=이구산업&page=1,2016-07-26 17:07,"이구산업, 계열사 국일신동 보유주식 전량 처분","(서울=연합뉴스) 성서호 기자 = 유가증권시장 상장사인 이구산업은 보유 중이던 계열사 국일신동의 주식 전량(159만9천주)을 60억7천만원에 처분하기로 했다고 26일 공시했다. 이구산업은 ""보유 지분을 매각해 재무구조를 개선하기 위한 것""이라고 설명했다."
머니투데이,025820,/news/news_read.nhn?article_id=0003931629&office_id=008&mode=search&query=이구산업&page=1,2017-09-07 14:57,"이구산업, 반월공장 229억원에 처분 결정","[머니투데이 이해인 기자] 이구산업은 포승공장 통합, 이전에 따라 안산시 단원구 별망로 493에 위치한 반월공장을 228억9800만원에 처분키로 결정했다고 7일 공시했다. 이는 자산총액 대비 8.74%에 해당하는 규모다."
뉴시스,025820,/news/news_read.nhn?article_id=0007029284&office_id=003&mode=search&query=이구산업&page=1,2016-02-05 16:04,"이구산업, 지난해 영업손실 90억 &lsquo;적자전환&rsquo;","【서울=뉴시스】 동 제품 압연업체 이구산업은 지난해 영업손실이 89억5768만원으로 전년대비 적자 전환했다고 5일 공시했다. 같은 기간 매출은 2105억6214만원으로 11.8% 감소했고, 당기순손실은 104억2034만원으로 적자 전환했다. ★ 세상에 이런일이 -  김부선 출마선언…지지자들 ""무조건 봉사하겠다"" ★ 오늘의 핫 포토 -  ´포미닛´ 현아, 화끈한 퍼포먼스"
뉴시스,025820,/news/news_read.nhn?article_id=0008165367&office_id=003&mode=search&query=이구산업&page=1,2017-09-07 14:56,"이구산업, 228억 규모 반월공장 처분 결정",【서울=뉴시스】김형섭 기자 = 이구산업(025820)은 포승공장으로의 통합·이전에 따라 경기 안산 단원구 반월공장 건물과 땅을 228억9800만원에 처분키로 결정했다고 7일 공시했다. 이는 지난해 말 재무제표 기준 자산총액의 8.74%에 해당하는 규모다. 거래 상대는 대한약품공업 주식회사 외 1인이며 처분 예정일은 오는 11월10일이다.
뉴시스,025820,/news/news_read.nhn?article_id=0007631952&office_id=003&mode=search&query=이구산업&page=1,2016-12-05 17:13,"거래소, 이구산업에 시황변동 관련 조회공시 요구",【서울=뉴시스】최예린 기자 = 한국거래소는 5일 이구산업(025820)에 현저한 시황변동 관련 조회공시를 요구했다. 답변 시한은 오는 6일 오후 6시까지다.
이데일리,025820,/news/news_read.nhn?article_id=0003470673&office_id=018&mode=search&query=이구산업&page=1,2016-02-05 16:39,"이구산업, 작년 영업손실 89억원..적자 전환",[이데일리 신정은 기자] 이구산업(025820)은 지난해 개별 기준 영업손실이 89억원으로 적자전환했다고 5일 공시했다. 같은 기간 매출은 2105억원으로 전년 보다 11.8% 줄었고 당기순손실은 104억2000만원으로 적자전환했다.
한국경제,025820,/news/news_read.nhn?article_id=0003540973&office_id=015&mode=search&query=이구산업&page=1,2016-02-05 15:54,"이구산업, 지난해 영업손실 89억&hellip;전년비 '적전'",[ 박상재 기자  ] 이구산업은 지난해 개별 기준 영업손실이 89억5700만원으로 전년 대비 적자전환했다고 5일 공시했다. 같은 기간 매출은 2105억6200만원으로 11.8% 줄었고 당기순손실은 적자전환한 104억2000만원을 기록했다. 박상재 한경닷컴 기자
파이낸셜뉴스,025820,/news/news_read.nhn?article_id=0003742030&office_id=014&mode=search&query=이구산업&page=1,2016-12-01 11:05,[fnRASSI]이구산업 전일대비 5.62% 상승,"현재 이구산업(025820)은 전일대비 5.62% 상승하여 2,160원 선에서 거래가 이루어지고 있다.  거래참여는 개인투자자가 가장 활발최근 한달간 주체별 거래비중을 살펴보면 개인이 전체 거래의 94.34%를 차지하며 가장 적극적인 모습을 보여줬고, 외국인은 5.16%를 나타냈으며 기관은 0.49%를 나타냈다. 그리고 최근 5일간 거래비중은 개인이 전체 거래의 95.71%를 차지하며 가장 적극적인 모습을 보여줬고, 외국인은 4.26%를 나타냈으며 기관은 0.02%를 나타냈다.  퀀트 재무분석, 종합점수 15점으로 상승  
 





 




       지표 
     


       항목 
     


       값 
     


       종합점수 
     




       성장성 
     


       매출액증가율 
     


       -0.16 
     


       3.15 
     




       자기자본증가율 
     


       -0.03 
     




       안정성 
     


       부채비율 
     


       141.77 
     


       5.87 
     




       유동비율 
     


       77.6 
     




       이익안정성 
     


       7.78 
     




       수익성 
     


       ROA 
     


       0.17 
     


       2.56 
     




       ROE 
     


       0.41 
     




       영업이익율 
     


       -1.49 
     


 이구산업의 퀀트 재무 점수는 11.58점으로 3개월 이전 10.22점보다 올랐다. 지난 분기에 비해 성장성 점수가 상승했다. 이는 자기자본 증가율이 증가하였기 때문이다. 안정성 종합 점수는 부채비율 감소, 유동비율 증가, 그리고 실적 안정성 증가로 인해 상승했다. 수익성 측면에서 볼때 ROA, ROE, 영업이익률 모두 개선되어 이전보다 좋은 점수를 받았다.  'fnRASSI'는 증권전문 기업 씽크풀과 파이낸셜뉴스의 협업으로 로봇기자가 실시간으로 생산하는 기사입니다."
전자신문,025820,/news/news_read.nhn?article_id=0002566689&office_id=030&mode=search&query=이구산업&page=1,2016-12-27 09:15,[로봇뉴스]이구산업_기관의 매수에 외국인은 순매도 현재 -1.82% 외인 거래비중...,"외국인이 기관과 반대 방향으로 매매를 하고 있다. 기관은 어제까지 2일 연속 순매수를 기록했지만, 외국인이 2일 연속 순매도로 대응하면서 주가를 끌어내리고 있다. 이구산업은 외국인의 팔자세 영향으로 약세흐름을 보이고 있고, 27일 오전 9시 3분 현재 45원(1.82%) 내린 2,430원을 기록하고 있다.    [주가/수급동향]     기관이 2일연속 순매수를 보이고 있는 반면에 외국인은 2일연속 순매도를 보이고 있다. 최근 한달간 이구산업의 매매회전율을 분석한 결과 9일에 1번 꼴로 주식의 주인이 바뀐 것으로 나타났다.  이는 비정상적으로 높은 회전율을 보인 것으로 투자에 각별한 주의가 요망된다.  동종목의 경우 동기간 일평균 주가변동률은 6.13%를 기록했다.  그리고 최근 5일간 거래비중은 개인이 전체 거래의 98.07%를 차지하며 가장 적극적인 모습을 보여줬고, 외국인은 1.89%를 나타냈으며 기관은 0.02%를 나타냈다.     [차트신호]     현재 주가를 최근 주가변동폭을 기준으로 보면 하락폭보다 상승폭이 우월한 강세패턴을 보이고 있고,거래량 지표로 볼 때는 거래량이 수반되는 질적인 상승을 보이고 있다.투자심리도를 분석해보면 투자자들은 안정적인 심리상태를 보이고 있고 이동평균선들의 배열도를 분석을 해보면 중기적으로 상승추세는 유효하나  단기적 패턴은 좋지 않은 모습이다.     [업종내 종목흐름]     이 시각 현재 관련종목들은 혼조세를 보이고 있으나 철강금속업종은    0.13% 상승중이다. NI스틸 3,045원▼5(-0.16%) 부국철강 3,090원▲25(+0.82%)  화인베스틸 2,705원▼30(-1.10%) 만호제강 19,200원▲200(+1.05%)    [재무특징]     영업이익률 현재 -1.46%로 업종평균 하회. PER은 214.37로 업종평균보다 높으며, PBR은 0.81로 다소 낮은편."
파이낸셜뉴스,025820,/news/news_read.nhn?article_id=0003764198&office_id=014&mode=search&query=이구산업&page=1,2017-01-18 09:39,"[fnRASSI]이구산업, 52주 신고가...21.54% &uarr;","이구산업(025820)은 52주신고가를 기록하고 있어 주목할만하다. 동종목의 현재 주가는 3,160원 선에서 이루어지고 있다. 거래일을 기준으로 최근 3일간 평균 거래량은 356만 주이다. 이는 60일 일 평균 거래량 200만 주와 비교해보면 최근 거래량이 다소 증가했다는 것을 알 수 있다.  외국인, 기관 모두 보유량 증가 (5일 누적)최근 5일간 동종목의 외국인 투자자는 4,780주 매수하였고 마찬가지로 기관은 441주 매수하였다. 전날 두 주체 각각 59,956주, 441주 순매도하며 보유 비율을 줄였다.다음 표는 동종목의 외국인, 기관의 일별 순매수량을 나타낸 것이다.  상장주식수 대비 거래량은 4.54%로 적정수준최근 한달간 이구산업의 상장주식수 대비 거래량을 비교해보니 일별 매매회전율이 4.54%로 집계됐다. 그리고 동기간 장중 저점과 고점의 차이인 일평균 주가변동률을 4.23%를 나타내고 있다.  
 'fnRASSI'는 증권전문 기업 씽크풀과 파이낸셜뉴스의 협업으로 로봇기자가 실시간으로 생산하는 기사입니다."
이데일리,025820,/news/news_read.nhn?article_id=0003357114&office_id=018&mode=search&query=이구산업&page=1,2015-09-29 18:56,[부고]손정환 이구산업 명예회장 별세,"[이데일리 천승현 기자] 비철금속 제조업체 이구산업을 창업한 손정환 명예회장이 지난 26일 노환으로 별세했다. 향년 93세. 1923년 경기 고양군에서 태어난 고 손 회장은 1968년 이구산업사를 설립했다. 이후 1971년 사명을 지금의 이구산업으로 변경했다. 손 회장은 미군부대 등에서 나온 폐가전제품의 구리 등을 추출해 황동판을 제조하며 사업을 확장했다. 2013년에는 건국대 부동산학과에 발전기금 30억원을 기부했다. 유족으로는 손인국 이구산업 대표, 재영 건국대 부동산학과 교수, 혜영·경순·혜경씨가 있다. 빈소는 건국대병원 장례식장 201호에 마련됐으며 발인은 10월 1일 오전 8시."
서울경제,025820,/news/news_read.nhn?article_id=0003107584&office_id=011&mode=search&query=이구산업&page=1,2017-09-07 15:09,"이구산업, 229억원 반월공장 처분 결정","[서울경제] 동 압연, 압출 및 연신제품 제조업체인 이구산업(025820)은 대한약품공업 외 1인에게 229억원 규모의 안산시 단원구 반월공장을 처분하기로 했다고 7일 공시했다. 회사 측은 “포승 공장 통합, 이전에 따른 매각”이라고 설명했다."
파이낸셜뉴스,025820,/news/news_read.nhn?article_id=0003733252&office_id=014&mode=search&query=이구산업&page=1,2016-11-11 11:23,[fnRASSI]이구산업(025820) 현재 8.43% &uarr;,"현재 이구산업(025820)은 전일대비 8.43% 상승하여 1,930원 선에서 거래가 이루어지고 있다.  외국인 보유량 증가, 기관 감소 (5일 누적)최근 5일간 동종목의 외국인 투자자는 23,094주 매수하였고 반면 기관은 12주 매도하였다. 전날 외국인 23,341주 매수, 기관12주 매도하며 보유 비율이 변동했다.다음 표는 동종목의 외국인, 기관의 일별 순매수량을 나타낸 것이다.  외국인과 기관은 순매도, 개인은 순매수(한달누적) 기관이 3일연속 주식을 팔고 있는 반면 외국인은 2일연속 주식을 사고 있다. 4주간을 기준으로 보면 외국인이 147,193주를 순매도했고, 기관도 매도쪽으로 방향을 잡으면서 146,809주를 순매도했지만, 개인은 오히려 초반에 동종목을 순매수한 이후에 기세를 이어가며 294,002주를 순매수했다.  
 'fnRASSI'는 증권전문 기업 씽크풀과 파이낸셜뉴스의 협업으로 로봇기자가 실시간으로 생산하는 기사입니다."
아시아경제,025820,/news/news_read.nhn?article_id=0004070836&office_id=277&mode=search&query=이구산업&page=1,2017-09-07 15:17,"이구산업, 228억 규모 반월공장 처분 결정",[아시아경제 최동현 기자] 이구산업이 포승공장으로의 통합 ·이전에 따라 경기 안산 단원구 반월공장 건물과 땅을 228억9800만원에 처분키로 했다고 7일 공시했다.
이데일리,025820,/news/news_read.nhn?article_id=0003917788&office_id=018&mode=search&query=이구산업&page=1,2017-09-07 16:37,"이구산업, 반월공장 229억원에 처분 결정",[이데일리 김혜미 기자] 이구산업(025820)은 포승공장 통합·이전에 따라 경기 안산시 단원구 반월공장의 토지 및 건물을 228억9800만원에 처분한다고 7일 공시했다. 자산총액 대비 8.74%에 해당하는 규모다. 거래상대는 대한약품공업 주식회사 외 1인으로 처분예정일은 11월10일이다.
서울경제,025820,/news/news_read.nhn?article_id=0002861066&office_id=011&mode=search&query=이구산업&page=1,2016-07-26 07:00,"[터치!Peak&amp;Bottom] 이구산업, 52주 신고가&middot;&middot;&middot;구리로 스마트폰 터치패...","[터치!Peak&Bottom] 이구산업(025820), 52주 신고가···구리로 스마트폰 터치패널 제작 소식에 호조 구리로 희토류 대신 스마트폰 터치패널을 제작할 수 있다는 연구결과가 나오면서 관련 업종인 이구산업이 주목받았다. 이구산업은 25일 전 거래일 대비 27% 오른 2,210원에 장을 마감했다. 이 날 장중 한때 이구산업은 2,245원까지 올라 연중 신고가를 경신했다. 이 날 이구산업의 주가에는 강봉철 금오공대 교수, 양민양 카이스트 교수 등이 모인 공동연구팀이 연구 결과가 영향을 미친 것으로 보인다. 연구팀은 구리 나노입자에 광통신용 레이저로 스마트폰 터치패널을 만드는 기술을 개발했다고 밝혔다. 구리선은 희토류보다 낮은 가격으로 사용될 수 있다. 이구산업은 비철금속 소재산업의 개척자로 주목받고 있다. 한편 거래소는 25일 이구산업에 대해 현저한 시황변동에 대한 조회공시를 요구했다."
헤럴드경제,025820,/news/news_read.nhn?article_id=0001193672&office_id=016&mode=search&query=이구산업&page=1,2017-02-06 15:09,"이구산업, 지난해 영업익 99.5억&hellip;흑자전환",[헤럴드경제=증권팀] 이구산업은 개별 기준 지난해 영업이익이 99억5345만원으로 전년대비 흑자전환했다고6일공시했다. 같은 기간 매출액은 1975억3488만원으로 6.2% 줄어든 것으로 나타났다. 당기순이익은 43억5290만원으로 흑자전환했다.
한국경제,025820,/news/news_read.nhn?article_id=0003819009&office_id=015&mode=search&query=이구산업&page=1,2017-09-05 08:02,"&quot;이구산업, 3분기 호실적 전망&quot;-하나","하나금융투자는 5일 이구산업에 대해 3분기 실적 호조를 나타낼 것이라고 밝혔다. 투자의견과 목표주가는 제시하지 않았다. 이정기 연구원은 ""이구산업은 구리를 가공해 동, 황동판을 주요 제품으로 생산·판매하는 업체""라며 ""구리 가격 상향구간에서 제품가격 및 이익 레버리지가 확대될 것""이라고 말했다. 현재 이구산업은 풍산과 함께 국내에서 과점적 시장을 형성하고 있다. 이구산업의 국내 시장점유율은 연간 20~22%를 유지하고 있으며, 올 상반기 기준 국내 매출 비중은 72.4%를 기록 중이다. 도널드 트럼프 미국 대통령의 당선으로 인프라 투자 기대감이 확대되면서, 지난해 4분기와 올해 1분기 평균 구리가격은 전분기 대비 각각 10.6%, 10.4% 상승했다. 같은 기간 이구산업의 매출 총이익률은 9.7%, 10.2%를 기록했다. 이 연구원은 ""중국의 2분기 경제지표 호조로 신흥국의 경기회복이 기대된다""며 ""3분기 들어서도 구리가격 상승세(전분기 대비 8.8%)가 나타나고 있어 이구산업의 매출액 증가, 이익률 확대로 이어질 것""이라고 강조했다."
머니투데이,025820,/news/news_read.nhn?article_id=0003817208&office_id=008&mode=search&query=이구산업&page=1,2017-02-06 14:56,"이구산업, 지난해 영업이익 99억5345만원&hellip;흑자전환","[머니투데이 유엄식 기자] 이구산업은 지난해 개별재무제표 기준 실적이 매출액 1975억3488만원, 영업이익 99억5345만원, 당기순이익 43억5290만원으로 잠정 집계됐다고 6일 공시했다. 전년대비 매출액은 6.2% 감소했지만 영업이익과 당기순이익은 흑자전환 됐다. textlinktopstart textlinktopend textlinkstart"
아시아경제,025820,/news/news_read.nhn?article_id=0004058794&office_id=277&mode=search&query=이구산업&page=1,2017-08-21 15:21,"이구산업, 손인국 대표가 4만3004주 장내매수","[아시아경제 박미주 기자]이구산업은 최대주주인 손인국 대표가 4만3004주를 장내 매수했다고 21일 공시했다. 이에 따라 손 대표 지분율은 25.08%, 특수관계인 포함 지분율은 50.73%가 됐다."
연합뉴스,025820,/news/news_read.nhn?article_id=0009011176&office_id=001&mode=search&query=이구산업&page=1,2017-02-06 14:51,"이구산업, 작년 영업이익 99억원&hellip;흑자전환","(서울=연합뉴스) 조민정 기자 = 이구산업은 작년 개별 영업이익이 99억원으로 흑자전환했다고 6일 공시했다. 매출액은 1천975억원으로 전년보다 6.2% 줄었고 당기순이익은 43억원으로 흑자전환했다. 회사 측은 ""원자재가격 안정화에 따른 원가 개선으로 영업이익이 증가하고 원가절감 노력에 따라 수익성이 개선됐다""고 설명했다."
파이낸셜뉴스,025820,/news/news_read.nhn?article_id=0003740649&office_id=014&mode=search&query=이구산업&page=1,2016-11-29 10:38,[fnRASSI]이구산업 전일대비 5.09% 상승,"현재 이구산업(025820)은 전일대비 5.09% 상승하여 2,065원 선에서 거래가 이루어지고 있다.  개인투자자의 매매가 가장 활발최근 한달간 주체별 거래비중을 살펴보면 개인이 93.82%, 외국인이 5.59%, 기관은 0.57%를 기록한 것으로 나타났다. 그리고 최근 5일간 거래비중은 개인이 93.25%, 외국인이 6.73%를 보였고, 기관은 거래참여가 없었다.  외국인/개인 순매수, 기관은 순매도(한달누적) 11월24일부터 전일까지 기관이 3거래일 연속 순매수했다. 4주간을 기준으로 보면 외국인이 116,836주를 순매수했고, 개인들도 매수 우위를 유지하면서 29,692주를 순매수했다. 하지만 기관은 초반에 동종목을 순매도한 이후에 근래에는 순매도량을 줄이면서 146,528주를 순매도했다.  
 'fnRASSI'는 증권전문 기업 씽크풀과 파이낸셜뉴스의 협업으로 로봇기자가 실시간으로 생산하는 기사입니다."
서울경제,025820,/news/news_read.nhn?article_id=0003338201&office_id=011&mode=search&query=이구산업&page=1,2018-07-03 13:54,"&lt;유&gt;이구산업, 장중 신저가 기록.. 1,935&rarr;1,850(▼85)","[서울경제] 오후 1시 52분 현재 이구산업(025820) 이 4.39% 내린 1,850원(▼85)을 기록하며, 52주 신저가를 -85원 경신했다. 기존 52주 최저가는 2018년 07월 02일 기록한 1,935원이다. 체결강도는 25%로 강세 반전했다. 총매수체결량은 23,977주, 총매도체결량은 97,001주를 각각 기록했다.  (※ 체결강도(%) = (총매수체결량/총매도체결량)*100) 이 시각 현재 거래대금은 2억3,369만, 거래량은 12만2,792주를 기록하고 있으며, 수급측면으로는 80(매도):20(매수)의 매도우위를 보이고 있다. 거래일을 기준으로 최근 3일간 평균 거래량은 1십1만5천주, 60일 평균 거래량 3십6만주로 최근 거래량이 큰 폭으로 감소하는 추세다."
이데일리,025820,/news/news_read.nhn?article_id=0003692762&office_id=018&mode=search&query=이구산업&page=1,2016-12-05 17:04,"거래소, '이구산업' 현저한 시황변동 관련 조회공시 요구",[이데일리 박경훈 기자] 한국거래소는 5일 이구산업(025820)에 현저한 시황변동 관련 공시규정상 공시대상 존재 여부 조회공시를 요구했다. 답변 시한은 6일 오후 6시까지다.
이데일리,025820,/news/news_read.nhn?article_id=0003742578&office_id=018&mode=search&query=이구산업&page=1,2017-02-06 16:05,"이구산업, 2016년 영업익 99.5억&hellip;전년 대비 흑자 전환",[이데일리 성세희 기자] 이구산업(025820)은 2016년 영업이익이 99억5345만6000원으로 흑자 전환했다고 6일 공시했다. 당기순이익도 14억3052만7000원으로 전년 대비 111.5% 늘었다.다만 2016년 매출액은 1975억3488만원으로 2015년보다 6.2% 감소했다. 이구산업 관계자는 “원자재 가격 안정화에 따른 원가 개선으로 영업이익이 늘었다”라며 “원가를 절감하려고 노력한 끝에 수익성도 개선했다”라고 설명했다.
파이낸셜뉴스,025820,/news/news_read.nhn?article_id=0003853643&office_id=014&mode=search&query=이구산업&page=1,2017-08-03 09:36,"[fnRASSI]이구산업, 0.2% 오르며 거래량 증가","이구산업(025820)의 현재 거래량이 최근 5거래일 거래량의 최고치를 경신하며 투자자들의 관심을 받고 있다. 그리고 이구산업은 3일 연속 상승흐름을 보이며, 9시 29분 현재 0.2% 증가한 2,460원에 거래중이다. 상장주식수 대비 거래량은 0.58%로 적정수준 최근 한달간 이구산업의 상장주식수 대비 거래량을 비교해보니 일별 매매회전율이 0.58%로 집계됐다. 그리고 동기간 장중 저점과 고점의 차이인 일평균 주가변동률을 4.14%를 나타내고 있다. 주요 투자주체는 개인투자자 최근 한달간 주체별 거래비중을 살펴보면 개인이 93.69%로 가장 높은 참여율을 보였고, 외국인이 6.14%를 보였으며 기관은 0.16%를 나타냈다. 그리고 최근 5일간 거래비중은 개인이 전체 거래의 92.45%를 차지하며 가장 적극적인 모습을 보여줬고, 외국인은 7.18%를 나타냈으며 기관은 0.36%를 나타냈다. 'fnRASSI'는 증권전문 기업 씽크풀과 파이낸셜뉴스의 협업으로 로봇기자가 실시간으로 생산하는 기사입니다."
이데일리,025820,/news/news_read.nhn?article_id=0003595758&office_id=018&mode=search&query=이구산업&page=1,2016-07-26 17:04,"이구산업, 국일신동 주식 159.9만주 처분",[이데일리 박철근 기자] 이구산업(025820)은 보유중이던 국일신동 주식 159만9000주를 매각했다고 26일 공시했다. 매각대금은 60억여원으로 자기자본대비 6.26%에 해당한다. 회사측은 “보유지분 매각을 통한 재무구조개선 목적”이라고 설명했다.
파이낸셜뉴스,025820,/news/news_read.nhn?article_id=0003764461&office_id=014&mode=search&query=이구산업&page=1,2017-01-18 15:34,"[fnRASSI]이구산업,이녹스 등 12종목 52주 신고가 경신","18일 이구산업(025820), 이녹스(088390), 에스엘(005850), 평화정공(043370), 디에이테크놀로지(196490), 카프로(006380)등이 장중 52주 신고가를 경신했다. 특히 이구산업은 전 거래일 대비 17.7% 오른 3,060원에 거래를 마감하며 높은 관심을 받았다. 이외에 오이솔루션은 16700원까지 올라 신고가를 경신했으나, 전일보다 오히려 하락한 16,450원에 거래를 마감했다.  'fnRASSI'는 증권전문 기업 씽크풀과 파이낸셜뉴스의 협업으로 로봇기자가 실시간으로 생산하는 기사입니다."
서울경제,025820,/news/news_read.nhn?article_id=0003346393&office_id=011&mode=search&query=이구산업&page=1,2018-07-12 09:38,"&lt;유&gt;이구산업, 전일 대비 7.09% 상승.. 일일회전율은 1.64% 기록","[서울경제] 이구산업(025820) 은 12일 오전 9시 37분 현재 7.09% 오른 2,040원에 거래되고 있으며, 47(매도):53(매수)의 매수우위를 기록하고 있다. 거래대금은 11억1,272만, 거래량은 54만7,221주로 거래량회전율은 1.64%로 나타났다. 지난 1개월간 이구산업은 상승 9회, 하락 18회를 기록했고, 주가수익률은 -13.74% 표준편차는 1.87%를 기록했다. 이 기간 ' 철강금속업 ' 업종 평균 주가수익률은 -13.26%로 나타났으며, 변동성은 1.98%를 기록했다. 이 시각 현재 ' 철강금속업 '은 0.69% 상승 중이며, 58(매도):42(매수)의 매도우위를 기록하고 있다."
파이낸셜뉴스,025820,/news/news_read.nhn?article_id=0004056508&office_id=014&mode=search&query=이구산업&page=1,2018-07-12 09:17,"[fnRASSI]이구산업, 7.09% 오르며 거래량 증가","이구산업(025820)의 현재 거래량이 최근 5거래일 거래량의 최고치를 넘어섰다. 그리고 이구산업은 3일 연속 상승흐름을 보이며, 9시 12분 현재 7.09% 증가한 2,040원에 거래중이다. 외국인과 기관은 순매도, 개인은 순매수(한달누적)  7월5일부터 전일까지 외국인이 5거래일 연속 동종목을 내다 팔았다. 4주간을 기준으로 보면 외국인이 매도쪽으로 방향을 잡으면서 233,425주를 순매도했고, 기관도 매도 우위를 지속하면서 4,747주를 순매도했지만, 개인은 오히려 방향성있는 매매를 하면서 238,172주를 순매수했다. 거래비중은 개인투자자가 가장 높아 최근 한달간 주체별 거래비중을 살펴보면 개인이 89.33%, 외국인이 10.49%, 기관은 0.16%를 기록했다. 그리고 최근 5일간 거래비중은 개인이 전체 거래량의 88.99%를 차지하며 가장 활발한 참여를 보였고, 외국인은 10.46%, 기관은 0.54%의 거래 참여율을 보였다. 'fnRASSI'는 증권전문 기업 씽크풀과 파이낸셜뉴스의 협업으로 로봇기자가 실시간으로 생산하는 기사입니다."
파이낸셜뉴스,025820,/news/news_read.nhn?article_id=0003855646&office_id=014&mode=search&query=이구산업&page=1,2017-08-08 10:50,"[fnRASSI]이구산업, 3.25% 오르며 거래량 증가","이구산업(025820)의 당일 거래량이 최근 5거래일 거래량의 최고치를 경신하며 투자자들의 관심을 받고 있다. 그리고 이구산업은 3일 연속 상승흐름을 보이며, 10시 47분 현재 3.25% 증가한 2,540원에 거래중이다. 상장주식수 대비 거래량은 0.69%로 적정수준 최근 한달간 이구산업의 상장주식수 대비 거래량을 비교해보니 일별 매매회전율이 0.69%로 집계됐다. 그리고 동기간 장중 저점과 고점의 차이인 일평균 주가변동률을 2.44%를 나타내고 있다. 외국인, 기관 모두 보유량 증가 (5일 누적) 최근 5일간 동종목의 외국인 투자자는 96,512주 순매수하였고 마찬가지로 기관은 0주 순매수하였다. 전날 외국인은 30,283주 순매수했지만 기관은 순매수량이 0으로 보유비율 그대로 유지했다. 다음 표는 동종목의 외국인, 기관의 일별 순매수량을 나타낸 것이다. 'fnRASSI'는 증권전문 기업 씽크풀과 파이낸셜뉴스의 협업으로 로봇기자가 실시간으로 생산하는 기사입니다."
파이낸셜뉴스,025820,/news/news_read.nhn?article_id=0003512873&office_id=014&mode=search&query=이구산업&page=1,2015-09-29 18:33,&lt;부고&gt;손정환씨(이구산업 명예회장) 별세,"▲손정환씨(이구산업 명예회장) 별세·손인국(이구산업 대표이사) 재영(건국대 부동산학과 교수) 혜영경순 혜경씨 부친상·유영백(광익상사 대표) 윤홍섭(세인 파라메틱 원장) 김수동씨(용인정신과의원 원장) 빙부상=26일 건국대병원, 발인 1일 오전 8시.(02)2030-7900

 ※ 저작권자 ⓒ"
뉴스1,025820,/news/news_read.nhn?article_id=0002176718&office_id=421&mode=search&query=이구산업&page=1,2016-07-19 18:05,"손인국 이구산업 회장, 건국대서 명예경영학박사 학위",(서울=뉴스1) 추연화 기자 = 19일 오후 서울 광진구 능동로 건국대학교 서울캠퍼스 행정관에서 열린 명예박사학위 수여식에서 손인국 이구산업 회장(가운데)이 송희영 건국대 총장(왼쪽)으로부터 명예경영학박사 학위를 받은 후 유재원 대학원장과 기념촬영을 하고 있다. (건국대 제공) 2016.7.19/뉴스1
한국경제,025820,/news/news_read.nhn?article_id=0003554232&office_id=015&mode=search&query=이구산업&page=1,2016-02-25 15:33,"이구산업, 손명완 세광 대표가 지분 3.19%로 줄여",[ 이민하 기자  ] 손명완 세광 대표는 이구산업 주식의 보유목적 변경과 장내매도로 보유 지분이 3.19%(주식 106만7560주)로 줄었다고 25일 공시했다. 이민하 한경닷컴 기자
머니투데이,025820,/news/news_read.nhn?article_id=0003826489&office_id=008&mode=search&query=이구산업&page=1,2017-02-22 14:08,"이구산업, 주당 50원 현금배당","[머니투데이 변휘 기자] 이구산업은 보통주 1주당 50원을 현금배당한다고 22일 공시했다. 시가배당률은 2.0%, 배당금 총액은 16억7200만원이다. textlinktopstart textlinktopend textlinkstart"
서울경제,025820,/news/news_read.nhn?article_id=0002834933&office_id=011&mode=search&query=이구산업&page=1,2016-05-27 13:19,이구산업 &quot;반월공장 매각 예정이나 정해진 건 없어&quot;,이구산업(025820)은 지난 26일 한국거래소의 현저한 시황변동과 관련한 조회공시 요구에 대해 “현재 안산 반월공장 생산설비를 포승공장으로 이전하는 작업을 진행중으로 향후 이전 완료시 반월공장을 매각할 예정이지만 현재까지 결정된 사항은 없다”고 27일 공시했다.
서울경제,025820,/news/news_read.nhn?article_id=0002931652&office_id=011&mode=search&query=이구산업&page=1,2016-12-06 16:39,"이구산업, 안산 반월공장 매각 예정",이구산업(025820) “현재 안산 반월공장 생산설비를 평택 포승공장으로 이전 작업 진행중으로 향후 이전 완료시 반월공장을 매각예정이나 현재로서는 결정된 사항이 없다”고 6일 공시했다.
헤럴드경제,025820,/news/news_read.nhn?article_id=0001287673&office_id=016&mode=search&query=이구산업&page=1,2017-09-07 14:51,"이구산업, 229억 규모 반월공장 처분 결정","[헤럴드경제=증권팀] 이구산업은 안산시 단원구 별망로 493 반월공장을 대한약품공업 외 1인에 처분하기로 결정했다고 7일 공시했다. 처분금액은 228억9800만원이며 이는 자산총액 대비 8.74%에 해당하는 규모이다. 처분예정일은 11월 10일이다. 회사측은 “포승공장 통합,이전에 따른 매각”이라고 밝혔다."
연합뉴스,025820,/news/news_read.nhn?article_id=0008431886&office_id=001&mode=search&query=이구산업&page=1,2016-05-27 13:08,이구산업 &quot;시황변동에 영향 미칠 중요 사항 없어&quot;,"(서울=연합뉴스) 김현정 기자 = 이구산업은 현저한 시황변동에 대한 한국거래소의 조회공시 요구에 ""주가에 영향을 미칠 만한 주요 사항은 없다""고 27일 답했다."
머니투데이,025820,/news/news_read.nhn?article_id=0003686566&office_id=008&mode=search&query=이구산업&page=1,2016-05-27 13:08,"이구산업 &quot;현저한 시황변동, 주요사항 없다&quot;","[머니투데이 김도윤 기자] 이구산업은 지난 26일 한국거래소의 현저한 시황변동과 관련한 조회공시 요구에 대한 답변을 통해 ""현재 안산 반월공장 생산설비를 포승공장으로 이전하는 작업을 진행중으로 향후 이전 완료시 반월공장을 매각할 예정이지만 현재까지 결정된 사항은 없다""고 27일 밝혔다. textlinktopstart textlinktopend textlinkstart"
아시아경제,025820,/news/news_read.nhn?article_id=0003755433&office_id=277&mode=search&query=이구산업&page=1,2016-05-27 12:55,이구산업 &ldquo;진행중이거나 확정된 사항 없어&rdquo;,[아시아경제 김원규 기자] 이구산업이 지난 26일 한국거래소가 시황변동이 현저한 이유를 묻는 조회공시요구에 대해 “1분기 보고서 공시사항 등 외에 진행중이거나 확정된 사항이 없다”고 27일 답변 공시했다.
이데일리,025820,/news/news_read.nhn?article_id=0003552686&office_id=018&mode=search&query=이구산업&page=1,2016-05-27 12:40,"이구산업, 시황변동 현저 관련 &ldquo;진행중이거나 확정된 사항 없어&rdquo;",[이데일리 최선 기자] 이구산업(025820)은 지난 26일 한국거래소가 시황변동이 현저한 이유를 묻는 조회공시요구에 대해 “1분기 보고서 공시사항 등 외에 진행중이거나 확정된 사항이 없다”고 27일 답변 공시했다. 아울러 이구산업은 “현재 안산 반월공장 생산설비를 평택 포승공장으로 이전하는 작업을 진행 중”이라며 “이전 완료시 반월공장을 매각할 예정이지만 현재로서는 결정된 사항이 없다”고 덧붙였다.
디지털타임스,025820,/news/news_read.nhn?article_id=0002354250&office_id=029&mode=search&query=이구산업&page=1,2016-07-20 09:51,건국대 손인국 이구산업 회장에게 명예경영학박사 학위,"건국대가 손인국 이구산업 회장에게 명예경영학 박사 학위를 수여했다. 건국대는 19일 서울 광진구 능동로 건국대 서울캠퍼스 행정관에서 명예박사학위 수여식을 가졌다. 손인국 회장(오른쪽)과 송희영 건국대 총장이 학위수여식에서 기념촬영을 하고 있다. 건국대 제공  건국대(총장 송희영)가 손인국 이구산업 회장에게 명예경영학 박사 학위를 수여했다. 건국대는 19일 서울 광진구 능동로 건국대학교 서울캠퍼스 행정관에서 명예박사학위 수여식을 가졌다. 손 회장은 '장인의 혼'이라는 경영이념을 바탕으로 이구산업을 경영하면서 국내 비철금속 산업을 개척해 국가 소재 사업의 터전을 마련하고, 끊임없는 연구와 기술개발 노력으로 반도체, LED, 태양광 등 국내 녹색성장 산업 부품 신소재의 고부가가치화와 수입 대체 효과를 실현하는 등 국가 산업과 사회 발전에 기여한 공로를 인정받았다. 송희영 건국대 총장은 ""이구산업이 세계적인 첨단 정밀 신소재 공급업체로 성장하기까지 손 회장이 보여준 도전정신과 장인정신은 위기에 처한 우리 경제가 다시 일어나는데 꼭 필요한 시대정신""이라며 ""국내 강소기업 육성의 산 증인인 손 회장의 삶의 궤적과 열린 경영·투명경영을 실현해 주주, 종업원, 국민경제에 공헌하는 모범 경영인의 행보는 오늘날 젊은이들에게도 많은 귀감이 되고 있다""고 말했다. 손 회장은 ""건국대에서 명예박사학위를 받는 것이 특별히 귀하고 자랑스러운 이유는 이구산업이 건국대가 위치한 바로 이곳 화양동에서 시작해 48년 동안 발전하고 있고, 건국대 부동산대학원에서 새로운 지식을 함양했기 때문""이라며 ""성신의(誠信義) 교시를 바탕으로 '교육을 통한 나라 세우기'의 한 길을 걸어온 건국대의 교육이념은 인화, 성실, 창의의 사훈을 바탕으로 한길을 걸어온 저희 회사의 경영이념과 상통한다""고 말했다."
이데일리,025820,/news/news_read.nhn?article_id=0003694048&office_id=018&mode=search&query=이구산업&page=1,2016-12-06 15:56,이구산업 &quot;시황 변동 미칠 사항 없다&quot;,[이데일리 김유성 기자] 이구산업(025820)은 지난 5일 한국거래소의 조회공시요구와 관련해 “최근 현저한 시황 변동에 영향을 미칠 사항으로 분기 보고서 외에 확정되거나 진행된 사항이 없다”고 밝혔다.
머니투데이,025820,/news/news_read.nhn?article_id=0003785207&office_id=008&mode=search&query=이구산업&page=1,2016-12-06 15:39,"이구산업, &quot;안산 반월공장 매각예정&quot;","[머니투데이 권화순 기자] 이구산업은 최근 현저한 시황변동과 관련, ""이미 공시한 사항 외에 진행중이거나 확정된 사항이 없다""고 6일 공시했다. 이구산업은 ""안산 반월공장 생산설비를 평택 포승공장으로 이전 작업 진행중으로 향후 이전 완료시 반월공장을 매각예정이나 현재로서는 결정된 사항이 없다""고 밝혔다. textlinktopstart textlinktopend textlinkstart"
이데일리,025820,/news/news_read.nhn?article_id=0003755902&office_id=018&mode=search&query=이구산업&page=1,2017-02-22 14:08,"이구산업, 보통주 1주당 50원 현금배당","[이데일리 김진우 기자] 이구산업(025820)은 보통주 1주당 50원 현금배당한다고 22일 공시했다. 배당 총액은 16억 7200만원, 시가배당률은 2.0%다."
동아일보,025820,/news/news_read.nhn?article_id=0002990027&office_id=020&mode=search&query=이구산업&page=1,2016-07-20 11:14,"손인국 이구산업 회장, 건국대서 명예 경영학 박사 학위",[동아일보]
파이낸셜뉴스,025820,/news/news_read.nhn?article_id=0003794266&office_id=014&mode=search&query=이구산업&page=1,2017-03-27 13:33,[fnRASSI]이구산업(025820) 현재 5.45% &uarr;,"이구산업(025820)은 현재 주가가 전일 대비 5.45% 상승한 2,320원 선에서 거래가 이루어지고 있다. 상장주식수 대비 거래량은 1.83%로 적정수준 최근 한달간 이구산업의 상장주식수 대비 거래량을 비교해보니 일별 매매회전율이 1.83%로 집계됐다. 그리고 동기간 장중 저점과 고점의 차이인 일평균 주가변동률을 4.01%를 나타내고 있다. 개인,외국인만 거래 참여 최근 한달간 주체별 거래비중을 살펴보면 개인이 93.12%, 외국인이 6.86%를 보였고, 기관은 거래참여가 없었다. 그리고 최근 5일간 거래비중은 개인 비중이 91.88%로 가장 높았고, 외국인이 8.1%로 그 뒤를 이었다. 기관은 거래에 참여하지 않은 것으로 보인다. 'fnRASSI'는 증권전문 기업 씽크풀과 파이낸셜뉴스의 협업으로 로봇기자가 실시간으로 생산하는 기사입니다."
연합뉴스,025820,/news/news_read.nhn?article_id=0008551599&office_id=001&mode=search&query=이구산업&page=1,2016-07-19 15:00,"&lt;게시판&gt; 손인국 이구산업 회장, 건국대 명예 박사학위","손인국 회장. [건국대 제공] ▲ 건국대학교는 19일 손인국(67) 이구산업 회장에게 명예 경영학 박사 학위를 수여했다. 손 회장은 선친 손정환씨가 1968년 설립한 비철금속 제조업체 이구산업을 물려받아 글로벌 첨단소재 기업으로 성장시켰다. 2009년 금탑산업훈장, 2014년 명문 장수기업 산업통상부장관 표창을 받았고 2011∼2014년 중소기업중앙회 부회장직을 수행했다.(서울=연합뉴스) 연합뉴스 관련뉴스해당 언론사에서 선정하며 언론사 페이지(아웃링크)로 이동해 볼 수 있습니다.""너는 어디에 올라타나?""…세 치 혀에 상처받는 여군들알파고, 바둑 세계 1위 등극…中 커제는 연패로 2위특전사 출신 순경 실습생에 '딱 걸린' 음란행위 20대층간소음 다툼에 앙심 ""아래층서 강간·살인"" 26차례 허위신고5중 추돌로 41명 사상자 낸 버스기사 어떤 처벌받을까"
아시아경제,025820,/news/news_read.nhn?article_id=0003886425&office_id=277&mode=search&query=이구산업&page=1,2016-12-06 15:31,"이구산업, &ldquo;시황변동 사유 없음&rdquo;","[아시아경제 권성회 기자] 이구산업은 최근 현저한 시황변동 관련 한국거래소의 조회공시 요구에 대해 ""최근의 현저한 시황변동에 영향을 미칠 사항으로서 진행 중이거나 확정된 사항은 없다""고 6일 답변했다. 다만 회사 측은 “현재 안산 반월공장 생산설비를 평택 포승공장으로 이전 작업 진행중으로 향후 이전 완료시 반월공장을 매각예정이나 현재로서는 결정된 사항이 없다”고 말했다."
매일경제,025820,/news/news_read.nhn?article_id=0003851763&office_id=009&mode=search&query=이구산업&page=1,2016-12-08 09:45,"[Hot-Line] 이구산업, 투자경고종목 지정에 하락",이구산업이 투자경고종목으로 지정되면서 떨어지고 있다. 이구산업은 8일 오전 9시 36분 현재 전 거래일 대비 6.55%(195원) 떨어진 2780원에 거래되고 있다. 최근 8거래일 간 상승세를 멈추고 큰 폭으로 하락하는 중이다. 한국거래소는 최근 주가가 이상 급등했다는 이유로 이구산업을 투자경고종목으로 지정한다고 전날 공시했다. 투자경고종목은 추가 상승 시 거래가 정지될 수 있다. [디지털뉴스국 이가희 기자] r_start // r_end //
뉴시스,025820,/news/news_read.nhn?article_id=0007254353&office_id=003&mode=search&query=이구산업&page=1,2016-05-27 13:49,이구산업 &quot;안상 반월공장 매각예정&hellip; 결정된 사항은 없다&quot;,"【서울=뉴시스】최예린 기자 = 이구산업(025820)은 발행주권의 현저한 시황변동 관련 조회공시 요구에 대한 답변에서 ""현재 안산 반월공장 생산설비를 평택 포승공장으로 이전 작업 중""이라며 ""향후 이전 완료시 반월공장을 매각예정이나 현재로서는 결정된 사항이 없다""고 27일 밝혔다."
이데일리,025820,/news/news_read.nhn?article_id=0003552196&office_id=018&mode=search&query=이구산업&page=1,2016-05-26 16:45,"이구산업, 현저한 시황변동 조회공시 요구",[이데일리 함정선 기자] 한국거래소는 26일 이구산업(025820)에 대해 현저한 시황변동에 대해 조회공시를 요구했다. 답변시한은 27일 오후 6시까지다.
헤럴드경제,025820,/news/news_read.nhn?article_id=0001201343&office_id=016&mode=search&query=이구산업&page=1,2017-02-22 14:23,"이구산업, 주당 50원 현금배당 결정",[헤럴드경제=증권팀] 이구산업은 보통주 1주당 50원의 현금 결산배당을 결정했다고 22일 공시했다. 시가배당율은 2.0%이며 배당금총액은 16억7204만원이다.
전자신문,025820,/news/news_read.nhn?article_id=0002558020&office_id=030&mode=search&query=이구산업&page=1,2016-12-05 09:57,"[로봇뉴스]이구산업, 16.4% 급등","현재 이구산업(025820)은  전거래일 종가대비 16.4% 상승하여 2,590원에 거래중이다. 유리한스탁론 관계자는 ""최근 한달간 이구산업의 상장주식수 대비 거래량을 비교해보니 일별 매매회전율이 3.34%로 집계됐다.  동기간 일평균 주가변동률은 8.17%로 장중 저점과 고점의 차이가 매우 컸음을 알 수 있다""라고 말했다. 유리한 스탁론 관계자에 따르면 ""이미 발빠른 투자자들은 스탁론을 이용하여 저평가된 기관매집 종목 위주로 포트를 변경하고 있으며, 지수의 흐름에 큰 영향을 받지 않는 개별주를 선호하고 있는 모습이라""고 밝혔다."
아시아경제,025820,/news/news_read.nhn?article_id=0003795682&office_id=277&mode=search&query=이구산업&page=1,2016-07-26 17:12,"이구산업, 재무구조 개선 위해 국일신동 주식 159만주 처분","[아시아경제 원다라 기자]이구산업은 계열회사인 국일신동의 주식 159만9000주를 처분하기로 결정했다고 26일 공시했다. 처분금액은 60억 6820만 5000원으로 이는 자기 자본대비 6.26%에 해당한다. 회사측은 처분목적이 ""보유지분매각을 통한 재무구조 개선""이라고 밝혔다."
뉴시스,025820,/news/news_read.nhn?article_id=0007372472&office_id=003&mode=search&query=이구산업&page=1,2016-07-26 17:18,"이구산업, 계열사 국일신동 보유 주식 전량 처분 결정",【서울=뉴시스】최예린 기자 = 이구산업(025820)은 재무구조 개선을 위해 보유하고 있는 계열회사 국일신동의 주식 전량(159만9000주)을 60억6821만원 규모에 처분하기로 결정했다고 26일 공시했다.
서울경제,025820,/news/news_read.nhn?article_id=0003372669&office_id=011&mode=search&query=이구산업&page=1,2018-08-16 12:59,"&lt;유&gt;이구산업, 장중 신저가 기록.. 1,820&rarr;1,750(▼70)","[서울경제] 오후 12시 58분 현재 이구산업(025820) 이 4.63% 내린 1,750원(▼85)을 기록하며, 52주 신저가를 -70원 경신했다. 기존 52주 최저가는 2018년 07월 06일 기록한 1,820원이다. 체결강도는 28%로 강세 반전했다. 총매수체결량은 23,623주, 총매도체결량은 84,369주를 각각 기록했다.  (※ 체결강도(%) = (총매수체결량/총매도체결량)*100) 이 시각 현재 거래대금은 1억9,293만, 거래량은 10만8,742주를 기록하고 있으며, 수급측면으로는 78(매도):22(매수)의 매도우위를 보이고 있다. 거래일을 기준으로 최근 3일간 평균 거래량은 6만4천주, 60일 평균 거래량 1십3만4천주로 최근 거래량이 큰 폭으로 감소하는 추세다."
파이낸셜뉴스,025820,/news/news_read.nhn?article_id=0003682840&office_id=014&mode=search&query=이구산업&page=1,2016-07-25 14:29,"[특징주]이구산업, 구리로 희토류 대체..스마트폰 터치패널 제작 성공소식에 &uarr;","이구산업이 구리로 희토류를 대체해 스마트폰 터치패널을 제작했다는 소식에 상승세를 보이고 있다. 25일 오후 2시 25분 현재 이구산업은 전날보다 285원 상승한 2015원에 거래되고 있다. 이날 강봉철 금오공대 기계시스템 공학부 교수, 양민양 KAIST 기계공학과 교수 등 공동연구팀은 구리 나노입자에 광통신용 레이저를 쪼여 스마트폰 터치패널을 만드는 기술을 개발했다고 25일 밝혔다. 모바일·웨어러블 기기에 쓰이는 기존 터치패널은 희토류로 만들어 값이 비쌌다. 연구진은 구리선을 미세하게 만들어 터치패널을 대체하려고 시도하던 중 기존 통념을 깨고 흡수율이 낮은 광통신용 레이저가 구리 나노입자를 원하는 부분만 순간적으로 빨리 녹인다는 사실을 발견했다. 레이저 가공에선 보통 재료에 흡수가 잘 되는 레이저를 사용했기에 이번 발견은 매우 특별한 현상이었다. 이구산업은 1960년대 구리 압연제품 국산화 성공 등 국내 비철금속 소재산업의 개척자에서 세계적인 첨단 정밀 신소재 공급업체로 성장중이다."
뉴시스,025820,/news/news_read.nhn?article_id=0007252675&office_id=003&mode=search&query=이구산업&page=1,2016-05-26 17:20,"거래소, 이구산업에 현저한 시황변동 조회공시 요구",【서울=뉴시스】김주아 기자 = 한국거래소는 이구산업(025820)에 현저한 시황변동 관련 조회공시를 26일 요구했다. 답변시한은 오는 27일 오후 6시다.
이데일리,025820,/news/news_read.nhn?article_id=0003748197&office_id=018&mode=search&query=이구산업&page=1,2017-02-13 14:35,"[특징주]이구산업 등, 세계 최대 구리광산 파업 &uarr;","- 구리 가격 20개월래 최고치…""파업 영향 커질 것"" [이데일리 박형수 기자] 구리 관련 상장사 주가가 일제히 강세다. 세계 최대 생산량을 자랑하는 칠레의 한 구리광산이 파업으로 생산을 중단했다는 소식이 주가에 영향을 주는 것으로 보인다. 13일 오후 2시27분 이구산업(025820)은 전 거래일 대비 2.43% 오른 2530원에 거래되고 있다. 풍산(103140) 고려아연(010130) 서원(021050) 등도 강세다. 세계 최대 광산업체인 호주 BHP 빌리턴이 대주주로 있는 에스콘디다 광산 노동조합은 7%의 임금 인상과 보너스 지급을 요구했다. 하지만 사측에서 이를 수용하지 않으면서 파업을 개시했다. 지난 10일 런던금속거래소(LME)에서 구리는 4.6% 오른 톤당 6090달러에 장을 마쳤다. 지난 2015년 5월29일 이후 최고치다. 홍성기 삼성선물 연구원은 “파업이 2주간 지속될 경우 생산 차질은 약 4만5000톤에 달한다”며 “올해 수급이 거의 균형에 근접할 것으로 전망되는 가운데 이번 파업에 따른 수급 변화가 가격에 미치는 영향력은 더욱 확대될 것”이라고 내다봤다."
연합뉴스,025820,/news/news_read.nhn?article_id=0008564469&office_id=001&mode=search&query=이구산업&page=1,2016-07-25 16:15,"거래소, 우리들휴브레인&middot;이구산업에 조회공시 요구",(서울=연합뉴스) 장하나 기자 = 한국거래소는 25일 우리들휴브레인과 이구산업에 각각 현저한 시황 변동에 대한 조회공시를 요구했다. 답변 시한은 각각 오는 26일 오후 6시까지다.
머니투데이,025820,/news/news_read.nhn?article_id=0003716814&office_id=008&mode=search&query=이구산업&page=1,2016-07-25 16:17,"[조회공시]이구산업, 현저한 주가급등 사유",[머니투데이 김유진 기자] 한국거래소 유가증권시장본부는 25일 이구산업에 대해 현저한 시황변동에 대한 조회공시를 요구했다. 답변시한은 오는 26일 오후 6시까지다. textlinktopstart textlinktopend textlinkstart
머니투데이,025820,/news/news_read.nhn?article_id=0003626569&office_id=008&mode=search&query=이구산업&page=1,2016-02-05 15:48,"이구산업, 작년 90억 영업손실&hellip;전년비 적자전환",[머니투데이 배규민 기자] 이구산업은 지난해 연결기준 영업손실 89억5768만원으로 전년 대비 적자전환했다고 5일 공시했다. 같은 기간 당기순손실 104억2034만원으로 전자전환 했으며 매출액은 2105억6214만원으로 11.8% 줄었다. textlinktopstart textlinktopend textlinkstart
파이낸셜뉴스,025820,/news/news_read.nhn?article_id=0003776222&office_id=014&mode=search&query=이구산업&page=1,2017-02-14 10:37,[fnRASSI]이구산업(025820) 전일대비 6.4% 상승,"현재 이구산업(025820)은 전일대비 6.4% 상승하여 2,660원 선에서 거래가 이루어지고 있다. 퀀트 재무분석, 종합점수 28점으로 상승                    지표               항목               값               종합점수                 성장성               매출액증가율               -0.12               3.43                 자기자본증가율               -0.03                 안정성               부채비율               141.77               6.01                 유동비율               77.6                 이익안정성               8.06                 수익성               ROA               1.72               5.14                 ROE               4.17                 영업이익율               5.06          이구산업의 퀀트 재무 점수는 14.58점으로 3개월 이전 11.04점보다 올랐다. 지난 분기에 비해 성장성 점수가 상승했다. 이는 매출액 증가율과 자기자본 증가율이 증가하였기 때문이다. 안정성 종합 점수는 부채비율 감소, 유동비율 증가, 그리고 실적 안정성 증가로 인해 상승했다. 수익성 측면에서 볼때 ROA, ROE, 영업이익률 모두 개선되어 이전보다 좋은 점수를 받았다. 주요 투자주체는 개인투자자 최근 한달간 주체별 거래비중을 살펴보면 개인이 97.09%로 가장 높은 참여율을 보였고, 외국인이 2.89%를 보였으며 기관은 0.01%를 나타냈다. 그리고 최근 5일간 거래비중은 개인 비중이 95.17%로 가장 높았고, 외국인이 4.8%로 그 뒤를 이었다. 기관은 0.02%를 나타냈다. 'fnRASSI'는 증권전문 기업 씽크풀과 파이낸셜뉴스의 협업으로 로봇기자가 실시간으로 생산하는 기사입니다."
한국경제,025820,/news/news_read.nhn?article_id=0003630146&office_id=015&mode=search&query=이구산업&page=1,2016-07-25 16:23,"이구산업&middot;우리들휴브레인, 주가급등 조회공시",[ 한민수 기자  ] 한국거래소는 25일 이구산업과 우리들휴브레인에 최근 주가급등에 대한 조회공시를 요구했다. 답변시한은 26일 오후 6시까지다. 한민수 한경닷컴 기자
파이낸셜뉴스,025820,/news/news_read.nhn?article_id=0003743687&office_id=014&mode=search&query=이구산업&page=1,2016-12-05 15:41,"[fnRASSI]이구산업,대성산업 등 14종목 52주 신고가 경신","05일 이구산업(025820), 대성산업(128820), 서연탑메탈(019770), 대성합동지주(005620), 한국팩키지(037230), 테스나(131970)등이 장중 52주 신고가를 경신했다. 특히 이구산업은 전 거래일 대비 29.9% 오른 2,890원에 거래를 마감하며 높은 관심을 받았다.  'fnRASSI'는 증권전문 기업 씽크풀과 파이낸셜뉴스의 협업으로 로봇기자가 실시간으로 생산하는 기사입니다."
파이낸셜뉴스,025820,/news/news_read.nhn?article_id=0003743681&office_id=014&mode=search&query=이구산업&page=1,2016-12-05 15:39,"[fnRASSI]장마감, 거래소 상승 종목(이구산업 29.89%&uarr;)","상승한 종목으로 이구산업(025820) 29.89%, CJ씨푸드1우(011155) 29.82%, 대성산업(128820) 17.78% 등이 있다.  
 'fnRASSI'는 증권전문 기업 씽크풀과 파이낸셜뉴스의 협업으로 로봇기자가 실시간으로 생산하는 기사입니다."
뉴시스,025820,/news/news_read.nhn?article_id=0007786693&office_id=003&mode=search&query=이구산업&page=1,2017-02-22 15:50,"이구산업, 주당 50원 현금배당 결정",【서울=뉴시스】김주아 기자 = 이구산업(025820)은 보통주 1주당 50원의 현금배당을 결정했다고 22일 공시했다. 시가배당률은 2.0%다. 배당금 총액은 16억7204만원 규모다.
아시아경제,025820,/news/news_read.nhn?article_id=0003938225&office_id=277&mode=search&query=이구산업&page=1,2017-02-22 14:42,"이구산업, 주당 50원 현금배당",[아시아경제 임혜선 기자]이구산업은 주당 50원의 현금배당을 실시한다고 22일 공시했다.
헤럴드경제,025820,/news/news_read.nhn?article_id=0001057014&office_id=016&mode=search&query=이구산업&page=1,2016-05-26 16:52,"이구산업ㆍ영화금속, 현저한 시황변동 관련 조회공시",[헤럴드경제=박영훈 기자] 한국거래소는 26일 이구산업과 영화금속에 현저한 시황변동에 대한 조회공시를 요구했다. 답변시한은 27일 오후 6시까지다.
한국경제,025820,/news/news_read.nhn?article_id=0003731514&office_id=015&mode=search&query=이구산업&page=1,2017-02-22 14:26,"이구산업, 주당 50원 결산배당 결정",[ 안혜원 기자  ] 이구산업은 보통주 1주당 50원을 지급하는 결산배당을 결정했다고 22일 공시했다. 시가배당율은 2%며 배당금 총액은 16억원이다.
머니투데이,025820,/news/news_read.nhn?article_id=0003686067&office_id=008&mode=search&query=이구산업&page=1,2016-05-26 16:50,"[조회공시]이구산업, 현저한 시황변동",[머니투데이 조철희 기자] 한국거래소는 26일 이구산업에 현저한 시황변동에 대한 조회공시를 요구했다. 답변시한은 오는 27일 오후 6시까지다. textlinktopstart textlinktopend textlinkstart
이데일리,025820,/news/news_read.nhn?article_id=0003594787&office_id=018&mode=search&query=이구산업&page=1,2016-07-25 16:23,"이구산업, 현저한 시황변동 관련 조회공시",[이데일리 오희나 기자] 한국거래소 유가증권시장본부는 25일 이구산업(025820)에 대해 현저한 시황변동에 대한 조회공시를 요구했다. 답변시한은 오는 26일 오후 6시까지다.
아시아경제,025820,/news/news_read.nhn?article_id=0003794727&office_id=277&mode=search&query=이구산업&page=1,2016-07-25 16:13,"거래소, 이구산업에 주가 변동 관련 조회공시 요구",[아시아경제 권해영 기자] 한국거래소 유가증권시장본부는 25일 이구산업에 대해 현저한 시황변동에 대한 조회공시를 요구했다. 답변시한은 오는 26일 오후 6시까지다.
데일리안,025820,/news/news_read.nhn?article_id=0002163076&office_id=119&mode=search&query=이구산업&page=1,2017-01-18 09:52,"[특징주] &lsquo;문재인 테마주&rsquo; 이구산업, 문재인 정책 발표 앞두고 강세","‘문재인 테마주’로 분류되는 이구산업이 문재인의 당일 오후 일자리 정책 발표를 앞두고 18일 장 초반 강세다. 18일 코스피시장에서 이구산업은 9시 50분 현재 전일보다 780원(30%) 오른 3380원에 거래되고 있다. 이구산업은 손인국 이구산업 대표이사와 문재인 더불어민주당 전 대표의 인연이 부각되며 ‘문재인 테마주’로 분류된 바 있다. 데일리안 박선영 기자 ⓒ (주)데일리안 - 무단전재, 변형, 무단배포 금지"
서울경제,025820,/news/news_read.nhn?article_id=0003169555&office_id=011&mode=search&query=이구산업&page=1,2017-12-07 14:06,"이구산업, 손익국 대표 2만주 장내매수로 취득","[서울경제] 이구산업(025820) 은 손익국 대표가 장내매수로 주식 2만주를 추가 취득했다고 7일 공시했다. 손 대표의 보유 지분은 847만8,217주로 지분율 25.35%에 해당한다."
서울경제,025820,/news/news_read.nhn?article_id=0003293118&office_id=011&mode=search&query=이구산업&page=1,2018-05-10 13:38,"&lt;유&gt;이구산업, 전일 대비 7.16% 상승.. 일일회전율은 1.59% 기록","[서울경제] 이구산업(025820) 은 10일 오후 1시 37분 현재 7.16% 오른 2,695원에 거래되고 있으며, 31(매도):69(매수)의 매수우위를 기록하고 있다. 거래대금은 14억360만, 거래량은 53만2,103주로 거래량회전율은 1.59%로 나타났다. 지난 1개월간 이구산업은 상승 18회, 하락 10회를 기록했고, 주가수익률은 17.43% 표준편차는 2.11%를 기록했다. 이 기간 ' 철강금속업 ' 업종 평균 주가수익률은 3.73%로 나타났으며, 변동성은 1.80%를 기록했다. 이 시각 현재 ' 철강금속업 '은 1.54% 상승 중이며, 50(매도):50(매수)의 보합세를 보이고 있다"
아시아경제,025820,/news/news_read.nhn?article_id=0004173302&office_id=277&mode=search&query=이구산업&page=1,2018-02-06 14:01,"이구산업, 1주당 80원 현금배당 결정",[아시아경제 조호윤 기자]이구산업은 보통주 1주당 80원의 현금배당을 결정했다고 6일 공시했다.
헤럴드경제,025820,/news/news_read.nhn?article_id=0001350817&office_id=016&mode=search&query=이구산업&page=1,2018-02-06 13:55,"이구산업, 지난해 영업익 144.7억 전년비 45.4%&uarr;ㆍ주당 80원 현금배당","[헤럴드경제=증권팀] 이구산업은 지난해 개별기준 영업이익이 144억7507만원으로 전년대비 45.4%증가했다고6일 공시했다. 같은 기간 매출액은 2292억6998만원으로 16.1% 늘었고, 당기순이익은 113억883만원으로 151.3%증가한것으로집계됐다. 이구산업은 또, 보통주 1주당 80원의 현금 결산배당을 결정했다. 시가배당율은 3.9%이며 배당금총액은 26억7526만원이다."
이데일리,025820,/news/news_read.nhn?article_id=0004058950&office_id=018&mode=search&query=이구산업&page=1,2018-03-19 08:37,"이구산업, 구리가격 상승세&middot;전기차 보급 확대&hellip;호실적 기대-리서치알음","[이데일리 윤필호 기자] 리서치알음은 19일 이구산업(025820)에 대해 올해 구리 가격의 꾸준한 상승과 전기차 보급 확대에 수혜로 호실적이 기대된다고 판단했다. 주가전망은 긍정적(Positive), 적정주가는 3300원을 제시했다. 최성환 리서치알음 연구원은 “글로벌 경기에 대한 낙관적인 전망이 우세하다. 대표적 경기 선행지표 중 하나인 국제 구리 가격이 상승세를 나타내고 있다”며 “이구산업의 실적은 구리 가격과 연동되는데, 구리 가격 상승 시 수익성이 개선되는 구조”라고 밝혔다. 최 연구원은 “구리 가격은 수요량 증가와 제한된 공급으로 상승이 불가피할 전망”이라면서 “전 세계적인 전기차 보급 확대와 사물인터넷(IoT) 시대 도래로 생활 속에 늘어가는 전자제품 또한 구리 가격 인상을 부추기는 요인”이라고 강조했다. 최 연구원은 “국제 구리가격 상승으로 회사는 올해도 호실적을 이어갈 전망”이라며 “올해 예상 실적은 매출액 2530억원, 영업이익 165억원으로 추정된다”고 했다. 이어 “실적 추정에서 가장 중요한 요인은 제품 원가율 부문으로 판단된다”며 “지난해 신축 이전한 포승공장의 납기단축, 생산량 증대 효과가 올해부터 온기로 반영되고 수익성 높은 해외 매출비중이 증가하고 있는 점, 고부가가치 제품인 인청동 매출이 확대되고 있다는 점 등이 원가율 개선에 긍정적 요인으로 작용할 전망”이라고 언급했다. 올해 주가에 다양한 실적개선 모멘텀을 확보하고 있다. 최 연구원은 “전세계적인 전기차 보급 확대가 실적에 긍정적 영향을 미칠 것”이라며 “미국의 철강관세 부과대상에서 제외시 수혜가 예상된다. 구리 가공업체로 해당사안과 직접적 연관성은 없지만 관세부과 목록 확대 등이 주가상승을 저해하는 요소로 작용했다”고 했다. 그러면서 “최근 일상생활 곳곳에 동 사용처가 확대되고 있다는 점도 긍정적”이라고 덧붙였다."
서울경제,025820,/news/news_read.nhn?article_id=0003246989&office_id=011&mode=search&query=이구산업&page=1,2018-03-19 09:02,"[오늘의종목] 이구산업, 글로벌 구리 가격 상승세에 실적 모멘텀 &uarr;","[서울경제] 이구산업(025820) 이 글로벌 경기에 대한 낙관적인 전망에 따른 구리 가격 상승세에 실적 모멘텀이 높아지고 있다는 분석이 나왔다. 독립리서치 기업 리서치알음은 19일 보고서에서 “글로벌 경기가 좋아지면서 대표적 선행지표 중 하나인 국제 구리 가격이 상승세를 보이고 있다”며 “이구산업은 구리 가격과 실적이 연동되는데 구리 가격 상승세에 따른 수익성 개선이 예상된다”고 밝혔다. 현재 구리는 전기차 보급 확대와 사물인터넷 시대 도래로 생활 속에서 구리 수요가 높아지고 있다. 지난해 구리 가격은 연초 대비 18% 상승했다. 이에 이구산업도 전년대비 영업익이 43% 증가한 142억원을 보였다. 리서치알음은 “미 철강관세 부과 제외시 수혜가 예상되며 특히 수출 지역도 중국, 동남아, 일본 등 다양한 편”이라고 설명했다."
머니투데이,025820,/news/news_read.nhn?article_id=0004004378&office_id=008&mode=search&query=이구산업&page=1,2018-02-06 13:33,"이구산업, 보통주 1주당 80원 배당",[머니투데이 박계현 기자] 이구산업이 결산배당으로 보통주 1주당 80원을 현금배당하기로 결정했다고 6일 공시했다. 시가배당율은 3.9%로 배당금 총액은 26억7526만원이다.
서울경제,025820,/news/news_read.nhn?article_id=0003246996&office_id=011&mode=search&query=이구산업&page=1,2018-03-19 09:04,"(유)이구산업, 현재가 9.05% 급등","[서울경제] 오전 9시 3분 현재 이구산업(025820) 의 현재가는 2,590원으로 1분전 2,375원 대비 9.05% 급등했다. 수급측면으로는 24(매도):76(매수)의 매수우위를 기록하고 있다. 지난 1개월간 이구산업은 15.11% 상승했으며, 표준편차는 1.93%를 기록했다. 이 기간 ' 철강금속업 ' 업종 평균 주가수익률은 -8.61% 로 나타났으며, 변동성은 1.51%를 기록했다. 이 시각 현재 ' 철강금속업 '은 1.52% 상승 중이다."
서울경제,025820,/news/news_read.nhn?article_id=0003247087&office_id=011&mode=search&query=이구산업&page=1,2018-03-19 09:32,"(유)이구산업, 전일 대비 11.09% 상승.. 일일회전율은 7.20% 기록","[서울경제] 이구산업(025820) 은 19일 오전 9시 30분 현재 11.09% 오른 2,455원에 거래되고 있으며, 50(매도):50(매수)의 보합세를 보이고 있다 거래대금은 61억2,557만, 거래량은 240만9,208주로 거래량회전율은 7.20%로 나타났다. 지난 1개월간 이구산업은 상승 14회, 하락 15회를 기록했고, 주가수익률은 9.11% 표준편차는 1.93%를 기록했다. 이 기간 ' 철강금속업 ' 업종 평균 주가수익률은 -7.73%로 나타났으며, 변동성은 1.51%를 기록했다. 이 시각 현재 ' 철강금속업 '은 2.50% 상승 중이며, 55(매도):45(매수)의 매도우위를 기록하고 있다."
파이낸셜뉴스,025820,/news/news_read.nhn?article_id=0004014217&office_id=014&mode=search&query=이구산업&page=1,2018-05-03 10:59,"[fnRASSI]이구산업, 3.54% 오르며 거래량 증가","이구산업(025820)은 당일 거래량 증가로 최근 5거래일 거래량의 최고치를 경신했다. 그리고 이구산업은 4일 연속 상승흐름을 보이며, 10시 57분 현재 3.54% 증가한 2,630원에 거래중이다. 기관과 개인은 순매도, 외국인은 순매수(한달누적)  전일 기관이 13,931주를 순매수했고, 외국인은 1,330주를 순매도했다. 4주간을 기준으로 보면 외국인이 순매수량을 늘리며 424,792주를 순매수한 반면, 기관은 매도 우위를 지속하면서 95,395주를 순매도했고, 개인들도 매도 관점으로 접근하면서 329,397주를 순매도한 것으로 집계됐다. 개인투자자의 거래비중이 가장 높아 최근 한달간 주체별 거래비중을 살펴보면 개인이 전체 거래량의 91.28%를 차지하며 가장 활발한 참여를 보였고, 외국인은 8.04%, 기관은 0.66%의 거래 참여율을 보였다. 그리고 최근 5일간 거래비중은 개인이 87.12%로 가장 높은 참여율을 보였고, 외국인이 12.38%를 보였으며 기관은 0.48%를 나타냈다. 'fnRASSI'는 증권전문 기업 씽크풀과 파이낸셜뉴스의 협업으로 로봇기자가 실시간으로 생산하는 기사입니다."
머니투데이,025820,/news/news_read.nhn?article_id=0004004377&office_id=008&mode=search&query=이구산업&page=1,2018-02-06 13:29,"이구산업, 지난해 영업이익 145억원&hellip;전년比 45%&uarr;","[머니투데이 박계현 기자] 이구산업이 지난해 개별기준 영업이익이 145억원으로 전년 대비 45.4% 증가했다고 6일 공시했다. 같은 기간 매출액은 2293억원으로 16.1% 증가했으며 당기순이익은 113억원으로 151.3% 증가했다. 회사 측은 ""원자재가격 상승에 따른 원가개선으로 영업이익이 증가했으며, 자산 매각 및 원가 절감 노력에 따라 수익성이 개선됐다""고 설명했다."
이데일리,025820,/news/news_read.nhn?article_id=0003652136&office_id=018&mode=search&query=이구산업&page=1,2016-10-14 16:37,"이구산업, 안월환 전무 3만주 장내매수",[이데일리 박경훈 기자] 이구산업(025820)은 친인척 관계인 안월환 전무가 자사주 3만주(0.09%)를 장내 매수했다고 14일 공시했다. 최대주주 등의 보유 주식 비율은 50.53%이다.
서울경제,025820,/news/news_read.nhn?article_id=0003279086&office_id=011&mode=search&query=이구산업&page=1,2018-04-24 13:10,"&lt;유&gt;이구산업, 전일 대비 7.22% 상승.. 일일회전율은 2.12% 기록","[서울경제] 이구산업(025820) 은 24일 오후 1시 9분 현재 7.22% 오른 2,525원에 거래되고 있으며, 38(매도):62(매수)의 매수우위를 기록하고 있다. 거래대금은 17억2,549만, 거래량은 70만9,007주로 거래량회전율은 2.12%로 나타났다. 지난 1개월간 이구산업은 상승 15회, 하락 13회를 기록했고, 주가수익률은 15.83% 표준편차는 2.15%를 기록했다. 이 기간 ' 철강금속업 ' 업종 평균 주가수익률은 -1.03%로 나타났으며, 변동성은 1.59%를 기록했다. 이 시각 현재 ' 철강금속업 '은 0.25% 상승 중이며, 50(매도):50(매수)의 보합세를 보이고 있다"
서울경제,025820,/news/news_read.nhn?article_id=0002899802&office_id=011&mode=search&query=이구산업&page=1,2016-10-14 16:17,"이구산업, 임원 안월환씨 3만주 장내매수로 취득",이구산업(025820)은 임원 안월환씨가 3만주를 장내매수로 신규 취득했다고 14일 공시했다. 안 씨의 비중은 0.09%다.
이데일리,025820,/news/news_read.nhn?article_id=0004059059&office_id=018&mode=search&query=이구산업&page=1,2018-03-19 09:34,"[특징주]이구산업, 구리가격 상승 따른 호실적 기대&uarr;","[이데일리 이후섭 기자] 이구산업(025820)이 구리가격 상승에 따른 호실적 기대감에 급등세다. 19일 오전 9시25분 현재 이구산업은 전날대비 310원(14.03%) 오른 2520원을 기록 중이다. 최성환 리서치알음 연구원은 이날 보고서를 통해 “이구산업의 실적은 구리 가격과 연동되는데 구리 가격 상승시 수익성이 개선되는 구조”라며 “이구산업의 올해 매출액과 영업이익은 각각 2530억원, 165억원으로 추정돼 국제 구리가격 상승에 힘입어 호실적을 이어갈 것”이라고 내다봤다. 최 연구원은 “전 세계적인 전기차 보급 확대와 사물인터넷(IoT) 시대 도래로 생활 속에 늘어가는 전자제품도 구리 가격 인상을 부추기는 요인”이라며 “전세계적인 전기차 보급 확대가 실적에 긍정적 영향을 미칠 것”이라고 내다봤다. 이어 그는 “지난해 신축 이전한 포승공장의 납기단축, 생산량 증대 효과가 올해부터 온기로 반영되고 수익성 높은 해외 매출비중이 증가하고 있는 점, 고부가가치 제품인 인청동 매출이 확대되고 있다는 점 등이 원가율 개선에 긍정적 요인으로 작용할 것”이라고 판단했다."
머니S,025820,/news/news_read.nhn?article_id=0000303062&office_id=417&mode=search&query=이구산업&page=1,2018-03-19 08:47,"[STOCK] &quot;이구산업, 구리 가격 강세로 수익성 개선 전망&quot;","이구산업 아이콘.(출처=이구산업 홈페이지) 리서치알음은 19일 이구산업에 대해 ""구리 가격 상승은 단순하지만 강력한 모멘텀""이라고 평가하며 목표주가 3300원과 '매수' 의견을 제시했다. 최성환 리서치알음 수석 애널리스트는 ""이구산업의 실적은 구리 가격과 연동되는데 구리 가격 상승 시 수익성이 개선되는 구조""라며 ""글로벌 경기에 대한 낙관적인 전망이 우세해 대표적 경기 선행지표 중 하나인 국제 구리 가격이 상승세를 나타내고 있다""고 설명했다. 최 애널리스트는 ""전세계적인 전기차 보급 확대와 IoT(사물인터넷) 시대 도래로 생활 속에 늘어가고 있는 전자제품 또한 구리 가격 인상을 부추기는 요인들""지난해 신축 이전한 포승공장의 납기 단축으로 생산량 증대 효과가 올해부터 온기 반영될 것""이라고 전망했다. 그는 ""이 회사의 주가는 철강회사의 주가와 연동해 움직이는 경향이 있다. 오는 23일 미국의 철강관세 시행일이 다가오며 우리나라가 관세부과 대상에서 제외될 시 주가에 긍정적인 영향을 보일 것""이라고 덧붙였다. 박기영 기자"
머니투데이,025820,/news/news_read.nhn?article_id=0003756937&office_id=008&mode=search&query=이구산업&page=1,2016-10-14 15:34,"이구산업, 안월환 전무 3만주 장내매수",[머니투데이 배규민 기자] 이구산업은 친인척 관계인 안월환 전무가 자사주 3만주(0.09%)를 장내 매수했다고 14일 공시했다. 최대주주 등의 보유 주식 비율은 50.53%이다. textlinktopstart textlinktopend textlinkstart
