source,symbol,link,date,title,content
서울경제,041140,/news/news_read.nhn?article_id=0002863967&office_id=011&mode=search&query=넥슨지티&page=1,2016-08-01 09:34,"넥슨지티, &lsquo;서든어택2&rsquo; 서비스 종료에 하락세","넥슨지티(041140)가 온라인 게임 ‘서든어택2’ 서비스 종료 결정에 하락세다. 넥슨지티는 1일 코스닥시장에서 전거래일 보다 11%(1,100원) 하락한 8,900원에 거래되고 있다. 최근 3거래일 연속 하락 흐름이다. 넥슨지티는 지난달 29일 넥슨코리아와 맺은 서든어택2의 공동 사업 계약을 해지한다고 공시했다. 서든어택의 후속작인 서든어택2는 선정성 논란 등이 불거지면서 출시 23일 만에 서비스 종료가 결정됐다."
뉴시스,041140,/news/news_read.nhn?article_id=0007400763&office_id=003&mode=search&query=넥슨지티&page=1,2016-08-10 15:26,"'서든어택' 개발사 넥슨지티, 2분기 영업이익 22억원","【서울=뉴시스】장윤희 기자 = 서든어택을 만든 넥슨 계열사 넥슨지티가 2분기에 영업이익 22억원을 기록했다고 10일 밝혔다. 매출은 134억원이다. 이는 상반기에 인수한 웰게임즈 실적을 포함한 연결재무제표 기준이다. 상반기 기준으로는 매출 334억원, 영업이익 119억원을 기록했다. 전년동기대비 매출과 영업이익은 각각 8.4%, 20.4% 감소했다. 주력 온라인 게임 '서든어택'은 상반기에도 꾸준한 호응을 얻으며 넥슨지티의 버팀목이 됐다. 하지만 최근 선보인 후속작 '서든어택2'의 부진은 넥슨지티에 향후 큰 부담이 될 전망이다. 서든어택2는 캐릭터 선정성 논란 등의 악재로 9월 29일 서비스를 종료할 예정이다. 한편 넥슨지티는 일렉트로닉아츠와 리스폰엔터테인먼트가 개발한 1인칭 총격(FPS)게임 '타이탄폴(Titanfall)'의 온라인 버전을 만들며 신성장동력을 발굴하고 있다. 연내에는 모바일 다중접속역할수행게임(MMORPG) 신작 1종을 선보일 예정이다."
이데일리,041140,/news/news_read.nhn?article_id=0003916032&office_id=018&mode=search&query=넥슨지티&page=1,2017-09-05 17:49,"거래소, 넥슨지티에 주가 급등 관련 조회공시 요구",[이데일리 이명철 기자] 한국거래소 코스닥시장본부는 넥슨지티(041140)에 최근 현저한 주가 급등 관련 공시규정상 중요 공시 사항 유무에 대해 조회공시를 요구했다. 답변시한은 오는 6일 오후 6시까지다.
연합뉴스,041140,/news/news_read.nhn?article_id=0008578047&office_id=001&mode=search&query=넥슨지티&page=1,2016-08-01 09:28,&lt;특징주&gt; 넥슨지티 '서든어택2' 서비스 종료에 신저가,"(서울=연합뉴스) 장하나 기자 = 넥슨지티가 온라인 PC 게임 '서든어택 2' 서비스 종료 소식에 1일 장 초반 급락세다. 이날 오전 9시25분 현재 코스닥시장에서 넥슨지티는 전 거래일보다 1천40원(10.40%) 내린 8천960원에 거래됐다. 장중 8천810원까지 떨어지며 52주 신저가를 새로 썼다. 앞서 넥슨지티는 '서든어택 2'에 대해 넥슨코리아와 맺은 공동 사업 계약을 해지한다고 지난달 29일 공시했다. '서든어택 2'는 PC방 점유율 순위 106주 연속 1위, 국내 최고 동시 접속자 35만 명 등 국내 시장에서 숱한 기록을 세운 인기 게임 '서든어택'의 후속작이다. 하지만 출시 일주일 만에 여성 캐릭터의 성(性) 상품화 및 선정성 논란이 일자 넥슨지티는 게임 출시 23일 만에 서비스 종료를 결정했다. 한국거래소는 단일판매·공급계약 금액 50% 이상 변경을 이유로 넥슨지티의 불성실공시법인 지정을 예고했다."
아시아경제,041140,/news/news_read.nhn?article_id=0004065738&office_id=277&mode=search&query=넥슨지티&page=1,2017-08-31 14:05,"넥슨지티, 중앙판교개발 주식 8151주 취득&hellip;지분율 99.9%",[아시아경제 권성회 기자] 넥슨지티는 회사 사옥 확보 및 임대수익 창출을 위해 중앙판교개발의 주식 8151만1037주를 288억3045만원에 취득했다고 31일 공시했다. 이는 넥슨지티 자기자본 대비 20.72%에 해당하는 금액이다. 이로써 중앙판교개발에 대한 넥슨지티의 지분율은 99.90%가 됐다.
이데일리,041140,/news/news_read.nhn?article_id=0003536516&office_id=018&mode=search&query=넥슨지티&page=1,2016-05-04 14:10,"[특징주]넥슨지티, 올여름 최고 기대작 '서든어택2' 일본 공략 &uarr;",[이데일리 박형수 기자] 넥슨지티(041140)가 강세다. 온라인 1인칭슈팅(FPS)게임 ‘서든어택2’를 일본에서 서비스한다는 소식이 주가에 영향을 준 것으로 보인다. 4일 오후 2시7분 넥슨지티는 전날보다 4.1% 오른 1만2700원에 거래되고 있다. 이날 넥슨 일본법인은 서든어택2 브랜드 사이트(sa2.nexon.co.jp)를 열고 단계적으로 서든어택2 소식을 공개한다고 밝혔다. 서든어택2는 국내 최고의 FPS게임으로 꼽히는 ‘서든어택’의 정식 후속작으로 올여름 국내에서 서비스한다. 지난달 14일부터 1주일간 국내에서 비공개 시범 테스트(CBT)를 진행했다. CBT 기간 중 누적 이용자 수 28만명과 최고 동시접속자 수 3만6000명을 기록했다. 공식 홈페이지에 하루 평균 50만명 이상 방문한 것으로 알려졌다.
전자신문,041140,/news/news_read.nhn?article_id=0002646753&office_id=030&mode=search&query=넥슨지티&page=1,2017-10-11 12:10,"[ET투자뉴스]넥슨지티_주가, 거래량, 투심 모두 적정수준","위험대비수익률 2.6으로 하위권, 업종지수와 비슷해 11일 오후 12시5분 현재 전일대비 4.69% 오른 13,400원을 기록하고 있는 넥슨지티는 지난 1개월간 15.52% 상승했다.  동기간 동안에 주가움직임의 위험지표인 표준편차는 5.9%를 기록했다.  이는 디지털컨텐츠 업종내에서 주요종목들과 비교해볼 때 넥슨지티의 월간 변동성이 가장 심했음에도 불구하고 주가상승률은 다소 낮은 수준을 유지했다는 뜻이다.  최근 1개월을 기준으로 넥슨지티의 위험을 고려한 수익률은 2.6을 기록했는데, 변동성이 가장 높았기 때문에 위험대비 수익률은 다소 부진했다.   게다가 디지털컨텐츠업종의 위험대비수익률인 2.8보다도 낮기 때문에 업종대비 성과도 긍정적이라고 할 수 없다. 다음으로 업종과 시장을 비교해보면 넥슨지티가 속해 있는 디지털컨텐츠업종은 코스닥지수보다 변동성과 수익률이 모두 높은 모습이다.  다시 말하면 동업종에 탄력이 붙으면서 지수대비 초과상승했다는 의미이다.        표준편차 수익율  위험대비 수익율  넥슨지티 5.9% 15.5% 2.6  넷게임즈 4.5% 52.6% 11.6  게임빌 4.1% 18.7% 4.5  웹젠 4.0% 24.0% 5.9  위메이드 2.1% -5.7% -2.7  코스닥 0.7% 1.4% 2.0  디지털컨텐츠 1.8% 5.2% 2.8    관련종목들 혼조세, 디지털컨텐츠업종 +0.94%   이 시각 현재 관련종목들은 혼조세를 보이고 있으나 디지털컨텐츠업종은 0.94% 상승중이다."
매일경제,041140,/news/news_read.nhn?article_id=0003782856&office_id=009&mode=search&query=넥슨지티&page=1,2016-08-10 18:26,"넥슨지티, 상반기 영업익 119억 `20% 감소`&hellip;&quot;신규 프로젝트 비용 증가 이유...","넥슨지티(대표 김정준)는 지난 상반기에 연결기준 매출 333억6000만원, 영업이익 119억4500만원, 당기순이익 86억4500만원을 기록했다고 10일 공시했다. 이는 전년동기 대비 매출과 영업이익이 각각 8.4%, 20.4% 감소한 결과다. 매출 감소의 경우 지난해 5월 1일 데카론프로젝트로 서비스가 이관된 PC온라인게임 ‘데카론’과 6월 30일로 넥슨코리아와의 공동사업 계약기간이 만료된 ‘바람의나라’ 및 ‘테일즈위버’ 등의 클래식 RPG 라인업 등의 매출 기여분(약 48억 원)이 제외되고 ‘서든어택’의 매출이 약 23억 원가량 줄어들었기 때문이다. 다만 모바일게임 ‘슈퍼판타지워’가 꾸준히 인기를 끌면서 매출 감소를 완화했다. 영업이익 감소의 경우 신규 프로젝트 개발에 따른 비용 증가가 요인으로 작용했다고 설명했다. 2분기 기준으로는 매출 133억 9100만원, 영업이익 21억6400만원, 당기순이익 17억3400만원을 기록했다. 이는 전년동기 대비 매출이 약 5%, 영업이익이 약 54% 감소한 결과다. 1분기 대비로는 매출이 33%, 영업이익이 78% 줄었다. 지난 1분기 대비 2분기 매출의 감소의 경우는 계절적 요인에 따른 ‘서든어택’의 매출 감소 때문이다. ‘서든어택’은 지난 1분기 매출 180억원을 기록했으나 2분기에는 106억원에 그쳤다. 지난해에도 ‘서든어택’은 1분기에 190억 원의 매출을 기록했으나 2분기에는 119억 원으로 크게 감소한바 있다. 영업이익의 경우 역시 신규 프로젝트 개발 착수에 따른 비용증가가 요인이다. 3분기부터는 지난 5월 인수한 모바일게임사 웰게임즈의 실적이 온전히 반영되고 ‘서든어택’ 매출도 계절적 요인에서 벗어나며 매출이 상승할 것으로 예상된다. 웰게임즈는 지난 상반기에 매출 46억 원을 기록했으나 넥슨지티 연결 실적 반영은 지난 5월부터 이뤄졌다. 또 서비스 종료가 결정된 ‘서든어택2’의 잔여 계약금 50억원과 미니멈개런티 1회차분도 서비스 종료 일정이 마무리된 이후 수익으로 인식될 예정이다. 넥슨지티는 “지난해 출시한 ‘슈퍼판타지워’가 매출 하락폭을 줄이는데 기여했고 지난 7월 말에는 일본에도 출시됐다”며 “현재 일렉트로닉아츠와 리스폰엔터테인먼트가 개발한 FPS게임 ‘타이탄폴(Titanfall)’의 온라인 버전을 개발 중이며 연내 모바일 MMORPG 신작 1종도 출시할 예정”이라고 밝혔다."
매일경제,041140,/news/news_read.nhn?article_id=0004097530&office_id=009&mode=search&query=넥슨지티&page=1,2018-02-08 09:56,"넥슨지티, 지난해 영업손실 23억 &lsquo;적자전환&rsquo;&hellip;4Q 영업익 &lsquo;18억&rsquo;","넥슨지티(대표 김정준)가 지난해 영업손실 23억원을 기록하며 적자전환했다. 다만 4분기의 경우의 영업이익 18억원을 기록한 것으로 나타났다. 7일 넥슨지티는 공시를 통해 지난해 매출 492억 원, 영업손실 23억 원, 당기순손실 132억 원을 기록했다고 밝혔다. 이는 매출이 전년대비 19.46% 줄고 영업이익 및 순이익이 적자전환한 결과다. 넥슨지티는 “직전 사업연도 매출액의 경우 게임 서비스 종료에 의한 계약금 및 미니멈개런티가 1회성으로 반영돼 지난해 매출 감소효과가 발생했다”며 “영업이익은 매출 감소 및 신규 게임 개발을 위한 인건비 등 비용 증가로 적자전환했다”고 설명했다. 이어 당기순손실의 경우 “종속회사와 관련된 영업권 및 무형자산의 손상차손 인식으로 영업외 비용이 증가했다”고 덧붙였다. 다만 지난해 4분기의 경우 매출 162억 원, 영업이익 18억 원을 기록했다. 3분기 매출과 영업이익은 각각 133억원, 13억원 가량이었다. 지난해 9월 출시한 모바일 MMORPG ‘액스’ 이후 분기 매출과 영업이익이 반등하는 추세다. 넥슨지티에 따르면 올해 자회사 넥슨레드가 ‘액스’의 해외진출과 신작 공개를 예정하고 있다. 또 넥슨지티도 신작 PC온라인 슈팅게임 ‘타이탄폴온라인’을 개발해 선보일 예정이다."
머니투데이,041140,/news/news_read.nhn?article_id=0003927798&office_id=008&mode=search&query=넥슨지티&page=1,2017-08-31 14:10,"넥슨지티, 288억 규모 중앙판교개발 주식 양수 결정",[머니투데이 이건희 기자] 넥슨지티는 회사 사옥 확보 및 임대수익 창출을 위해 중앙미디어네트워크와 중앙일보로부터 중앙판교개발 주식 8151만여주를 288억3045만원에 양수키로 결정했다고 31일 공시했다. 양수 후 지분율은 99.9%다.
연합뉴스,041140,/news/news_read.nhn?article_id=0008394367&office_id=001&mode=search&query=넥슨지티&page=1,2016-05-11 16:43,넥슨지티 1분기 매출 200억원&middot;영업익 98억원,"(서울=연합뉴스) 김태균 기자 = 유명 1인칭총격게임 '서든어택'을 운영하는 게임 업체 넥슨지티가 올해 1분기에 매출액 200억원, 영업이익 98억원, 당기순이익 69억원 실적을 냈다고 11일 밝혔다. 전년 동기보다 매출과 영업이익이 소폭 줄었지만, 수익성이 좋아져 영업 이익률이 49%로 집계됐다고 회사는 덧붙였다. 넥슨지티 관계자는 ""서든어택이 겨울 대규모 업데이트에 힘입어 전체 실적을 이끌었고 지난해 11월 전 세계에 출시한 모바일 게임 '슈퍼판타지워'도 의미 있는 매출을 기록하며 회사 매출 다변화에 기여했다""고 설명했다."
머니투데이,041140,/news/news_read.nhn?article_id=0003678411&office_id=008&mode=search&query=넥슨지티&page=1,2016-05-12 13:59,"넥슨지티, 웰게임즈 인수&hellip;인수가 201억원","[머니투데이 백지수 기자] 넥슨지티는 소프트웨어 개발·제작사 웰게임즈의 발행주식 전량(6만주, 지분율 100%)을 인수하기로 결정했다고 12일 공시했다. 회사측은 ""모바일 게임 성장 동력을 확보하고 FPS게임 시장 경쟁력 강화를 위한 것""이라고 지분 인수 목적을 밝혔다. textlinktopstart textlinktopend textlinkstart"
이데일리,041140,/news/news_read.nhn?article_id=0003937970&office_id=018&mode=search&query=넥슨지티&page=1,2017-10-04 13:45,[급등주 톺아보기]⑤`액스`로 성장성 확인시킨 넥슨지티,"- 일매출 10억 수준…年1200억 이상 인식 기대 - 넥슨 마케팅 지원 등에 업고 시장 성장 향유 [이데일리 이명철 기자] 리니지 지적재산권(IP)을 활용한 ‘리니지 레볼루션’과 ‘리니지M’ 성공을 계기로 주식시장에서 게임주에 대한 관심이 다시 높아지고 있다. 각 개발사들이 심혈을 기울여 출시한 게임이 연이어 흥행 대박을 터트린데 이어 ‘테라M’ ‘검은사막M’ ‘블레이드&소울 모바일’ 등 기대작도 줄줄이 선보일 예정이어서 모바일 게임시장 성장 기대감도 완연하다. 넥슨지티(041140)는 모바일 게임주 중에서도 가장 주목을 받고 있는 곳 중 하나다. 4일 마켓포인트에 따르면 지난달 29일 기준 회사 주가는 1만2700원으로 6월말(7370원)보다 72%나 올랐다. 이것도 최근 급격한 조정이 이뤄진 것으로 한때 장중 1만9500원까지 뛰기도 했다. 100% 자회사인 넥슨레드가 개발하고 넥슨이 퍼블리싱한 모바일 다중접속역할수행게임(MMORPG) ‘액스(AxE)’의 흥행이 주가 급등을 이끌었다. 액스는 출시 이틀만에 국내 구글플레이 매출 2위에 올랐으며 일매출 10억원 가량을 올리는 것으로 전해졌다. 퍼블리셔와 수익 배분을 5대 5로 가정했을 때 넥슨지티가 인식하는 연간 매출액은 1200억원을 넘는 것으로 추산됐다. 지난해 전체 매출액이 597억원이었던 점을 감안하면 액스 게임 하나로만 두배 가량의 매출을 달성하는 셈이다. 대형 게임사들의 유명 IP 기반 MMORPG가 독식하는 시장에서 중소형 업체의 독자 개발 게임이 흥행을 거뒀다는 점에서 더 높은 평가를 받고 있다. 높은 그래픽과 우수한 타격감, 진영간 밸런스 유지가 흥행을 이끌었다는 분석이다. 경쟁사인 넷마블게임즈, 엔씨소프트와 달리 모바일 게임에서 두각을 드러내지 못하던 넥슨의 본격 시장 진출로 넥슨지티 역시 수혜가 예상된다. 현재 넥슨은 액스 흥행을 위해 마케팅 투자를 강화하고 있고 거래소 탑재와 공성전 업데이트도 계획 중이어서 추가 매출 창출도 가능할 전망이다. 마케팅 비용을 부담하지 않는 것도 장점이다. 여기에 넥슨레드가 개발한 모바일 일인칭슈팅(FPS) 게임인 ‘포인트블랭크:스트라이크’를 필리핀 시장에 소프트 론칭해 동남아 서비스를 확대할 예정이다. 내년 출시 예정인 FPS ‘타이탄폴 온라인’은 EA의 유명 콘솔 IP를 활용해 흥행이 기대된다."
머니투데이,041140,/news/news_read.nhn?article_id=0004005402&office_id=008&mode=search&query=넥슨지티&page=1,2018-02-07 16:55,"넥슨지티, 지난해 영업손실 23억&hellip;적자전환",[머니투데이 권혜민 기자] 넥슨지티는 지난해 연결기준 영업손실이 23억1900만원으로 전년대비 적자전환했다고 7일 공시했다. 매출액은 같은 기간 19.46% 줄어든 492억7300만원으로 집계됐다. 당기순손실은 132억4100만원으로 역시 적자전환했다.
아시아경제,041140,/news/news_read.nhn?article_id=0003722119&office_id=277&mode=search&query=넥슨지티&page=1,2016-04-06 07:12,"[클릭 e종목]넥슨지티, 서든어택2 출시 임박","[아시아경제 최동현 기자] KB투자증권은 8일 넥슨지티에 대해 서든어택2 출시가 임박했다며 투자의견 '매수', 목표주가 1만7500원을 각각 유지했다. 이동륜 KB투자증권 연구원은 ""최근 진행된 서든어택2 클로즈베타테스트(CBT)는 압도적인 시장점유율 1위를 기록중""이라며 ""향후 정식 출시가 되면 신작 1인칭슈팅게임(FPS) 게임에 대한 수요를  충족시킴과 동시에 휴면 이용자 역시 흡수할 수 있을 것""이라고 설명했다. 이 연구원은 이어 ""넥슨지티의 올해 영업이익은 전년동기 대비 68.4% 증가한 339억원으로 예상한다""며 ""넥슨이 서든어택 퍼블리싱을 시작하고 고성장을 시현했던 2011~2012년 당시 영업이익률이 50%를 웃돌았다는 점을 감안하면 올해 이익성장은 가능할 것""이라고 덧붙였다."
뉴시스,041140,/news/news_read.nhn?article_id=0007222419&office_id=003&mode=search&query=넥슨지티&page=1,2016-05-12 14:16,"넥슨지티, 개발사 '웰게임즈' 201억원에 인수","【서울=뉴시스】강세훈 기자 = 넥슨지티가 모바일 게임 '스페셜솔져' 개발사 '웰게임즈' 지분 전량을 201억원에 인수하고 자회사로 편입한다고 12일 밝혔다. 넥슨지티는 웰게임즈 주식 6만주를 201억원에 인수했다. 이는 넥슨지티 총자산(1499억원) 대비 13.41%, 자기자본(1303억원) 대비 15.42%에 해당하는 금액이다. 넥슨지티는 웰게임즈 인수 목적으로 ""모바일게임 성장동력 확보와 FPS게임 시장 경쟁력 강화""라고 밝혔다. 웰게임즈는 경력 10년 이상의 베테랑 개발자들이 모여 2014년 설립한 모바일 게임 개발사다. 1분기 매출은 24억7040만원, 당기순이익은 17억6782만원을 기록했다.  지난해 출시해 서비스하고 있는 모바일1인칭 슈팅(FPS) 게임 스페셜솔져는 구글플레이 인기(다운로드) 기준 25위, 매출 기준 26위를 기록중이다. 넥슨지티 김정준 대표는 ""웰게임즈는 역량 있는 개발자들이 탄탄한 팀워크로 높은 성과를 거두고 있는 강소기업""이라며 ""FPS게임 DNA를 공유하고 있는 양사가 시너지를 낼 수 있을 것""이라고 밝혔다."
한국경제,041140,/news/news_read.nhn?article_id=0003593001&office_id=015&mode=search&query=넥슨지티&page=1,2016-05-12 14:01,"넥슨지티, 웰게임즈 201억원에 인수&hellip;&quot;모바일게임 성장동력 확보&quot;","[ 조아라 기자  ] 넥슨지티는 모바일게임의 성장 동력 확보, 일인칭슈팅(FPS) 게임시장의 경쟁력 강화를 위해 소프트웨어 개발사 웰게임즈를 인수한다고 12일 공시했다. 인수 금액은 201억원으로 지분 100%(6만주)를 전량 인수한다. 조아라 한경닷컴 기자"
한국경제,041140,/news/news_read.nhn?article_id=0003633330&office_id=015&mode=search&query=넥슨지티&page=1,2016-08-01 09:19,"[특징주]넥슨지티, 서든어택2 서비스 종료 소식에 '급락'",[ 김아름 기자  ] 넥슨지티가 신작 서든어택2의 서비스를 출시 한 달여만에 종료하겠다고 밝히면서 급락하고 있다. 1일 오전 9시16분 현재 넥슨지티는 전 거래일보다 1020원(10.20%) 하락한 8950원에 거래되고 있다. 지난 29일 넥슨은 온라인 게임 서든어택 2의 서비스를 9월29일부로 종료한다고 밝혔다. 이에 따라 넥슨지티는 넥슨코리아와 맺은 서든어택2의 공동 사업계약을 해지했다. 김아름 한경닷컴 기자
머니투데이,041140,/news/news_read.nhn?article_id=0003936857&office_id=008&mode=search&query=넥슨지티&page=1,2017-09-18 16:24,넥슨지티&middot;넵튠 이어 넷게임즈&hellip;중소형 게임株 상한가랠리,"[머니투데이 김주현 기자] [코스닥 게임주 동반 급등세…신작 액스·배틀그라운드 흥행 배경] 코스닥 게임업체들의 주가가 연이어 상한가다. 지난주엔 넥슨지티와 넵튠이 상한가를 기록하더니 이번주엔 넷게임즈가 상승세를 이어갔다. 이밖에 게임빌, 룽투코리아, 와이제이엠게임즈 등 중소형 게임주들이 동반 상승세다. 18일 증시에서 넵튠은 전 거래일보다 13.96%(2450원) 오른 2만원에 마감했다. 직전 거래일에는 30% 오르며 상한가를 기록했다. 최근 2거래일 동안 일평균 거래량은 450만주를 넘는다. 넥슨지티는 지난 14, 15일 연이어 상한가를 기록, 단기 급등으로 투자주의 종목에 지정됐다. 이날 증시에선 단기 급등 피로감에 6.17% 하락했다. 지난 6월 스팩합병으로 상장한 넷게임즈는 이날 26.80% 급등했다. 게임빌과 룽투코리아, 와이제이엠게임즈도 11~14% 상승률을 보였다. 중소형 게임사들의 주가가 최근 급등은 배틀그라운드와 액스 등 신작 게임들의 흥행이 배경이다. 게임 개발사 블루홀이 만든 PC 온라인 게임 배틀그라운드는 전 세계적으로 인기를 끌고 있다. 배틀그라운드는 지난 16일 동시 접속자 수가 134만명을 돌파, PC게임 플랫폼 역대 동시 접속자 수 1위를 기록했다. 비상장사인 블루홀을 대신해 블루홀 지분을 2.4% 들고 있는 넵튠 주가 상승으로 이어졌다. 넥슨지티는 모바일게임 액스 흥행으로 주가가 급등했다. 지난 13일 국내 출시된 액스는 출시 이틀 만에 국내 구글플레이 매출 2위에 오르며 흥행에 성공했다. 이어 넷마블게임즈 '테라M', 펄어비스 '검은사막M' 등 하반기 신작 출시가 본격화될 전망이다. 아울러 지난 14일 대형게임사 펄어비스가 상장하면서 게임주 관심이 높아진 것도 한 몫했다는 평가다. 김동희 메리츠종금증권 연구원은 ""중소형 개발사도 좋은 게임을 만들어 출시하면 국내외에서 주목받을 수 있다는 기대감에 힘입어 코스닥 게임업체 주가가 동반 상승하는 것으로 보인다""고 분석했다. 그는 ""넷마블게임즈, 엔씨소프트 등 대형 게임주는 최근 2, 3개월동안 투자심리가 회복됐고, 그동안 부진했던 중소형 게임주도 재평가되면서 주가가 급등하고 있다""고 말했다. 다만 게임업체 주가가 단일 게임의 출시와 흥망에 큰 영향을 받는다는 점은 우려 요인이다. 한 게임 담당 애널리스트는 ""장기간 개발에 투자해 신작을 내놓았을 때 흥행하면 주가가 급등하지만, 그렇지 않을 경우 부진이 이어질 수 있다는 점을 주의해야 한다""고 조언했다."
이데일리,041140,/news/news_read.nhn?article_id=0003911841&office_id=018&mode=search&query=넥슨지티&page=1,2017-08-31 14:02,"넥슨지티, 중앙판교개발 인수",[이데일리 최정희 기자] 넥슨지티(041140)는 부동산업 및 임대업 등을 영위하는 중앙판교개발의 주식 8151만1037주를 288억3000만원에 취득해 경영권을 인수한다고 31일 밝혔다. 지분율은 99.90%로 높아진다. 회사 사옥 확보 및 임대수익 창출을 위한 것이다.
파이낸셜뉴스,041140,/news/news_read.nhn?article_id=0003866868&office_id=014&mode=search&query=넥슨지티&page=1,2017-08-31 10:47,"[fnRASSI]넥슨지티, 52주 신고가...5.83% &uarr;","넥슨지티(041140)는 52주신고가를 기록하고 있어 주목할만하다. 동종목의 현재 주가는 10,900원 선에서 이루어지고 있다. 거래일을 기준으로 최근 3일간 평균 거래량은 98만 주이다. 이는 60일 일 평균 거래량 13만 주와 비교해보면 최근 거래량이 급격히 늘어났다는 것을 알 수 있다. 외국인 보유량 감소, 기관 증가 (5일 누적) 최근 5일간 동종목의 외국인 투자자는 14,519주 순매도하였고 반면 기관은 93,458주 순매수하였다. 전날 두 주체 각각 2,550주, 93,458주 순매수하며 보유 비율을 늘렸다. 다음 표는 동종목의 외국인, 기관의 일별 순매수량을 나타낸 것이다. 기관/개인 순매수, 외국인은 순매도(한달누적)  8월28일부터 전일까지 기관이 3거래일 연속 순매수했다. 4주간을 기준으로 보면 기관이 초반에 동종목을 순매수한 이후에 기세를 이어가며 78,835주를 순매수했고, 개인들도 방향성있는 매매를 하면서 150,284주를 순매수했다. 반면 그 동안 외국인은 매도쪽으로 방향을 잡으면서 229,119주를 순매도했다. 'fnRASSI'는 증권전문 기업 씽크풀과 파이낸셜뉴스의 협업으로 로봇기자가 실시간으로 생산하는 기사입니다."
매일경제,041140,/news/news_read.nhn?article_id=0004005868&office_id=009&mode=search&query=넥슨지티&page=1,2017-08-31 10:19,"[게임스톡] 진격의 넵튠과 넥슨지티, 상승세 지속","2분기 실적 부진에도 주가는 상승세를 지속하고 있는 게임주가 눈길을 끈다. 넵튠(대표 정욱)과 넥슨지티(대표 김정준)가 주인공이다. 두 회사 모두 2분기 실적은 부진했지만 각각 투자 가치 상승 부각과 신작 출시 기대감이 작용하며 최근 상승흐름이 지속되는 모습이다. 31일 오전 10시 현재 넵튠은 전거래일 대비 4.88% 오는 1만750원에 거래되고 있다. 넥슨지티도 6.31% 오른 1만950원에 거래 중이다. 넵튠의 경우 지난 23일부터 상승세가 지속되는 상황이다. 23일부터 30일까지 6거래일 동안 22.16% 올랐다. 넥슨지티는 상승폭이 더 크다. 지난 17일부터 전일까지 10거래일 동안 38.25% 상승했다. 두 회사는 모두 상반기 실적이 부진했다. 넵튠은 1분기 매출 56억원, 영업손실 9억 원에 이어 지난 2분기에는 매출 49억원, 영업손실 25억원을 기록하며 매출은 줄고 영업손실은 커졌다. 넥슨지티도 1분기 매출 111억원, 영업손실 19억원에서 2분기에는 매출 85억원, 영업손실 35억원을 기록했다. 넵튠의 경우 올해 초 약 50억원을 투자해 확보한 게임제작사 블루홀 지분 가치가 부각되며 상승흐름을 이어가는 모습이다. 블루홀은 슈팅게임 ‘배틀그라운드’의 제작사로 최근 이 게임은 미국 밸브의 PC게임 유통 플랫폼 ‘스팀’에서 최고 동시접속자 87만명을 돌파하는 등 인기를 끌고 있다. 이에 블루홀은 장외시장에서 50만 원 이상에 거래되고 있다. 넵튠이 보유한 블루홀 주식은 16만6666주로 약 반년만에 지분가치가 750억원 이상 증가했다. 넥슨지티는 9월 14일 출시되는 모바일 MMORPG ‘액스’에 대한 기대감이 작용하고 있다. 사전예약자가 70만명을 돌파하는 등 높은 이용자 관심을 받으면서 흥행 가능성이 높게 점쳐지고 있는 상황이다. 최근 ‘리니지2 레볼루션’과 ‘리니지M’의 흥행으로 모바일 MMORPG에 대한 기대감도 높아진 것도 영향을 주는 모습이다. 한편 이날 미투온과 파티게임즈도 5% 이상 오르며 상승세를 보이고 있다."
서울경제,041140,/news/news_read.nhn?article_id=0002828651&office_id=011&mode=search&query=넥슨지티&page=1,2016-05-12 14:04,"넥슨지티, 모바일게임 개발사 웰게임즈 자회사로 편입",넥슨지티(041140)는 12일 모바일게임 ‘스페셜 솔져’ 개발사 ‘웰게임즈’의 지분 전량을 201억 원에 인수해 자회사로 편입한다고 공시했다. 웰게임즈는 지난 2014년에 설립된 모바일 게임 개발사로 모바일 1인칭 슈팅 게임 스페셜 솔져가 현재 구글 플레이 상위권에서 인기를 얻고 있다.
이데일리,041140,/news/news_read.nhn?article_id=0003933088&office_id=018&mode=search&query=넥슨지티&page=1,2017-09-27 07:55,"넥슨지티, &lsquo;액스&rsquo; 흥행효과로 매출 3배 증가할 전망-하이",[이데일리 오희나 기자] 하이투자증권은 27일 넥슨지티(041140)에 대해 모바일 게임 ‘액스’ 흥행 효과로 매출액이 3배 이상 증가할 것이라고 분석했다. 투자의견과 목표주가는 제시하지 않았다. 김민정 하이투자증권 연구원은 “지난 14일 출시된 모바일게임 ‘액스’는 넥슨지티의 100% 자회사 넥슨레드가 개발한 모바일 MMORPG로 일매출 10억원 수준을 기록하고 있다”며 “대형 IP기반의 MMORPG가 독식하고 있는 모바일 게임시장에서 중소형 업체가 유명 IP없이 개발한 게임이 흥행에 성공했다는 점에서 고무적“이라고 말했다. 김 연구원은 “액스의 일매출액은 10억원 수준으로 퍼블리셔와의 수익배분을 5대 5로 가정했을 경우 넥슨지티가 인식하는 연간 매출액은 1278억원이다”라며 “지난해 전체 매출액이 597억원이었음을 감안하면 액스 게임으로 매출이 3배 증가하는 효과가 발생한다”고 분석했다. 넷마블게임즈와 엔씨소프트가 모바일게임에서 큰 성과를 거둔 반면 넥슨은 그동안 ‘히트’외에 성과를 내지 못했다면서 액스를 통해 모바일 게임 사업을 본격적으로 드라이브 걸 것으로 예상했다. 김 연구원은 “퍼블리셔인 넥슨은 액스의 흥행을 위해 마케팅 투자를 강화하고 거래소 탑재 및 공성전 업데이트 계획을 갖고 있어 추가적인 매출 창출 또한 가능할 것”이라며 “넥슨지티는 마케팅 비용을 부담하지 않아 액스의 매출이 증가할수록 수익성이 개선된다”고 분석했다. 김 연구원은 또 “최근 넥슨레드에서 개발한 온라인 FPS게임 ‘포인트 블랭크:스트라이크’를 필리핀 시장에 소프트 론칭해 동남아시아로 서비스를 확대할 예정”이라며 “동남아 시장에서 인지도가 높은 스페셜솔져의 시스템과 제페토의 온라인게임 ‘포인트 블랭크’의 게임 리소스가 적용돼 현지화된 게임”이라고 말했다. 이어 “내년 출시 예정인 FPS게임 ‘타이탄폴온라인’도 EA의 콘솔 히트작 IP를 활용한 게임으로 소기의 성과를 거둘 것”이라고 전망했다.
이데일리,041140,/news/news_read.nhn?article_id=0004029644&office_id=018&mode=search&query=넥슨지티&page=1,2018-02-07 18:57,"넥슨지티, 지난해 매출 493억&hellip;영업손실 23억","- 작년 9월 액스 출시 후 흑자전환 [이데일리 조용석 기자] 넥슨지티(041140)는 연결 재무제표 기준 지난해 매출액 493억원을 기록해 전년 대비 19.5% 감소했다고 7일 공시했다. 회사는 지난해 영업손실 23억원을 내 전년(영업이익 178억원) 대비 적자 전환했다. 또 당기순손실은 132억원으로 역시 전년 대비 적자 전환했다. 다만 지난해 9월 출시한 모바일 MMORPG ‘액스(AxE)’ 출시 후 매출 및 영업이익이 지속적으로 증가하는 추세다. 지난해 2분기 매출은 85억원에 그쳤지만, 액스 출시 이후인 같은 해 3분기 매출은 133억원으로 올라섰고 4분기 매출은 163억원으로 더 증가했다. 또 3분기부터는 2분기까지 영업 손실을 딛고 흑자 전환했다. 넥슨지티 관계자는 “올해 자회사 넥슨레드가 액스 해외 진출을 준비중이며, 신작도 공개할 예정”이라며 “넥슨지티는 신작 온라인 FPS게임 ‘타이탄폴 온라인’도 개발 중”이라고 설명했다."
머니투데이,041140,/news/news_read.nhn?article_id=0003720018&office_id=008&mode=search&query=넥슨지티&page=1,2016-08-01 09:21,"[특징주]넥슨지티,'서든어택2' 서비스 종료에 급락",[머니투데이 김평화 기자] 넥슨지티가 급락세다. '서든어택2' 서비스를 종료한다는 소식에 따른 것으로 풀이된다. 1일 오전 9시20분 현재 넥슨지티는 전 거래일 대비 11.4% 내린 8860원에 거래되고 있다. 지난달 29일 넥슨은 온라인 게임 서든어택 2의 서비스를 9월29일부로 종료한다고 밝혔다. 이에 따라 넥슨지티는 넥슨코리아와 맺은 서든어택2의 공동 사업계약을 해지했다. 또 이날 한국거래소는 공급계약 금액 50% 이상 변경을 이유로 넥슨지티에 불성실공시법인지정을 예고했다. 불성실공시법인지정여부 결정시한은 오는 8월24일이다. textlinktopstart textlinktopend textlinkstart
뉴시스,041140,/news/news_read.nhn?article_id=0007381924&office_id=003&mode=search&query=넥슨지티&page=1,2016-08-01 09:23,"[특징주]넥슨지티, '서든어택2' 공동 사업계약 해지&hellip; '하락세'","【서울=뉴시스】최예린 기자 = 온라인·모바일 게임 소프트웨어 개발·공급업체 넥슨지티(041140)가 넥슨코리아와의 공동 사업 계약 해지 소식에 1일 장 초반부터 하락세다. 이날 오전 9시13분 현재 넥슨지티는 전 거래일보다 10.10% 내린 8990원에 거래되고 있다. 앞서 지난달 29일 넥슨지티는 공시를 통해 넥슨코리아와 체결한 '서든어택2' 공동 사업계약이 해지됐다고 밝혔다. 해지 사유는 사업 타당성 재검토에 따른 양사 합의 해지이며, 해지금액은 188억2192만원 규모로 최근 매출액의 31.30%에 해당한다."
매일경제,041140,/news/news_read.nhn?article_id=0003730689&office_id=009&mode=search&query=넥슨지티&page=1,2016-05-12 18:45,"넥슨지티, 모바일 FPS게임 `스페셜솔져` 확보&hellip;웰게임즈 201억에 `인수`","넥슨지티가 모바일게임업체 웰게임즈의 지분 100%를 201억 원에 인수한다. 웰게임즈는 모바일 FPS게임 ‘스페셜솔져’의 개발사로 넥슨지티는 ‘서든어택’을 포함해 PC온라인과 모바일을 아우르는 FPS 라인업을 확보하게 됐다. 웰게임즈가 개발한 모바일게임 ‘스페셜솔져’는 구글 플레이 매출 순위 26위에 올라있는 작품이다. 모바일에서는 드물게 FPS 장르이면서도 흥행 몰이하고 있다. 이에 힘입어 웰게임즈는 지난해에는 매출 19.7억 원, 당기순이익 10.4억 원을 기록했으나 올해 1분기에는 매출 24.7억 원, 당기순이익 17,6억 원으로 성장세를 보이고 있다. 이번 인수로 넥슨지티는 기존 PC온라인 FPS게임 ‘서든어택’에 이어 모바일 FPS게임 '스페셜솔져‘까지 아우르는 국내 대표 FPS게임 제작사로 자리매김할 전망이다. 넥슨지티는 이외에도 ’서든어택2‘, ’타이탄폴온라인‘ 등의 신작 FPS게임을 제작하며 FPS게임 서비스 플랫폼 구조를 만들 방침이다. 넥슨지티 김정준 대표는 “웰게임즈는 역량 있는 개발자들이 탄탄한 팀워크로 높은 성과를 거두고 있는 강소기업”이라며 “FPS게임 DNA를 공유하고 있는 양사가 시너지를 낼 수 있을 것”이라고 기대했다. 웰게임즈 강병주 대표는 “온라인은 물론 모바일 게임 개발력과 노하우도 보유한 넥슨지티와 힘을 합쳐 유저들이 더욱 즐겁게 플레이할 수 있는 게임을 만들도록 노력하겠다”고 말했다. 한편 웰게임즈가 개발 및 서비스하고 있는 ‘스페셜솔져’는 하반기 iOS버전으로도 출시될 예정이다."
연합뉴스,041140,/news/news_read.nhn?article_id=0008602337&office_id=001&mode=search&query=넥슨지티&page=1,2016-08-10 15:21,넥슨지티 상반기 영업익 119억원&hellip;작년대비 20.4%&darr;,"넥슨지티(GT) 로고 [넥슨지티 제공] (서울=연합뉴스) 김예나 기자 = 1인칭 총격 게임(FPS) '서든어택'으로 잘 알려진 게임업체 넥슨지티는 올해 상반기 실적이 크게 부진했다. 넥슨지티는 상반기 매출액이 334억원으로 8.4%,, 영억이익은 119억원으로 20.4% 급감했다고 10일 밝혔다. 같은 기간 순이익은 86억원으로 37.5% 추락했으며 영업이익률은 35.8%로 집계됐다. 이번 상반기 실적에는 지난 5월 인수한 웰게임즈의 매출도 함께 반영됐다. 주력 온라인 게임 '서든어택'을 비롯해 '스페셜 솔져', '슈퍼판타지워' 등이 실적을 이끌었다. 넥슨지티는 ""FPS 게임 '타이탄폴(Titanfall)'의 온라인 버전을 개발하고 있으며 연내 모바일 다중 접속 역할수행게임(MMORPG) 신작 1종을 출시할 예정""이라고 말했다."
파이낸셜뉴스,041140,/news/news_read.nhn?article_id=0003875224&office_id=014&mode=search&query=넥슨지티&page=1,2017-09-15 15:33,"[fnRASSI]넵튠,넥슨지티 등 40종목 52주 신고가 경신","15일 넵튠(217270), 넥슨지티(041140), 우리기술투자(041190), 인지컨트롤스(023800), 펄어비스(263750), 아이진(185490)등이 장중 52주 신고가를 경신했다. 특히 넵튠은 전 거래일 대비 30% 오른 17,550원에 거래를 마감하며 높은 관심을 받았다. 이외에 SKC는 41850원까지 올라 신고가를 경신했으나, 전일보다 오히려 하락한 41,250원에 거래를 마감했다. 'fnRASSI'는 증권전문 기업 씽크풀과 파이낸셜뉴스의 협업으로 로봇기자가 실시간으로 생산하는 기사입니다."
매일경제,041140,/news/news_read.nhn?article_id=0003716867&office_id=009&mode=search&query=넥슨지티&page=1,2016-04-19 10:37,기대감 높아지는 &lsquo;서든어택2&rsquo;&hellip;개발사 넥슨지티 주가도 &lsquo;상승&rsquo;,"넥슨지티가 개발한 신작 온라인 슈팅게임 ‘서든어택2’의 기대감이 높아지고 있다. 지난 14일부터 시작된 비공개 테스트에 나흘 동안 23만8000명이 참여하는 등 호응이 이어지고 있기 때문이다. 19일 넥슨에 따르면 지난 14일부터 시작된 ‘서든어택2’의 비공개 테스트의 누적 참여자 수가 총 23만 8000명(14일~17일까지 집계)에 이른다. 하루가 더 지난 현재는 참여자수가 더욱 늘었을 것으로 예상된다. 특히 지난 주말에는 비공개 테스트임에도 불구하고 최고 동시접속자수가 3만 6000명에 이르는 등 호응을 얻었다. 최근 이용자 모집이 어려운 PC온라인게임 시장 환경을 고려하면 이용자들의 기대감과 참여율이 매운 큰 것으로 풀이된다. 실제 전국 넥슨가맹 PC방 1만 여곳 중 90% 이상에서 ‘서든어택2’를 플레이한 것으로 나타나기도 했다. ‘서든어택2’는 한국을 대표하는 PC온라인 슈팅게임 ‘서든어택’의 후속작으로 높은 관심을 받아왔다. ‘서든어택’은 106주 연속 PC방 점유율 1위, 최고동시접속자수 35만 명 등 국민 FPS게임이라 불릴 정도로 높은 인기를 끌었다. 현재도 부동의 PC방 인기 순위 2위를 기록하며 호응을 얻고 있다. 이에 ‘서든어택2’도 비공개 테스터 모집에 19만 명이 몰리는 등 화제를 뿌리기도 했다. ‘서든어택2’의 비공개 테스트가 좋은 반응을 얻어내면서 개발사 넥슨지티의 주가도 상승 흐름을 보이고 있다. 넥슨지티는 지난 15일과 18일 이틀간은 약세를 기록했으나 19일은 2.05% 오른 상황이다."
스포츠동아,041140,/news/news_read.nhn?article_id=0000605544&office_id=382&mode=search&query=넥슨지티&page=1,2017-11-08 16:30,[부고] 이수현(넥슨지티 홍보실장)씨 부친상,"▲ 이장덕씨 별세, 이해영(나루고등학교 교사), 용현(효성 현장소장), 수현(넥슨지티 홍보실장)씨 부친상, 김민환(삼성SDI 수석)씨 장인상, 김소영(경기도청 주무관)씨 시부상 7일 오후 10시, 대구 계산성당 연도3실(대구 중구 서성로 10), 발인 9일 오전 8시 40분, 053-256-2046 [스포츠동아]"
파이낸셜뉴스,041140,/news/news_read.nhn?article_id=0003864710&office_id=014&mode=search&query=넥슨지티&page=1,2017-08-28 10:32,"[fnRASSI]넥슨지티, 5.92% 오르며 거래량 증가","넥슨지티는 투자자들의 관심으로 현재 거래량이 최근 5거래일 거래량의 최고치를 넘어섰다. 그리고 넥슨지티는 8일 연속 상승흐름을 보이며, 10시 30분 현재 5.92% 증가한 9,120원에 거래중이다. 외국인과 기관은 순매도, 개인은 순매수(한달누적)  8월17일부터 전일까지 기관이 7거래일 연속 동종목을 내다 팔았다. 4주간을 기준으로 보면 외국인이 매도 관점으로 접근하면서 246,326주를 순매도했고, 기관도 매도 우위로 반전되면서 44,782주를 순매도했지만, 개인은 오히려 초반에 동종목을 순매수한 이후에 기세를 이어가며 291,108주를 순매수했다. 거래비중은 개인투자자가 가장 높아 최근 한달간 주체별 거래비중을 살펴보면 개인이 89.3%, 외국인이 8.83%, 기관은 1.85%를 기록했다. 그리고 최근 5일간 거래비중은 개인이 89.36%로 가장 높은 참여율을 보였고, 외국인이 8.57%를 보였으며 기관은 2.06%를 나타냈다. 'fnRASSI'는 증권전문 기업 씽크풀과 파이낸셜뉴스의 협업으로 로봇기자가 실시간으로 생산하는 기사입니다."
전자신문,041140,/news/news_read.nhn?article_id=0002655685&office_id=030&mode=search&query=넥슨지티&page=1,2017-11-08 17:22,[ET투자뉴스][넥슨지티 지분 변동] (주)넥슨코리아 외 3명 -0.01%p 감소...,"넥슨지티(041140)는 08일 최대주주 (주)넥슨코리아를  비롯한 특별관계자의 보유주식이 감소되었다고 발표했다. 이는 직전 보고일보다 4,745주 감소하여 지분율은 63.22%로 하락했다. 이번 보고 사유는 특별관계자변동으로  알려졌다.   최대주주와 특수관계자의 지분 변동은 주가에 영향을 주는 요인이다. 특히 보유비율을 지속적으로 늘리거나 줄일 경우, 해당종목 투자시 유의할 필요가 있다.  다음은 넥슨지티의 지분 변동 내역과 보유 내역이다."
매일경제,041140,/news/news_read.nhn?article_id=0003662088&office_id=009&mode=search&query=넥슨지티&page=1,2016-01-11 15:44,"넥슨지티, 지난해 영업이익 201억원&hellip;전년比 2.0%&darr;","넥슨지티는 지난해 영업이익이 201억4664만원을 기록해 전년 대비 2.0% 감소했다고 11일 공시했다. 같은 기간 매출액은 601억2492만원으로 5.0% 줄었으나, 당기순이익은 178억7768만원을 기록해 84.3% 늘어났다. [디지털뉴스국 김경택 기자] r_start // r_end // [ⓒ 매일경제 & mk.co.kr, 무단전재 및 재배포 금지] 매일경제 관련뉴스해당 언론사에서 선정하며 언론사 페이지(아웃링크)로 이동해 볼 수 있습니다.섹시 치어리더, 격한 안무에 속바지가 그만…""속살 보이는 과감한 턴? 헉""김정은이 가장 두려워하는 B-52…폭격땐 평양 사라져MLB.com ""오승환, STL에서 셋업맨 가능성 있다""'마약왕' 구스만 갇힌 교도소에 탱크 동원…왜?한채영, 전신 시스루 드레스 입고 육감적인 포즈…""가슴이 흘러넘쳐"" 대박"
파이낸셜뉴스,041140,/news/news_read.nhn?article_id=0003861047&office_id=014&mode=search&query=넥슨지티&page=1,2017-08-21 09:33,"[fnRASSI]넥슨지티, 4.48% 오르며 거래량 증가","넥슨지티(041140)는 당일 거래량 증가로 최근 5거래일 거래량의 최고치를 넘어섰다. 그리고 넥슨지티는 3일 연속 상승흐름을 보이며, 9시 31분 현재 4.48% 증가한 8,390원에 거래중이다.                   지표               항목               값               종합점수                 성장성               매출액증가율               -0.17               2.9                 자기자본증가율               -0.02                 안정성               부채비율               4.35               9.17                 유동비율               2552.41                 이익안정성               8.33                 수익성               ROA               2.04               3.52                 ROE               2.13                 영업이익율               0.86          넥슨지티의 퀀트 재무 점수는 15.59점으로 지난 분기에 비해 성장성 점수가 하락했다. 이는 매출액 증가율과 자기자본 증가율이 감소하였기 때문이다. 실적 안정성이 악화되어 안정성 종합 점수는 하락했다. 수익성 측면에서 볼때 ROA, ROE, 영업이익률 모두 하락하여 이전보다 낮은 점수를 받았다. 외국인 보유량 감소, 기관 증가 (5일 누적) 최근 5일간 동종목의 외국인 투자자는 23,760주 순매도하였고 반면 기관은 982주 순매수하였다. 전날 두 주체 각각 81,312주, 982주 순매도하며 보유 비율을 줄였다. 다음 표는 동종목의 외국인, 기관의 일별 순매수량을 나타낸 것이다. 'fnRASSI'는 증권전문 기업 씽크풀과 파이낸셜뉴스의 협업으로 로봇기자가 실시간으로 생산하는 기사입니다."
아시아경제,041140,/news/news_read.nhn?article_id=0003814173&office_id=277&mode=search&query=넥슨지티&page=1,2016-08-24 17:56,"넥슨지티, 불성실공시법인 지정",[아시아경제 송화정 기자]넥슨지티는 24일 한국거래소 코스닥시장본부로부터 단일판매 ·공급계약금액 50% 이상 변경 등 공시변경으로 불성실공시법인에 지정됐다. 이에 코스닥시장본부는 넥슨지티에 공시위반제재금 800만원을 부과했다.
매일경제,041140,/news/news_read.nhn?article_id=0004036718&office_id=009&mode=search&query=넥슨지티&page=1,2017-10-26 11:24,"넥슨지티, 모바일 FPS &lsquo;포인트블랭크:스트라이크&rsquo; 동남아 출시","넥슨지티(대표 김정준)는 모바일 FPS게임 ‘포인트 블랭크: 스트라이크’를 26일 인도네시아, 대만 등 동남아시아 구글플레이 스토어와 애플 앱스토어에 정식 출시했다. 태국은 11월 2일 출시될 예정이다. ‘포인트 블랭크: 스트라이크’는 모바일 FPS게임 ‘스페셜솔져’에 ‘포인트 블랭크’ IP를 접목한 버전이다. 동남아시아 현지에서 지난 8월부터 실시한 사전예약에는 170만명 이상이 몰리기도 했다. ‘포인트 블랭크’는 제페토(대표 김지인)가 개발한 동남아시아 최고 인기 PC 온라인 게임이다. ‘스페셜솔져’는 4대 4 정통 PvP(Player VS Player)의 재미를 앞세워 다운로드 400만을 돌파한 국내 대표 모바일 FPS게임이다."
파이낸셜뉴스,041140,/news/news_read.nhn?article_id=0004068739&office_id=014&mode=search&query=넥슨지티&page=1,2018-08-02 09:27,"[fnRASSI]넥슨지티, 5.86% 오르며 거래량 증가","넥슨지티(041140)는 당일 거래량 증가로 최근 5거래일 거래량의 최고치를 넘어섰다. 그리고 넥슨지티는 3일 연속 상승흐름을 보이며, 9시 21분 현재 5.86% 증가한 8,490원에 거래중이다. 외국인, 기관 모두 보유량 증가 (5일 누적) 최근 5일간 동종목의 외국인 투자자는 45,503주 순매수하였고 마찬가지로 기관은 1,958주 순매수하였다. 전날 두 주체 각각 16,402주, 1,958주 순매수하며 보유 비율을 늘렸다. 다음 표는 동종목의 외국인, 기관의 일별 순매수량을 나타낸 것이다.                   지표               항목               값               종합점수                 성장성               매출액증가율               -0.1               2.47                 자기자본증가율               -0.11                 안정성               부채비율               39.54               8.89                 유동비율               227.87                 이익안정성               7.78                 수익성               ROA               -8.95               1.14                 ROE               -12.49                 영업이익율               -8.71          넥슨지티의 퀀트 재무 점수는 12.5점으로 지난 분기에 비해 성장성 점수가 상승했다. 이는 매출액 증가율이 증가하였기 때문이다. 안정성 종합 점수는 부채비율 증가, 유동비율 감소, 그리고 실적 안정성 감소가 원인이 되어 하락했다. 수익성 측면에서 볼때 ROA, ROE, 영업이익률 모두 하락하여 이전보다 낮은 점수를 받았다. 'fnRASSI'는 증권전문 기업 씽크풀과 파이낸셜뉴스의 협업으로 로봇기자가 실시간으로 생산하는 기사입니다."
매일경제,041140,/news/news_read.nhn?article_id=0003995434&office_id=009&mode=search&query=넥슨지티&page=1,2017-08-12 10:06,"넥슨지티, 2Q 영업손실 35억&hellip;&lsquo;전년比 적자전환&rsquo;",넥슨지티(대표 김정준)는 지난 2분기에 연결기준 영업손실 35억 원을 기록하며 전년동기 대비 적자전환했다. 매출은 85억 원으로 전년동기 대비 36% 줄었고 당기순손실 27억 원이 발생했다. 전분기 대비로는 매출이 23.44% 감소하고 적자폭은 커졌다. 넥슨지티는 자회사 넥슨레드가 제작한 모바일게임 ‘액스’를 하반기 국내 시장에 출시할 예정이며 ‘포인트블랭크: 스트라이크’를 동남아 시장에 선보일 계획이다. 이외 유명 슈팅게임 ‘타이탄폴’의 온라인버전도 자체 개발 중이다.
이데일리,041140,/news/news_read.nhn?article_id=0003616202&office_id=018&mode=search&query=넥슨지티&page=1,2016-08-24 17:52,"거래소, 넥슨지티 불성실 공시법인 지정",[이데일리 임성영 기자] 한국거래소 코스닥시장 본부는 넥슨지티(041140)에 대해 공시 변경을 사유로 불성실 공시 법인으로 지정한다고 24일 공시했다. 공시 위반 제재금은 800만원이다.
헤럴드경제,041140,/news/news_read.nhn?article_id=0001291752&office_id=016&mode=search&query=넥슨지티&page=1,2017-09-18 08:56,넥슨지티 효과에 중소형 게임社도 &lsquo;기대만발&rsquo;,"- “하반기 블록버스터 기대” [헤럴드경제=김지헌 기자] 넥슨지티의 모바일 게임 ‘액스’ 흥행 덕분에 그동안 시장의 관심을 크게 받지 못했던 중소형 게임사들의 하반기 실적 상승 기대감이 커지고 있다. 18일 업계에 따르면 넥슨지티는 지난 13일 모바일게임 ‘액스’ 출시 이후 애플 앱스토어 최고 매출 1위, 구글플레이 최고 매출 2위를 기록하는 등 기대 이상의 성적을 기록했다. 앱장터 매출 1위 게임은 일반적으로 일 매출 10억원을 넘기는 규모인 것으로 업계에선 평가한다. 유명 온라인게임 ‘서든어택’ 개발사인 넥슨지티는 지속적으로 모바일게임사로 변신을 시도했다. 그러나 지난 2015년 시장에 내놓은 모바일 ‘슈퍼판타지워’가 흥행 롱런에 실패하고, 이듬해 2분기 내놓은 서든어택의 후속작 ‘서든어택2’가 서비스를 종료하면서 실적이 주춤한 바 있다. [사진=유진투자증권] 업계 관계자는 “‘액스’는 모바일 게임사로 변신하는 넥슨지티의 중요한 분기점이 될 것”이라며 “올해 넥슨 내부 개발작으로 최고의 성적을 거뒀기 때문”이라고 밝혔다. 이에 따라 중소형 코스닥 상장사들의 대작 기대감이 커지고 있다. 게임빌은 2년 넘게 100여명을 투입해 만든 ‘로열블러드’를 오는 4분기에 출시할 예정이다. 액션스퀘어는 기존에 1400억원의 매출을 올린 바 있는 ‘블레이드’의 후속작 ‘블레이드2’를 개발해 내놓을 예정이다. 선데이토즈 역시 글로벌 지적재산권(IP)으로 제작한 퍼즐게임 2종을 4분기에 출시한다. 정호윤 유진투자증권 연구원은 “중소형사들이 최근 다작이 아닌 1~2개의 대작 개발에 집중하는 쪽으로 개발 전략을 바꾸고 있다”며 “모바일 대작 개발에 시간을 쏟아부은 1~2년 동안 신작을 내놓지 못해 그동안 매출이 상승하지 못했던 업체들이 재평가될 것”이라고 밝혔다."
뉴시스,041140,/news/news_read.nhn?article_id=0006978616&office_id=003&mode=search&query=넥슨지티&page=1,2016-01-11 16:18,넥슨지티 2015년 영업이익 201억원,"【서울=뉴시스】 장윤희 기자 = 넥슨지티가 2015년 실적 잠정 집계 결과 매출액 601억원, 영업이익 201억원, 당기순이익 179억원을 기록했다고 11일 밝혔다. 매출액과 영업이익은 전년 대비 각각 5%, 2% 줄어 들었고 당기순이익은 84.3% 증가했다. 넥슨지티는 매출액과 영업이익 감소가 '데카론' 지식재산권(IP) 매각과 '바람의나라' '테일즈위버' 등 클래식RPG 공동 서비스 계약 종료에 따른 것이라고 설명했다. 주력 온라인 게임 '서든어택'은 전체 실적을 이끌었으며 지난해 11월 출시한 모바일 게임 '슈퍼판타지워'(Fantasy War Tactics)도 매출에 힘을 보탰다."
전자신문,041140,/news/news_read.nhn?article_id=0002728875&office_id=030&mode=search&query=넥슨지티&page=1,2018-08-01 08:41,"[ET투자뉴스]넥슨지티, &quot;타이탄폴 온라인 개&hellip;&quot; HOLD(유지)-KB증권","KB증권에서 31일 넥슨지티(041140)에 대해 ""타이탄폴 온라인 개발 중단에 따른 신작공백 지속""라며 투자의견을 'HOLD(유지)'로 제시하였고, 아울러 목표주가로는 8,500원을 내놓았다. KB증권 이동륜, 손정훈 애널리스트가 동종목에 대하여 이번에 제시한 'HOLD(유지)'의견은 KB증권의 직전 매매의견에서 큰 변화없이 그대로 유지되는 것이고  올해 초반의 매매의견을 기준으로  볼때도 역시 '중립'의견이 계속 유지되고 있는 상태이다. 그리고 최근 분기내 발표된 전체 증권사 리포트의 컨센서스와 비교를 해볼 경우에 오늘 발표된 투자의견은 전체의견에 수렴하고 있어, 이번 의견은 시장의 평균적인 기대감이 객관적으로 표현된 것으로 분석되고 있다. 목표주가의 추이를 살펴보면 최근 두차례 연속 하향조정되다가 이번에는 직전 목표가와 동일한 수준을 유지하는 모습이다. 또한 전일 종가 기준으로 볼때 동종목의 현주가는 이번에 제시된 목표가 대비 8.3%의 저평가 요인이 존재한다는 해석이 제시되고 있다."
서울경제,041140,/news/news_read.nhn?article_id=0002877472&office_id=011&mode=search&query=넥슨지티&page=1,2016-08-24 17:46,"한국거래소, 넥슨지티 불성실공시법인으로 지정",한국거래소는 넥슨지티(041140)에 대해 불성실공시법인으로 지정했다고 24일 공시했다. 거래소는 넥슨지티가 지난달 2일 단일판매·공급계약 금액의 50% 이상을 변경해 공시했다며 이같이 밝혔다. 넥슨지티는 공시위반제재금 800만원을 불성실공시법인 부과통지일로부터 1개월 이내 내야 한다.
머니투데이,041140,/news/news_read.nhn?article_id=0003731579&office_id=008&mode=search&query=넥슨지티&page=1,2016-08-24 17:55,"한국거래소, 넥슨지티 불성실공시 법인 지정",[머니투데이 이원광 기자] 한국거래소가 단일판매·공급계약 금액 중 100분의 50 이상을 변경해 공시했다는 이유로 넥슨지티를 불성실공시 법인으로 24일 지정했다. 공시 위반 제재금은 800만원이다. textlinktopstart textlinktopend textlinkstart
한국경제TV,041140,/news/news_read.nhn?article_id=0000578700&office_id=215&mode=search&query=넥슨지티&page=1,2017-10-23 16:51,[국고처 장동우] 종목상담 - 넥슨지티(041140),[한국경제TV 류장현 PD] [국고처 장동우] 종목상담 - 넥슨지티(041140) 10월 21일 방송된 `국민주식고충처리반`에 출연한 장동우 파트너가 넥슨지티(041140)에 대한 시세와 전망을 이야기하고 있다.
아시아경제,041140,/news/news_read.nhn?article_id=0003664064&office_id=277&mode=search&query=넥슨지티&page=1,2016-01-11 15:43,"넥슨지티, 작년 영업익 201억원&hellip;전년比 2%&darr;","[아시아경제 최동현 기자] 넥슨지티는 지난해 영업이익이 201억4663만5761원으로 전년 대비 2% 줄었다고 11일 공시했다. 같은 기간 매출은 601억2491만5882원으로 전년 대비 5% 감소했다. 당기순이익은 178억7768만2933원으로 84.3% 증가했다. 회사 측은 ""법인세비용 감소로 당기순이익이 증가했다""고 설명했다."
매일경제,041140,/news/news_read.nhn?article_id=0004004300&office_id=009&mode=search&query=넥슨지티&page=1,2017-08-29 08:32,"넥슨지티, 신작 &lsquo;액스&rsquo; 사전예약 70만&hellip;기대감에 주가도 &lsquo;쑥쑥&rsquo;",넥슨지티(대표 김정준)가 신작 모바일게임 ‘액스’에 대한 기대감에 8거래일 연속 상승세를 이어갔다. 특히 흥행을 가늠하는 주요 지표인 사전예약자 숫자가 단기간에 50만 명 이상으로 집계되면서 주가에 큰 영향을 미친 것으로 보인다. 현재 이 게임의 사전예약자는 70만 명에 달하는 상황이다. 28일 넥슨지티는 전거래일 대비 7.32% 오른 9240원에 장을 마감했다. 지난 17일 이후 8거래일 연속 상승세다. 이 기간 상승률은 24%다. 이날 거래량도 지난 1월 이후 이후 최고치를 기록했다. 넥슨지티의 상승세는 내달 14일 정식 출시되는 모바일 MMORPG ‘액스’에 대한 기대감 때문으로 풀이된다. 이 게임은 넥슨지티의 자회사 넥슨레드가 개발한 작품으로 넥슨을 통해 서비스될 예정이다. 넥슨지티의 상승세가 시작된 지난 17일은 ‘액스’ 발표회가 개최된바 있다. 특히 이 게임의 사전예약자는 지난주 50만 명에 이어 현재 70만 명에 달하는 것으로 파악된다. 이는 현재 구글 플레이 매출 순위 5위에 자리한 ‘다크어벤저3’의 사전예약자 모집 기록을 상회하는 결과다. ‘다크어벤저3’는 100만 명을 모으는데 약 5주가 소요됐다. ‘액스’의 서비스사인 넥슨이 출시한 모바일게임 중 사전예약자 모집 속도가 가장 빠른 것으로 알려졌다. 최근에는 공식 카페 회원수도 10만 명을 넘었다. ‘다크어벤저3’의 공식 카페 회원수는 오픈 직전 3만 명 수준이었다. ‘액스’가 ‘다크어벤저3’와 유사한 수준인 모바일 앱 마켓 매출 순위 5위권을 유지한다면 보수적으로 접근해도 최소 월 50억 원 이상의 매출이 가능하다는 평가도 나온다. 현재 매출 순위 3~5위까지의 게임의 경우 일반적으로 주 20억 원 수준의 매출이 가능한 것으로 알려졌다. 이와관련 업계 한 관계자는 “3~5위 내에의 모바일게임의 일평균 매출은 2~3억 원 정도로 평가 받는다”며 “최소 50~60억 원에서 최대 100억 원도 가능한 수준”이라고 설명했다. 한편 ‘액스’는 ‘연합국’과 ‘신성제국’의 대립을 그린 모바일 MMORPG로 양대 진영의 대규모 전투 및 진영전을 핵심으로 내세운 작품이다.
서울경제,041140,/news/news_read.nhn?article_id=0003371283&office_id=011&mode=search&query=넥슨지티&page=1,2018-08-14 11:17,"&lt;코&gt;넥슨지티, 장중 신저가 기록.. 7,350&rarr;7,300(▼50)","[서울경제] 오전 11시 17분 현재 넥슨지티(041140) 가 1.88% 내린 7,300원(▼140)을 기록하며, 52주 신저가를 -50원 경신했다. 기존 52주 최저가는 2017년 08월 16일 기록한 7,350원이다. 체결강도는 84%로 강세 반전했다. 총매수체결량은 42,587주, 총매도체결량은 50,745주를 각각 기록했다.  (※ 체결강도(%) = (총매수체결량/총매도체결량)*100) 이 시각 현재 거래대금은 7억3,814만, 거래량은 10만1주를 기록하고 있으며, 수급측면으로는 54(매도):46(매수)의 매도우위를 보이고 있다. 거래일을 기준으로 최근 3일간 평균 거래량은 1십4만3천주, 60일 평균 거래량 1십9만4천주로 최근 거래량이 큰 폭으로 감소하는 추세다."
이데일리,041140,/news/news_read.nhn?article_id=0003911847&office_id=018&mode=search&query=넥슨지티&page=1,2017-08-31 14:13,"[특징주]넥슨지티, 신작 흥행 기대에 11거래일 상승",[이데일리 최정희 기자] 글로벌 게임사 넥슨 계열의 넥슨지티(041140)가 모바일 신작 ‘액스’의 흥행 기대감에 11거래일 연속 오르며 52주래 신고가를 경신했다. 31일 마켓포인트에 따르면 이날 오후 2시 9분경 넥슨지티 주가는 전 거래일보다 10.19% 오른 1만1650원에 거래되고 있다. 다음달 14일 ‘액스’ 출시를 앞두고 있는 데다 PC게임인 ‘타이탄폴 온라인’도 선보일 예정이라 신작 흥행 기대감에 11거래일 연속 상승세를 보이고 있는 것으로 파악된다. 또 넥슨지티는 이날 공시를 통해 중앙일보가 소유한 경기도 성남시 판교 건물을 288억원에 매입한다고 공시했다. 넥슨지티는 회사 사옥 확보와 임대수익 창출을 위한 것이라고 밝혔다.
서울경제,041140,/news/news_read.nhn?article_id=0003102648&office_id=011&mode=search&query=넥슨지티&page=1,2017-08-31 14:15,"넥슨지티, 288억원 규모 중앙판교개발 주식 양수","[서울경제] 코스닥상장사 넥슨지티(041140)가 회사 사옥 확보 및 임대수익 창출을 위해 중앙미디어네트워크와 중앙일보로부터 중앙판교개발 주식 8,151만여주를 288억3,045만원에 양수키로 결정했다고 31일 공시했다."
이데일리,041140,/news/news_read.nhn?article_id=0003448016&office_id=018&mode=search&query=넥슨지티&page=1,2016-01-11 15:37,"넥슨지티, 지난해 영업익 201억원&hellip;전년비 2% 감소",[이데일리 안혜신 기자] 넥슨지티(041140)는 지난해 영업이익이 201억4663만5761원으로 전년비 2% 줄었다고 11일 공시했다. 같은 기간 매출은 601억2491만5882원으로 전년비 5% 감소했다. 당기순이익은 178억7768만2933원으로 84.3% 급증했다. 회사 측은 “법인세비용 감소로 인한 당기순이익 증가”라고 설명했다.
헤럴드경제,041140,/news/news_read.nhn?article_id=0001291929&office_id=016&mode=search&query=넥슨지티&page=1,2017-09-18 11:15,넥슨지티 &lsquo;액스&rsquo; 흥행&hellip;중소형 게임社도 실적 기대,"게임빌·액션스퀘어·선데이토즈 주목 넥슨지티의 모바일 게임 ‘액스’ 흥행 덕분에 그동안 시장의 관심을 크게 받지 못했던 중소형 게임사들의 하반기 실적 상승 기대감이 커지고 있다. 18일 업계에 따르면 넥슨지티는 지난 13일 모바일게임 ‘액스’ 출시 이후 애플 앱스토어 최고 매출 1위, 구글플레이 최고 매출 2위를 기록하는 등 기대 이상의 성적을 기록했다. 앱장터 매출 1위 게임은 일반적으로 일 매출 10억원을 넘기는 규모인 것으로 업계에선 평가한다. 유명 온라인게임 ‘서든어택’ 개발사인 넥슨지티는 지속적으로 모바일게임사로 변신을 시도했다. 그러나 지난 2015년 시장에 내놓은 모바일 ‘슈퍼판타지워’가 흥행 롱런에 실패하고, 이듬해 2분기 내놓은 서든어택의 후속작 ‘서든어택2’가 서비스를 종료하면서 실적이 주춤한 바 있다. 업계 관계자는 “‘액스’는 모바일 게임사로 변신하는 넥슨지티의 중요한 분기점이 될 것”이라며 “올해 넥슨 내부 개발작으로 최고의 성적을 거뒀기 때문”이라고 밝혔다. 이에 따라 중소형 코스닥 상장사들의 대작 기대감이 커지고 있다. 게임빌은 2년 넘게 100여명을 투입해 만든 ‘로열블러드’를 오는 4분기에 출시할 예정이다. 액션스퀘어는 기존에 1400억원의 매출을 올린 바 있는 ‘블레이드’의 후속작 ‘블레이드2’를 개발해 내놓을 예정이다. 선데이토즈 역시 글로벌 지적재산권(IP)으로 제작한 퍼즐게임 2종을 4분기에 출시한다. 정호윤 유진투자증권 연구원은 “중소형사들이 최근 다작이 아닌 1~2개의 대작 개발에 집중하는 쪽으로 개발 전략을 바꾸고 있다”며 “모바일 대작 개발에 시간을 쏟아부은 1~2년 동안 신작을 내놓지 못해 그동안 매출이 상승하지 못했던 업체들이 재평가될 것”이라고 밝혔다. "
연합뉴스,041140,/news/news_read.nhn?article_id=0009512340&office_id=001&mode=search&query=넥슨지티&page=1,2017-08-31 14:19,"넥슨지티, 중앙판교개발 지분 99.9% 288억원에 양수","(서울=연합뉴스) 권수현 기자 = 게임 개발사 넥슨지티는 중앙미디어네트워크와 중앙일보로부터 부동산임대업체 중앙판교개발 지분 99.9%(8천151만1천37주)를 약 288억원에 양수하기로 했다고 31일 공시했다. 넥슨지티는 양수목적에 대해 ""회사 사옥 확보와 임대수익 창출""이라고 설명했다."
한국경제,041140,/news/news_read.nhn?article_id=0003592547&office_id=015&mode=search&query=넥슨지티&page=1,2016-05-11 17:00,"넥슨지티, 1분기 영업이익률 50% 육박&hellip;'서든어택'이 효자","영업이익률 49%…서든어택 대규모 업데이트 효과 넥슨지티가 올 1분기 주력 온라인게임 '서든어택' 효과로 50%에 육박하는 영업이익률을 달성했다. 11일 넥슨지티는 1분기 영업이익이 98억원으로 전년 동기 대비 6.6% 감소했다고 발표했다. 같은 기간 매출은 전년 동기보다 10.4% 줄어든 200억원으로 집계됐다. 반면 같은 기간 영업이익률은 49%로 전년 동기보다 2%포인트 상승했다. 지난 겨울 서든어택의 대규모 업데이트에 힘입어 수익성이 개선됐다는 게 회사 측 설명이다. 넥슨지티 관계자는 ""지난해 11월 글로벌 출시한 모바일게임 '슈퍼판타지워'도 의미있는 매출을 기록해 매출 다변화에 기여하고 있다""고 밝혔다. 한편 지난달 국내 비공개 시범 테스트(CBT)를 마친 '서든어택2'는 올 여름 출시될 예정이다. 박희진 한경닷컴 기자"
뉴시스,041140,/news/news_read.nhn?article_id=0008151898&office_id=003&mode=search&query=넥슨지티&page=1,2017-08-31 14:49,"넥슨지티, 중앙판교개발 지분 99.9% 취득","【서울=뉴시스】김형섭 기자 = 코스닥 상장사 넥슨지티(041140)는 중앙이롭와 중앙미디어네트워크로부터 부동산업 및 임대업체인 중앙판교개발의 지분 99.9%를 288억3000만원에 취득하기로 결정했다고 31일 공시했다. 이는 자기자본대비 20.72%에 해당하는 규모로 취득 주식수는 8151만1037주다. 회사측은 ""회사 사옥 확보와 임대수익 창출이 목적""이라고 전했다."
매일경제,041140,/news/news_read.nhn?article_id=0004006401&office_id=009&mode=search&query=넥슨지티&page=1,2017-08-31 20:35,"넥슨지티, 중앙판교개발 지분 99.9% 취득 &lsquo;288억&rsquo;",넥슨지티(대표 김정준)는 회사 사옥 확보 및 임대수익 창출을 위해 중앙미디어네트워크와 중앙일보로부터 부동산업체 중앙판교개발의 주식 8151만1037주(99.9%)를 약 288억 원에 취득한다고 31일 공시했다. 중앙판교개발은 넥슨지티가 입주한 경기 성남시 분당구 삼평동 소재 테크노벨리씨 3-7 B동 건물을 보유한 회사다. 중앙판교개발이 보유한 건물은 사실상 이곳 하나로 이번 인수는 사옥 마련 측면이 강하다는 것이 넥슨지티측의 설명이다. 넥슨지티는 이번 인수로 연간 20억원 가량의 임차비용 부담도 줄일 수 있을 것으로 예상했다.
한국경제TV,041140,/news/news_read.nhn?article_id=0000581466&office_id=215&mode=search&query=넥슨지티&page=1,2017-11-08 11:16,[부고] 이수현 넥슨지티 홍보실장 부친상,"[한국경제TV 정재홍 기자] ▲이장덕씨 별세, 이해영(나루고등학교 교사)·용현(효성 현장소장)·수현(넥슨지티 홍보실장)씨 부친상, 김민환(삼성SDI 수석)씨 장인상 = 7일 오후 10시, 대구 계산성당 연도3실, 발인 9일 오전 8시 40분, 053-256-2046"
이데일리,041140,/news/news_read.nhn?article_id=0003927760&office_id=018&mode=search&query=넥슨지티&page=1,2017-09-20 11:20,"'신고가' 넥슨지티, '액스' 거래소 추가해 리니지M도 잡을까(종합)","[이데일리 박형수 기자] 넥슨지티(041140)가 52주 신고가를 다시 썼다. 모바일 대규모 다중접속역할수행게임(MMORPG) ‘액스(AXE)’ 인기가 날로 높아지면서 주가에 영향을 준 것으로 보인다. 20일 오전 11시18분 넥슨지티는 전날보다 13.94% 오른 1만8800원에 거래되고 있다. 장 중 한때 1만9500원까지 오르며 52주 신고가를 경신했다. 앞서 넥슨지티 주가는 지난 18일부터 이틀 동안 11.5% 하락했다. 지난달부터 액스 출시 기대로 주가가 급등한 데 따른 차익실현을 위한 매도 물량이 나온 탓으로 풀이됐다. 넥슨지티 주가 상승 배경에는 지분 100%를 보유한 자회사 넥슨레드가 개발한 신규 모바일게임 액스에 대한 기대감이 작용했다. 지난 14일 출시한 액스는 사흘 만에 100만 다운로드를 넘겼다. 구글 플레이에 따르면 액스가 매출 2위에 올랐다. 넷마블게임즈 ‘리니지2레볼루션’이 3위로 밀려났다. 전 세계 안드로이드 게임 매출 순위를 분석해주는 싱크게이밍(ThinkGaming)에 따르면 19일 기준으로 국내대표 MMORPG 매출 순위는 리니지M(11위), 액스(17위), 리니지2 레볼루션(19위)으로 집계했다. 국내 애플 앱스토어 게임 순위에서도 액스의 인기를 확인할 수 있다. 액스는 게임 출시 4일 만에 리니지2 레볼루션을 제쳤다. 넥슨에 따르면 거의 모든 시간대에 전 서버가 포화 상태를 기록하고 있다. 리니지M과 리니지2 레볼루션은 출시한 첫달 매출 2000억원 이상을 기록했다. 모바일 MMORPG 장르에서 핵심 콘텐츠로 자리 잡은 거래소 기능을 액스가 도입할 것이라는 기대도 커지고 있다. 모바일 게임 내 거래소는 이용자가 아이템을 거래하며 원활한 플레이를 돕는 기능을 한다. 게임사는 거래 시 수수료를 차감할 수 있어 매출 확보에도 좋은 비즈니스모델 가운데 하나다. 최근 모바일 MMORPG에서는 필수 콘텐츠로 자리 잡았다. 액스에 거래소 기능이 생긴다면 매출 증가 측면에서 도움이 될 것으로 보인다. 한 투자자문사 펀드매니저는 “최근 국내 증시에서 게임업종에 대한 관심이 살아나고 있다”며 “액스의 성공은 넥슨지티에 대한 재평가 요인으로 작용할 수 있다”고 예상했다."
매일경제,041140,/news/news_read.nhn?article_id=0003729874&office_id=009&mode=search&query=넥슨지티&page=1,2016-05-11 17:43,"넥슨지티, 1Q 영업익 97.8억 `전년比 6%&darr;`&hellip;이익률은 49%","넥슨지티(대표 김정준)가 지난 1분기에 199.6억 원, 영업이익 97.8억 원, 당기순이익 69.1억 원을 기록했다. 전년 동기대미 매출은 10%, 영업이익은 6%, 당기순이익은 23% 감소했다. 다만 영업이익률은 47%에서 49%로 높아졌다. 지난해 4분기 대비로는 매출이 58%, 영업이익이 291%, 당기순이익이 393% 늘었다. 넥슨지티측은 주력 온라인게임 ‘서든어택’의 겨울 대규모 업데이트 효과로 전체 실적이 높아졌다고 설명했다. 지난해 11월 글로벌 출시한 모바일게임 ‘슈퍼판타지워’도 실적에 기여했다. 넥슨지티는 오는 여름에는 신작 ‘서든어택2’를 넥슨코리아를 통해 출시한다. 지난 4월 비공개 테스트에서는 동시접속자 3만6108명, 누적이용자수 28만5685명을 기록하며 호응을 얻은 바 있다. 최근 넥슨 일본법인과 ‘서든어택2’ 일본 서비스 계약도 체결했다."
한국경제TV,041140,/news/news_read.nhn?article_id=0000603779&office_id=215&mode=search&query=넥슨지티&page=1,2018-02-19 14:14,"넥슨지티, 전일 대비 약 5% 상승한 12,100원","[한국경제TV 라이온봇 기자] 넥슨지티는 2월 19일 14시 14분 전일 대비 약 5% 상승한 12,100원에 거래되고 있다. 넥슨지티는 코스닥 상장 기업으로 디지털컨텐츠 업종에 속해 있다. 시가총액은 4,085억원으로 코스닥 상장기업 중 133위에 위치 해 있다. [종목 성향 진단] [그림 1] 종목 성향 진단 넥슨지티의 투자 스타일은 성장주에 가깝다. 주가 고평가 우려가 공존하지만 높은 성장성이 기대되는 기업이다. 주가 모멘텀은 부진한 편이었다. 최근 3개월 수익률은 -8.7%의 하락폭을 기록했다. 최근 1개월 수익률 또한 -6.48% 하락하며 부진한 모멘텀을 이어가고 있다. 넥슨지티 종목에 대한 투자자의 관심도는 높은 편에 속한다. [투자 점수 진단] [그림 2] 투자 점수 진단 넥슨지티는 안정성(부채비율) 측면에서 두각을 나타내고 있다. 최근 부채비율은 78점으로 6개의 핵심 팩터 중 가장 높은 점수를 기록했다. 부채비율은  전체 시장 내 469위를 기록하며 상위 22.46%에 위치했다. 업종별로는 154위를 기록하며 상위 25.26%에 위치했다. 그리고 수익성(영업이익률) 역시 도드라지는 편이다. 수익성 점수는 75점으로 두번째로 높은 점수를 기록했다. 영업이익률은 전체 시장 내 492위를 기록하며 상위 25.17%에 위치했다. 업종별로는 175위를 기록하며 상위 29.9%에 위치했다. 그러나 매출증가율(YoY)과 PBR은  아쉬움을 나타냈다. [종합 투자점수] [그림 3] 종합 투자점수 AI 인공지능 분석을 통한 넥슨지티의 종목 종합 스코어는 56점을 기록했다. 이는 동일 업종 평균점수인 57점과 시장 평균점수인 57점를 하회하는 수치였다. (위의 AI인공지능 점수는 재무 데이터를 기반으로 전체 상장 종목과 비교/분석하여 도출한 점수로 높은 점수가 반드시 높은 수익률을 보장하지 않습니다. 위의 자료는 당사의 추천 종목이 아니며, 투자 시 참고용으로 제시해드리는 것입니다.) 라이온봇 기자 -한국경제TV※ 본 기사는 한국경제TV와 '거장들의 투자공식이'자체 개발한 '라이온봇 기자'가 실시간으로 작성한 기사입니다. 라이온봇기자 ⓒ 한국경제TV, 무단 전재 및 재배포 금지 한국경제TV 관련뉴스해당 언론사에서 선정하며 언론사 페이지(아웃링크)로 이동해 볼 수 있습니다.고속도로 교통상황 아직 원활, 인천공항 출국장은 '북적'홍진영 근황, 물오른 미모…""30대 몸매 비결은""박지헌만의 성교육 ""야동 보는 게 나쁜 거 아냐""김수희 누구?…서태지 제치고 가요대상 받은 전설윤정수 다이어트, '홀쭉해진' 비결은?"
뉴시스,041140,/news/news_read.nhn?article_id=0006978460&office_id=003&mode=search&query=넥슨지티&page=1,2016-01-11 15:42,"넥슨지티, 지난해 영업이익 201억&hellip;전년 比 2%&darr;","【서울=뉴시스】 넥슨지티는 지난해 영업이익이 전년 대비 2% 감소한 201억4664만원을 기록했다고 11일 공시했다. 같은 기간 매출액은 601억2492만원으로 5% 감소했지만, 당기순이익은 178억7768만원으로 84.3% 증가했다. 회사 측은 ""법인세비용 감소로 인해 당기순이익이 증가했다""고 설명했다. ★ 세상에 이런일이 -  경찰·군인, 경계근무 중 집단 ´퇴폐 파티´ ★ 오늘의 핫 포토 -  ´달샤벳´ 수빈, 아찔한 포즈"
파이낸셜뉴스,041140,/news/news_read.nhn?article_id=0003866065&office_id=014&mode=search&query=넥슨지티&page=1,2017-08-30 09:44,"[fnRASSI]넥슨지티(041140), 52주 신고가 경신...0.42% &uarr;","넥슨지티(041140)는 52주신고가를 기록하고 있어 주목할만하다. 동종목의 현재 주가는 9,620원 선에서 이루어지고 있다. 거래일을 기준으로 최근 3일간 평균 거래량은 57만 주이다. 이는 60일 일 평균 거래량 11만 주와 비교해보면 최근 거래량이 급격히 늘어났다는 것을 알 수 있다. 외국인, 기관 모두 보유량 증가 (5일 누적) 최근 5일간 동종목의 외국인 투자자는 24,501주 순매수하였고 마찬가지로 기관은 1,534주 순매수하였다. 전날 외국인 27,168주 순매도, 기관1,534주 순매수하며 보유 비율이 변동했다. 다음 표는 동종목의 외국인, 기관의 일별 순매수량을 나타낸 것이다.                   지표               항목               값               종합점수                 성장성               매출액증가율               -0.17               2.9                 자기자본증가율               -0.02                 안정성               부채비율               4.35               9.17                 유동비율               2552.41                 이익안정성               8.33                 수익성               ROA               2.04               3.52                 ROE               2.13                 영업이익율               0.86          넥슨지티의 퀀트 재무 점수는 15.59점으로 지난 분기에 비해 성장성 점수가 하락했다. 이는 매출액 증가율과 자기자본 증가율이 감소하였기 때문이다. 실적 안정성이 악화되어 안정성 종합 점수는 하락했다. 수익성 측면에서 볼때 ROA, ROE, 영업이익률 모두 하락하여 이전보다 낮은 점수를 받았다. 'fnRASSI'는 증권전문 기업 씽크풀과 파이낸셜뉴스의 협업으로 로봇기자가 실시간으로 생산하는 기사입니다."
한국경제,041140,/news/news_read.nhn?article_id=0003520581&office_id=015&mode=search&query=넥슨지티&page=1,2016-01-11 15:32,"넥슨지티, 지난해 영업이익 201억&hellip;전년비 2%&darr;","[ 한민수 기자  ] 넥슨지티는 지난해 영업이익이 201억4600만원으로 전년 대비 2.0% 감소했다고 공시했다. 매출은 601억2400만원으로 5.0% 줄었으나, 순이익은 178억7700만원을 기록해 84.3% 증가했다. 한민수 한경닷컴 기자"
한국경제TV,041140,/news/news_read.nhn?article_id=0000599872&office_id=215&mode=search&query=넥슨지티&page=1,2018-02-06 13:07,"넥슨지티, 전일 대비 약 -6% 하락한 12,250원","[한국경제TV 라이온봇 기자] 넥슨지티는 2월 6일 13시 7분 전일 대비 약 -6% 하락한 12,250원에 거래되고 있다. 넥슨지티는 코스닥 상장 기업으로 디지털컨텐츠 업종에 속해 있다. 시가총액은 4,633억원으로 코스닥 상장기업 중 105위에 위치 해 있다. [종목 성향 진단] [그림 1] 종목 성향 진단 넥슨지티의 투자 스타일은 성장주에 가깝다. 주가 고평가 우려가 공존하지만 높은 성장성이 기대되는 기업이다. 주가 모멘텀은 평범한 수준이었다. 최근 1개월 수익률이 1.16%, 3개월 수익률은 -3.32%, 6개월 수익률은 -1.13%를 기록했다. 넥슨지티 종목에 대한 투자자의 관심도는 높은 편에 속한다. [투자 점수 진단] [그림 2] 투자 점수 진단 넥슨지티는 안정성(부채비율) 측면에서 두각을 나타내고 있다. 최근 부채비율은 78점으로 6개의 핵심 팩터 중 가장 높은 점수를 기록했다. 부채비율은  전체 시장 내 464위를 기록하며 상위 22.46%에 위치했다. 업종별로는 153위를 기록하며 상위 25.26%에 위치했다. 그리고 수익성(영업이익률) 역시 도드라지는 편이다. 수익성 점수는 75점으로 두번째로 높은 점수를 기록했다. 영업이익률은 전체 시장 내 492위를 기록하며 상위 25.17%에 위치했다. 업종별로는 175위를 기록하며 상위 29.9%에 위치했다. 그러나 매출증가율(YoY)과 PBR은  아쉬움을 나타냈다. [종합 투자점수] [그림 3] 종합 투자점수 AI 인공지능 분석을 통한 넥슨지티의 종목 종합 스코어는 56점을 기록했다. 이는 동일 업종 평균점수인 57점과 시장 평균점수인 57점를 하회하는 수치였다. (위의 AI인공지능 점수는 재무 데이터를 기반으로 전체 상장 종목과 비교/분석하여 도출한 점수로 높은 점수가 반드시 높은 수익률을 보장하지 않습니다. 위의 자료는 당사의 추천 종목이 아니며, 투자 시 참고용으로 제시해드리는 것입니다.) 라이온봇 기자 -한국경제TV※ 본 기사는 한국경제TV와 '거장들의 투자공식이'자체 개발한 '라이온봇 기자'가 실시간으로 작성한 기사입니다. 라이온봇기자 ⓒ 한국경제TV, 무단 전재 및 재배포 금지 한국경제TV 관련뉴스해당 언론사에서 선정하며 언론사 페이지(아웃링크)로 이동해 볼 수 있습니다.'오달수의 그녀' 채국희, 승무원 출신? 채시라 동생?도도맘 전 남편 조용제 씨 ""불륜사건은 강용석과 나와의 싸움""박삼구 아시아나 회장도 성추행 논란…승무원들 상대로?'굿모닝FM 하차' 문지애 집…""아나운서 집이 왜 이래""태양♥민효린 결혼, 영화 포스터같은 웨딩화보 '시선집중'"
헤럴드경제,041140,/news/news_read.nhn?article_id=0001092421&office_id=016&mode=search&query=넥슨지티&page=1,2016-08-01 09:53,넥슨지티 &lsquo;서든어택2&rsquo; 서비스 종료에 &lsquo;급락세&rsquo;,"[헤럴드경제] 넥슨지티가 온라인 PC 게임 ‘서든어택 2’ 서비스 종료 소식에 장 초반 급락세를 나타내고 있다. 1일 오전 9시 40분 현재 코스닥시장에서 넥슨지티는 전 거래일보다 11.5% 내린 8850원에 거래됐다. 한 때 장중 8810원까지 떨어지며 52주 신저가를 경신했다. 앞서 넥슨지티는 ‘서든어택 2’에 대해 넥슨코리아와 맺은 공동 사업 계약을 해지한다고 지난달 29일 공시했다. ‘서든어택 2’는 PC방 점유율 순위 106주 연속 1위, 국내 최고 동시 접속자 35만명 등 기록을 세우며 인기를 얻은 ‘서든어택’의 후속작이다. 그러나 출시 일주일 만에 여성 캐릭터에 대한 선정성 논란이 일면서 넥슨지티는 게임 출시 23일 만에 서비스 종료를 결정했다. 한편, 한국거래소는 단일판매·공급계약 금액 50% 이상 변경을 이유로 넥슨지티의 불성실공시법인 지정을 예고했다."
이데일리,041140,/news/news_read.nhn?article_id=0003599576&office_id=018&mode=search&query=넥슨지티&page=1,2016-08-01 09:40,"[특징주]넥슨지티, 52주 신저가&hellip;서든어택 2 서비스 종료",[이데일리 임성영 기자] 넥슨지티(041140)가 서든어택2 사업을 종료한다는 소식에 급락하며 52주 신저가로 떨어졌다. 1일 오전 9시 37분 현재 넥슨지티는 전 거래일 대비 11.8% 떨어진 8850원에 거래되고 있다. 넥슨지티는 지난 29일 최대주주인 넥슨코리아와 체결했던 서든어택2 온라인게임 공동사업 계약을 해지됐다고 공시했다. 이는 지난해 매출액의 31.3%에 해당한다. 회사측은 “사업타당성을 재검토한 후 두회사가 합의를 통해 해지했다”고 설명했다. 한편 거래소는 이와 관련해 넥슨지티를 공시 변경을 사유로 불성실 공시 법인에 지정 예고한다고 밝혔다. 불성실 공시법인 지정 여부 결정 시한은 내달 24일이다.
뉴시스,041140,/news/news_read.nhn?article_id=0007183408&office_id=003&mode=search&query=넥슨지티&page=1,2016-04-22 08:16,"신한금투 &quot;넥슨지티, 서든어택2 CBT 흥행&hellip;7월 출시&quot;","【서울=뉴시스】강세훈 기자 = 신한금융투자는 22일 넥슨지티에 대해 서든어택2 CBT(Closed Beta Test·비공개테스트)의 성공적 종료로 주가 상승이 기대된다고 밝혔다. 신한금융투자 이문종·공영규 연구원은 ""서든어택2의 정식 출시는 7월 여름방학 시즌으로 예상된다""며 ""출시 시점에 맞춰 흥행 기대감을 이용한 투자 전략이 유효하다""고 설명했다. 이 연구원은 ""지난 2014년 서든어택의 모바일버전 공개 직후 게임 흥행 기대감이 선반영되면서 주가는 168% 상승했었다""며 ""FPS 게임은 큰 화면과 조작상의 이점 때문에 모바일보다 PC 환경에서의 흥행 요소가 더 크다""고 언급했다. 지난 14~20일 진행한 서든어택2 CBT에 대해선 ""10만명 규모의 CBT 참가자 모집에 총 19만명이 몰렸다""며 ""기존 서든어택의 인터페이스와 인기 맵 등을 계승했고, 그래픽은 크게 발전됐다""고 평가했다. 이 연구원은 특히 ""전작과 달리 부품 구매를 통해 총기의 디자인과 성능을 향상 시킬 수 있다""며 ""새로운 수익 모델이 추가된 점이 긍정적""이라고 강조했다. 그는 또 ""11년간 서든어택을 한번이라도 경험해 본 총 계정 수는 약 1000만개에 달한다""며 ""기존 서든어택 유저와 함께 휴면 유저의 복귀가 서든어택2의 초반 흥행을 이끌 것""이라고 전망했다."
매일경제,041140,/news/news_read.nhn?article_id=0003732037&office_id=009&mode=search&query=넥슨지티&page=1,2016-05-16 08:16,1분기 게임 상장사 이익률 16%&hellip;넥슨지티 49% 컴투스 44% 최고,"영업이익률 최고는 넥슨지티 49% ‘기염’…컴투스도 44%로 높아 전년比 성장률 최고 ‘웹젠’…와이디·조이시티도 100% 이상 상승 지난 1분기 게임업체 20곳의 합산 영업이익률(매출총합 대비 영업이익총합 비율)은 16.04%였다. 100원을 팔면 16원을 남긴 셈이다. 또한 가장 이익률이 높았던 곳은 넥슨지티였고 지난해 1분기 대비 매출 상승률이 가장 높았던 곳은 웹젠이었다. 13일까지 1분기 실적 발표를 완료한 게임업체 20곳의 매출 및 영업이익을 분석한 결과 20개 업체 매출총합은 1조7965억 원, 영업이익 총합은 2881억 원이었다. 이를 토대로 계산한 합산  영업이익률은 16.04%였다. 지난해 1분기에 비해 매출 총합(2015년 1Q 1조3417억 원)은 크게 늘었지만 영업이익 총합(2015 1Q 3589억 원)은 크게 줄어든 결과다. 지난해의 경우 합산 영업이익률이 26.75%였다. 영업이익 총합이 줄어든 것은 국내 게임업체 중 매출 규모가 가장 큰 넥슨(일본법인 기준)의 영업이익 저조 때문이다. 자회사 글룹스의 손상차손 인식이 영업이익을 크게 낮췄고 20개 업체 영업이익 총합도 크게 줄어들었다. 넥슨의 영업이익률은 지난해 1분기 24.78% 수준이었지만 올해는 6.44%에 불과했다. 매출 규모로는 넥슨에 이어 넷마블게임즈와 엔씨소프트, NHN엔터테인먼트, 컴투스 등이 뒤를 이었다. 규모적인 측면과 순수 게임 매출 등을 고려할 때 넥슨과 넷마블게임즈, 엔씨소프트는 명실상부한 톱3 체제를 구축한 모습이다. 순수 게임 매출로는 컴투스가 NHN엔터테인먼트보다도 높은 매출 수준인 것도 눈길을 끄는 부분이다. 그 뒤로는 웹젠, 네오위즈게임즈, 게임빌, 위메이드, 조이시티 순으로 매출이 높았다. 영업이익률의 경우 매출 규모가 비교적 작은 게임업체들이 높은 경우가 많았다. 대표적인 것이 넥슨지티다. 넥슨지티는 매출 순위 톱10에는 이름을 못올렸지만 영업이익률은 49%로 가장 높은 순위를 기록했다. 매출의 절반에 가까운 영업이익이다. 컴투스도 모바일게임 서비스 업체로는 드물게 44.26%라는 매우 높은 영업이익률을 달성했다. 그 뒤는 엔씨소프트다. 엔씨소프트는 매출 규모도 3위, 영업이익률도 3위였다. 이외에 웹젠이 28.33%, 엠게임이 28.21%, 선데이토즈가 26.19% 등으로 뒤를 이었다. 한편 영업이익률 상위 10개 기업 중 4곳이 매출 상위 10위 바깥에 자리한 기업이라는 점도 특이점이다. 영업이익률 20% 이상을 달성한 곳은 8곳에 불과하기도 했다. 매출 성장률이 가장 높은 곳으로는 웹젠이 꼽혔다. 전년 동기 대비 191.26% 상승했다. 지난해 2분기부터 한국 서비스를 시작한 ‘뮤오리진’이 원동력이다.  124.49% 매출이 성장한 와이디온라인도 마찬가지다. 모바일게임 2분기 서비스된 ‘갓오브하이스쿨’이 성장의 주요 포인트로 작용했다. 조이시티도 122.22% 매출이 증가해 성장률이 매우 높은 편이었다. 이외에는 로코조이, 넷마블게임즈, NHN엔터테인먼트, 컴투스 등이 40% 이상의 매출 성장세를 보였다. 중소형 게임업체의 부진도 눈길을 끈다. 비교적 상장 된지 얼마 안 된 곳이 많았다. 조이맥스, 로코조이, 엔터메이트, 데브시스터즈, 액션스퀘어 등이 적자를 기록했다. 이중 로코조이는 지난해 중국게임업체 로코조이에 피인수되면서 새롭게 게임사업을 시작했고 엔터메이트, 데브시스터즈, 액션스퀘어 등은 상장 된지 얼마 안 된 게임주들이다."
한국경제,041140,/news/news_read.nhn?article_id=0003554169&office_id=015&mode=search&query=넥슨지티&page=1,2016-02-25 14:45,"넥슨지티, 100억 자기주식취득 신탁계약",[ 이민하 기자  ] 넥슨지티는 대우증권과 100억원 규모의 자기주식취득 신탁계약을 체결하기로 결정했다고 25일 공시했다. 계약기간은 오는 8월25일까지다. 이민하 한경닷컴 기자
아이뉴스24,041140,/news/news_read.nhn?article_id=0000425311&office_id=031&mode=search&query=넥슨지티&page=1,2017-09-27 10:41,[특징주]넥슨지티 상승&hellip;'액스' 흥행&middot;코빗 인수 기대감,"[아이뉴스24 김나리기자] 넥슨지티가 모바일 게임 '액스'의 흥행과 그룹 지주사의 가상화폐거래소 인수 소식이 나온 가운데 급등하고 있다. 27일 오전 10시 32분 현재 넥슨지티는 전날보다 5.63%(800원) 오른 1만5천원에 거래되고 있다. 하이투자증권은 이날 ""지난 14일 출시된 모바일 게임 '액스'의 일매출액은 10억원 수준""이라며 ""넥슨지티가 인식하는 연간 매출액은 1천278억원으로, 지난해 전체 매출액이 597억원이었던 점을 감안하면 매출이 3배로 증가하는 효과가 발생할 것""으로 전망했다. 그룹 지주사의 가상화폐 거래소 인수 소식도 넥슨지티의 주가를 끌어올리고 있다. 넥슨의 지주사인 엔엑스씨(NXC)는 전날 가상화폐 거래소 코빗의 주식 12만5천주를 912억5천만원에 취득한다고 공시했다. 지분 취득 후 엔엑스씨는 코빗의 주식 13만6천228주(지분 비율 65.19%)를 보유하게 된다. /김나리기자"
데일리안,041140,/news/news_read.nhn?article_id=0002213082&office_id=119&mode=search&query=넥슨지티&page=1,2017-09-27 10:04,"[특징주]넥슨지티, '액스' 흥행으로 급등세","넥슨지티가 모바일 게임 '액스' 흥행으로 다시 급등세다. 27일 오전 10시 현재 넥슨지티는 전 거래일보다 12.68% 상승한 1만5950원에 거래되고 있다. 넥슨지티의 상승세는 모바일 게임 '액스'의 흥행으로 인한 실적 기대감에 따른 것으로 보인다. 김민정 하이투자증권 연구원은 ""'액스'의 일매출액은 10억원 수준으로 퍼블리셔와의 수익배분을 5대 5로 가정했을 경우 넥슨지티가 인식하는 연간 매출액은 1278억원""이라고 내다봤다. 이어 ""지난해 전체 매출액이 597억원이었음을 감안하면 액스 게임으로 매출이 3배 증가하는 효과가 생기는 것""이라고 덧붙였다. 데일리안 전형민 기자 ⓒ (주)데일리안 - 무단전재, 변형, 무단배포 금지 데일리안 관련뉴스해당 언론사에서 선정하며 언론사 페이지(아웃링크)로 이동해 볼 수 있습니다.[특징주]소리바다, 삼성뮤직 음원 공급에 급등세[특징주]엔씨소프트, 연휴 기간 게임 이용자 증가 기대감…'강세'[특징주]아주캐피탈, 중간배당 결정 소식에 '신고가'호날두 멀티골, 압도적인 레알 400경기 발자취'투톱' 손흥민, 토트넘 신무기 되나"
헤럴드경제,041140,/news/news_read.nhn?article_id=0001002245&office_id=016&mode=search&query=넥슨지티&page=1,2016-02-25 15:00,"&lt;생생코스닥&gt;넥슨지티, 100억 규모 자사주 취득 신탁계약 체결",넥슨지티는 주가안정 및 주주가치 제고를 위해 대우증권과 100억원 규모의 자사주 취득 신탁계약을 체결했다고 25일 공시했다. 계약기간은 8월 25일까지다.
매일경제,041140,/news/news_read.nhn?article_id=0004021905&office_id=009&mode=search&query=넥슨지티&page=1,2017-09-27 09:30,"[Hot-Line] 넥슨지티, 신작 모바일게임 흥행에 급등","넥슨지티가 신작 모바일게임 '액스'의 흥행에 따른 실적 개선 기대감에 급등세다. 27일 오전 9시 13분 현재 넥슨지티는 전일 대비 1950원(13.73%) 오른 1만6150원에 거래되고 있다. 이날 김민정 하이투자증권 연구원은 ""지난 14일 출시된 모바일게임 '액스'는 넥슨지티의 100% 자회사 넥슨레드가 개발한 모바일 MMORPG(다중접속 역할수행게임)로 일매출액 10억 원 수준을 유지하고 있다""며 ""지난해 전체 매출액이 59억 원이었던 점을 감안하면 '액스' 게임으로 매출이 3배 증가하는 효과가 발생한다""고 말했다. [디지털뉴스국 고득관 기자] r_start // r_end //"
파이낸셜뉴스,041140,/news/news_read.nhn?article_id=0003872086&office_id=014&mode=search&query=넥슨지티&page=1,2017-09-11 09:59,"[fnRASSI]넥슨지티(041140), 52주 신고가 경신...0.4% &uarr;","넥슨지티(041140)는 52주신고가를 기록하고 있어 주목할만하다. 동종목의 현재 주가는 12,400원 선에서 이루어지고 있다. 거래일을 기준으로 최근 3일간 평균 거래량은 74만 주이다. 이는 60일 일 평균 거래량 23만 주와 비교해보면 최근 거래량이 급격히 늘어났다는 것을 알 수 있다.                   지표               항목               값               종합점수                 성장성               매출액증가율               -0.17               2.89                 자기자본증가율               -0.02                 안정성               부채비율               4.35               9.17                 유동비율               2552.41                 이익안정성               8.33                 수익성               ROA               2.04               3.5                 ROE               2.13                 영업이익율               0.86          넥슨지티의 퀀트 재무 점수는 15.56점으로 지난 분기에 비해 성장성 점수가 하락했다. 이는 매출액 증가율과 자기자본 증가율이 감소하였기 때문이다. 실적 안정성이 악화되어 안정성 종합 점수는 하락했다. 수익성 측면에서 볼때 ROA, ROE, 영업이익률 모두 하락하여 이전보다 낮은 점수를 받았다. 상장주식수 대비 거래량은 1.6%로 적정수준 최근 한달간 넥슨지티의 상장주식수 대비 거래량을 비교해보니 일별 매매회전율이 1.6%로 집계됐다. 그리고 동기간 장중 저점과 고점의 차이인 일평균 주가변동률을 4.87%를 나타내고 있다. 'fnRASSI'는 증권전문 기업 씽크풀과 파이낸셜뉴스의 협업으로 로봇기자가 실시간으로 생산하는 기사입니다."
한국경제,041140,/news/news_read.nhn?article_id=0003880315&office_id=015&mode=search&query=넥슨지티&page=1,2018-01-17 15:29,"넥슨지티&middot;레드, 성남 중탑지역아동센터에 기부금 전달","17일 임강신 넥슨지티 이사(왼쪽)가 이지숙 중탑지역아동센터장에게 넥슨지티 및 넥슨레드 임직원 기부금 3000만원을 전달하고 있다. / 사진=넥슨지티 제공 넥슨지티는 개발 자회사 넥슨레드와 함께 경기도 성남시 분당구 중탑지역아동센터에 기부금 3000만원을 전달했다고 17일 밝혔다. 이번 기부금은 넥슨지티와 넥슨레드 임직원들이 사내 편의시설에서 지불한 금액을 모아 마련됐다. 기부금과 함께 컴퓨터 15대도 기증됐다. 앞서 두 회사는 회사가 위치한 성남시 지역 아동들을 직접 후원하기 위해 2015년 중탑지역아동센터와 사회공헌 협약을 맺었다. 3년간 두 회사는 다양한 문화 행사와 푸드트럭 이벤트, 졸업 여행 지원 등을 통해 센터와 관계를 이어왔다. 임강신 넥슨지티 이사는 ""임직원들의 소중한 기부금이 지역 내 아동들에게 잘 쓰여질 수 있도록 더욱 노력하겠다""고 말했다."
머니투데이,041140,/news/news_read.nhn?article_id=0003637122&office_id=008&mode=search&query=넥슨지티&page=1,2016-02-25 15:16,"넥슨지티, 자사주 100억원 취득 신탁 계약 체결","[머니투데이 백지수 기자] 넥슨지티는 대우증권과 100억원 규모의 자사주 취득 신탁 계약을 체결하기로 결정했다고 25일 공시했다. 회사측은 ""주가를 안정시키고 주주가치를 높이기 위한 목적""이라고 밝혔다. 계약기간은 다음날부터 오는 8월25일까지다. textlinktopstart textlinktopend textlinkstart"
연합뉴스,041140,/news/news_read.nhn?article_id=0009575161&office_id=001&mode=search&query=넥슨지티&page=1,2017-09-27 09:29,"[특징주] 넥슨지티, 신작 '액스' 흥행 등에 급등","(서울=연합뉴스) 권수현 기자 = 넥슨지티가 그룹 지주사의 가상화폐 거래소 인수 소식과 신작 흥행으로 27일 장 초반 급등하고 있다. 이날 오전 9시 27분 현재 코스닥시장에서 넥슨지티는 전 거래일보다 13.73% 오른 1만6천150원 선에서 거래되고 있다. 넥슨의 지주회사인 엔엑스씨(NXC)는 전날 공시를 통해 온라인 가상화폐 거래소인 코빗 주식 12만5천주를 912억5천만원에 취득하기로 했다고 밝혔다. 증권가에서는 또한 지난 14일 출시한 모바일게임 '액스'의 흥행으로 넥슨지티의 매출액이 많이 늘어날 것이라는 전망이 나오고 있다. 김민정 하이투자증권 연구원은 ""'액스'는 넥슨지티의 100% 자회사인 넥슨레드가 개발한 모바일 MMORPG(다중접속역할수행게임)으로 10억원 수준의 일매출액을 올리고 있다. 대형 지적재산(IP) 기반의 MMORPG가 독식하는 모바일 게임 시장에서 중소형 업체가 유명 IP 없이 흥행에 성공했다는 점에서 더욱 고무적""이라고 말했다.    김 연구원은 ""퍼블리셔와의 수익 배분을 5대5로 가정할 경우 넥슨지티가 인식하는 연간 매출액은 1천278억원""이라며 ""지난해 전체 매출액이 597억원이었던 점을 고려하면 '액스' 덕에 매출이 3배 수준으로 증가하는 셈""이라고 분석했다."
이데일리,041140,/news/news_read.nhn?article_id=0003598679&office_id=018&mode=search&query=넥슨지티&page=1,2016-07-29 18:17,"거래소, 넥슨지티 불성실 공시법인 지정 예고",[이데일리 임성영 기자] 한국거래소 코스닥시장 본부는 넥슨지티(041140)에 대해 공시 변경을 사유로 불성실 공시 법인에 지정 예고한다고 29일 공시했다. 불성실 공시법인 지정 여부  결정 시한은 내달 24일이다.
이데일리,041140,/news/news_read.nhn?article_id=0003987946&office_id=018&mode=search&query=넥슨지티&page=1,2017-12-08 10:34,"[특징주]넥슨지티, 지주사 NXC 가상화폐 거래소 &lsquo;코빗&rsquo; 보유 부각 &lsquo;강세&rsquo;",[이데일리 오희나 기자] 비트코인 가격이 연일 급등하면서 국내 주식시장에서 가상화폐 관련주가 강세를 보이고 있다. 엔엑스씨(NXC)가 국내 가상화폐 거래소 코빗의 지분을 보유하고 있다는 점이 부각되면서 넥슨지티가 강세다. 8일 오전 10시29분 현재 넥슨지티(041140)는 전거래일보다 3.32%(450원) 오른 1만4000원에 거래되고 있다. 넥슨그룹의 지주회사인 NXC가 가상화폐 거래소를 운영하고 있다는 점이 부각된 것으로 풀이된다. 앞서 지난 9월 넥슨지티의 모회사인 넥슨의 지주회사 엔엑스씨는 국내 가상화폐 거래소 코빗의 지분 65.19%를 913억원에 매수해 경영권을 인수했다. 코빗은 2013년 설립된 국내 최초의 가상화폐 거래소다. 코빗은 국내 시장에서 3위에 올라있다.
이데일리,041140,/news/news_read.nhn?article_id=0003933194&office_id=018&mode=search&query=넥슨지티&page=1,2017-09-27 09:24,"[특징주]넥슨지티, 액스&middot;코빗 수혜 기대감에 급등",[이데일리 이명철 기자] 넥슨지티(041140)가 모바일 게임 ‘액스’ 흥행에 따른 성장 기대감에 급등세다. 27일 오전 9시22분 현재 넥슨지티 주가는 전일대비 14.44% 오른 1만6250원을 기록 중이다. 100% 자회사 넥슨레드가 개발한 액스 흥행으로 매출이 급증할 것이라는 증권가 분석이 매수세로 반영되는 양상이다. 아울러 넥슨 지주회사인 엔엑스씨가 국내 3대 가상화폐 거래소 중 하나인 코빗을 인수하면서 가상화폐시장 성장에 대한 수혜 기대감도 반영되는 것으로 풀이된다. 김민정 하이투자증권 연구원은 “액스 일매출액은 10억원 수준으로 퍼블리셔와 수익배분을 5대 5로 가정 시 넥슨지티가 인식하는 연간 매출액은 1278억원으로 지난해 3배 수준”이라며 “퍼블리셔인 넥슨은 마케팅 투자를 강화하고 넥슨지티는 마케팅 비용을 부담하지 않아 액스 매출이 증가할수록 수익성이 개선된다”고 진단했다.
이데일리,041140,/news/news_read.nhn?article_id=0003927542&office_id=018&mode=search&query=넥슨지티&page=1,2017-09-20 09:25,"[특징주]넥슨지티, 리니지 천하 흔든 '액스' 인기 급반등","[이데일리 박형수 기자] 넥슨지티(041140)가 사흘 만에 반등하고 있다. 모바일 대규모 다중접속역할수행게임(MMORPG) ‘액스(AXE)’ 인기가 날로 높아지면서 주가에 영향을 준 것으로 보인다. 20일 오전 9시20분 넥슨지티는 전날보다 9.7% 오른 1만8100원에 거래되고 있다. 앞서 넥슨지티 주가는 지난 18일부터 이틀 동안 11.5% 하락했다. . 넥슨지티 주가 상승 배경에는 지분 100%를 보유한 자회사 넥슨레드가 개발한 신규 모바일게임 액스에 대한 기대감이 작용했다. 지난 14일 출시한 액스는 사흘 만에 100만 다운로드를 넘겼다. 구글 플레이에 따르면 액스가 매출 2위에 올랐다. 넷마블게임즈 ‘리니지2레볼루션’이 3위로 밀려났다. 전세계 안드로이드 게임 매출 순위를 분석해주는 싱크게이밍(ThinkGaming)에 따르면 19일 기준으로 국내대표 MMORPG 매출 순위는 리니지M(11위), 액스(17위), 리니지2 레볼루션(19위)으로 집계했다. 국내 애플 앱스토어 게임 순위에서도 액스의 인기를 확인할 수 있다. 액스는 게임 출시 4일 만에 리니지2 레볼루션을 제쳤다. 넷마블게임즈와 엔씨소프트는 각각 리니지2레볼루션, 리니지M으로 출시한 첫 달 매출 2000억원 이상을 올렸다. 모바일 MMORPG가 대규모 매출을 올릴 수 있다는 가능성을 보여준 사례다. 액스는 온라인게임 리니지 지적재산권(IP)을 활용한 게임보다는 매출규모가 작지만 월간 수백억원대 매출을 달성할 것으로 보인다. 모바일 MMORPG 장르에서 핵심 콘텐츠로 자리 잡은 거래소 기능을 액스가 도입할 것이라는 기대도 커지고 있다. 모바일 게임 내 거래소는 이용자가 아이템을 거래하며 원활한 플레이를 돕는 기능을 한다. 게임사는 거래 시 수수료를 차감할 수 있어 매출 확보에도 좋은 비즈니스모델 가운데 하나다. 최근 모바일 MMORPG에서는 필수 콘텐츠로 자리 잡았다. 액스에 거래소 기능이 생긴다면 매출 증가 측면에서 도움이 될 것으로 보인다. 한 투자자문사 펀드매니저는 “최근 국내 증시에서 게임업종에 대한 관심이 살아나고 있다”며 “액스의 성공은 넥슨지티에 대한 재평가 요인으로 작용할 수 있다”고 예상했다."
매일경제,041140,/news/news_read.nhn?article_id=0004088287&office_id=009&mode=search&query=넥슨지티&page=1,2018-01-23 17:44,"넥슨지티 자회사 레드, 엔도어즈 흡수합병&hellip;개발역량 강화","넥슨지티의 자회사 넥슨레드(대표 김대훤)가 엔도어즈(대표 신지환)를 흡수합병한다. 넥슨레드의 인력은 200명에서 300명 규모로 늘어난다. 엔도어즈가 제작 중이던 모바일게임 차기작도 품는다. 김대훤 대표가 이끄는 넥슨레드의 모바일게임 제작 역량이 한층 강화될 전망이다. 23일 넥슨레드는 100% 자회사 엔도어즈를 흡수합병한다고 공시했다. 지난해 12월 넥슨코리아(대표 박지원)로부터 인수한지 약 한 달여 만이다. 이번 합병은 어느 정도 예견된 부분이다. 지난해 4월부터 엔도어즈는 사실상 넥슨레드의 관리하에 놓였다. 김대훤 넥슨레드 대표가 엔도어즈 개발총괄이사를 겸임했다. 지난해 넥슨레드의 엔도어즈 인수 당시 목적은 경영 효율성 제고였다. 이번 합병은 넥슨레드의 모바일게임 개발 역량 및 라인업을 강화한다. 넥슨레드는 ‘액스’, ‘스페셜솔져’ 등의 모바일게임을 개발했다. 전체 인력은 약 200명 정도다. 엔도어즈는 ‘영웅의군단’ 등의 작품을 개발했다. 새로운 모바일게임도 제작 중이다. 전체 인력은 약 100명 내외다. 김대훤 넥슨레드 대표는 보다 커진 회사를 이끌게 됐다. 김 대표는 넥슨 ‘메이플스토리’ 해외서비스 개발실장, 넥슨지티 ‘서든어택’ 서비스 및 모바일게임 ‘슈퍼판타지워’ 등 개발총괄 등을 맡았다. 지난해 넥슨지티의 자회사 넥슨레드 대표로 자리를 옮겨 모바일 MMORPG ‘액스’를 성공시켰다. 한편 엔도어즈는 이번 합병을 위해 오는 25일 주주총회를 개최한다. 합병기일은 오는 3월 1일, 합병등기예정일은 3월 2일이다. 엔도어즈는 지난 2016년 기준 매출 99억 원을 기록했다."
한국경제TV,041140,/news/news_read.nhn?article_id=0000594989&office_id=215&mode=search&query=넥슨지티&page=1,2018-01-25 09:06,"넥슨지티, 전일 대비 약 3% 상승한 14,750원","[한국경제TV 라이온봇 기자] 넥슨지티는 1월 25일 9시 6분 전일 대비 약 3% 상승한 14,750원에 거래되고 있다. 넥슨지티는 코스닥 상장 기업으로 디지털컨텐츠 업종에 속해 있다. 시가총액은 5,058억원으로 코스닥 상장기업 중 106위에 위치 해 있다. [종목 성향 진단] [그림 1] 종목 성향 진단 넥슨지티의 투자 스타일은 성장주에 가깝다. 주가 고평가 우려가 공존하지만 높은 성장성이 기대되는 기업이다. 주가 모멘텀은 좋은 편에 속했다. 최근 3개월 수익률은 13.94%의 상승폭을 기록했다. 최근 1개월 수익률 또한 10% 상승하며 좋은 모멘텀을 보이고 있다. 넥슨지티종목에 대한 투자자의 관심도는 높은 편에 속한다. [투자 점수 진단] [그림 2] 투자 점수 진단 넥슨지티는 안정성(부채비율) 측면에서 두각을 나타내고 있다. 최근 부채비율은 78점으로 6개의 핵심 팩터 중 가장 높은 점수를 기록했다. 부채비율은  전체 시장 내 460위를 기록하며 상위 22.46%에 위치했다. 업종별로는 151위를 기록하며 상위 25.26%에 위치했다. 그리고 수익성(영업이익률) 역시 도드라지는 편이다. 수익성 점수는 75점으로 두번째로 높은 점수를 기록했다. 영업이익률은 전체 시장 내 492위를 기록하며 상위 25.17%에 위치했다. 업종별로는 175위를 기록하며 상위 29.9%에 위치했다. 매출증가율(YoY)과 PBR은 아쉬움을 나타냈다. [종합 투자점수] [그림 3] 종합 투자점수 AI 인공지능 분석을 통한 넥슨지티의 종목 종합 스코어는 56점을 기록했다. 이는 동일 업종 평균점수인 57점과 시장 평균점수인 57점를 하회하는 수치였다. (위의 AI인공지능 점수는 재무 데이터를 기반으로 전체 상장 종목과 비교/분석하여 도출한 점수로 높은 점수가 반드시 높은 수익률을 보장하지 않습니다.) 라이온봇 기자 -한국경제TV※ 본 기사는 한국경제TV와 '거장들의 투자공식이'자체 개발한 '라이온봇 기자'가 실시간으로 작성한 기사입니다. 라이온봇기자 ⓒ 한국경제TV, 무단 전재 및 재배포 금지 한국경제TV 관련뉴스해당 언론사에서 선정하며 언론사 페이지(아웃링크)로 이동해 볼 수 있습니다.강문영, 김도균과 제2의 커플되나? '관심집중'임현식 한옥 대저택…'한옥마을 집인 줄'한비야 결혼, ""아이 안 낳는다고 비난 받았다""?'김우빈 결별설 왜 나오나'…신민아 카리스마 넘치는 근황김준호, 김지민에 ""비혼으로 사는 게 좋아"" 과거 발언 봤더니"
서울경제,041140,/news/news_read.nhn?article_id=0003113080&office_id=011&mode=search&query=넥슨지티&page=1,2017-09-15 09:27,"넥슨지티, 신작 &lsquo;액스&rsquo; 모바일 매출 1위 이어가며 &uarr;","[서울경제] 넥슨지티(041140)의 신작 ‘액스’가 모바일 앱장터 매출 1위를 경신하며 주가도 고공행진 중이다. 넥슨지티는 오전 9시24분 현재 전일 대비 3.14%(450원) 오른 1만4,800원에 거래되고 있다. 회사의 신작인 액스는 14일 애플 앱스토어 매출 1위를 기록했으며 구글 플레매출도 이시각 현재 2위를 달리고 있다. 앱장터 매출 1위 게임은 일반적으로 일 매출 10억원 이상을 올리는 것으로 업계는 보고 있다."
파이낸셜뉴스,041140,/news/news_read.nhn?article_id=0003874593&office_id=014&mode=search&query=넥슨지티&page=1,2017-09-14 15:38,"[fnRASSI]넥슨지티,대성엘텍 등 40종목 52주 신고가 경신","14일 넥슨지티(041140), 대성엘텍(025440), 와이디온라인(052770), 성창오토텍(080470), 아이앤씨(052860), 삼진(032750)등이 장중 52주 신고가를 경신했다. 특히 넥슨지티는 전 거래일 대비 29.9% 오른 14,350원에 거래를 마감하며 높은 관심을 받았다. 이외에 한솔테크닉스는 18000원까지 올라 신고가를 경신했으나, 전일보다 오히려 하락한 17,700원에 거래를 마감했다. 'fnRASSI'는 증권전문 기업 씽크풀과 파이낸셜뉴스의 협업으로 로봇기자가 실시간으로 생산하는 기사입니다."
한국경제,041140,/news/news_read.nhn?article_id=0003583174&office_id=015&mode=search&query=넥슨지티&page=1,2016-04-22 09:07,"[특징주]넥슨지티, 서든어택2 성공 기대감에 '상승'","[ 김아름 기자  ] 넥슨지티가 신작 서든어택2의 출시를 앞두고 흥행 기대감에 상승세다. 22일 오전 9시3분 현재 넥슨지티는 전날보다 400원(3.19%) 오른 1만2950원에 거래되고 있다. 넥슨지티는 지난 20일 서든어택2의 클로즈드 베타테스트를 마무리했다. 이문종 신한금융투자 연구원은 ""2014년 서든어택M(모바일) 공개 직후 주가가 168% 상승한 선례가 있다""며 ""기존 서든어택 유저와 함께 휴면 유저의 복귀가 서든어택 2의 초반 흥행을 이끌 것""이라고 전망했다. 김아름 한경닷컴 기자"
서울경제,041140,/news/news_read.nhn?article_id=0003200771&office_id=011&mode=search&query=넥슨지티&page=1,2018-01-18 11:19,"(코)넥슨지티, 전일 대비 7.00% 상승.. 일일회전율은 1.83% 기록","[서울경제] 넥슨지티(041140) 는 18일 오전 11시 17분 현재 7.00% 오른 13,750원에 거래되고 있으며, 34(매도):66(매수)의 매수우위를 기록하고 있다. 거래대금은 86억3,551만, 거래량은 64만6,064주로 거래량회전율은 1.83%로 나타났다. 지난 1개월간 넥슨지티는 상승 13회, 하락 14회를 기록했고, 주가수익률은 -8.94% 표준편차는 2.88%를 기록했다. 이 기간 ' 디지털컨텐츠업 ' 업종 평균 주가수익률은 12.56%로 나타났으며, 변동성은 1.86%를 기록했다. 이 시각 현재 ' 디지털컨텐츠업 '은 2.51% 상승 중이며, 56(매도):44(매수)의 매도우위를 기록하고 있다."
머니S,041140,/news/news_read.nhn?article_id=0000299275&office_id=417&mode=search&query=넥슨지티&page=1,2018-02-28 17:40,"넥슨지티, 신임 대표이사에 신지환 엔도어즈 대표 내정","/사진제공=넥슨지티 넥슨지티가 28일 신임 대표이사로 신지환 엔도어즈 대표이사를 내정했다고 밝혔다. 신지환 신임 대표는 오는 3월 주주총회와 이사회를 거쳐 공식 선임된다. 신 내정자는 2005년 넥슨에 입사해 재무기획실장과 일본법인 관리회계실장을 역임했으며, 2013년부터 엔도어즈 대표이사로 재직 중이다. 신 내정자는 “넥슨지티는 최근 몇 년간 해마다 신작을 시장에 내놓은 역량 있는 개발사다”며 “더욱 안정적이고 진취적인 개발환경을 조성해 새로운 성장 기회를 만들어가도록 노력하겠다”고 소감을 밝혔다. 넥슨지티는 온라인 FPS게임 서든어택의 개발사로, 모바일 게임 액스와 스페셜솔져를 개발한 넥슨레드를 자회사로 두고 있다. 넥슨지티는 현재 일렉트로닉아츠, 리스폰엔터테인먼트와 제휴를 맺고 온라인 게임 신작 ‘타이탄폴 온라인’을 개발하고 있다."
매일경제,041140,/news/news_read.nhn?article_id=0004015521&office_id=009&mode=search&query=넥슨지티&page=1,2017-09-15 19:19,[게임스톡] 넵튠&middot;넥슨지티 &lsquo;상한가&rsquo;에 게임주 줄상승&hellip;펄어비스 공모가 회복,"모바일게임 ‘액스’의 흥행에 힘입어 전일 상한가를 기록한 넥슨지티가 이날 단일가매매에도 또 한 번 가격제한폭까지 올랐다. ‘배틀그라운드’ 흥행으로 관심을 받았던 넵튠도 상한가에 동참했다. 이들 게임주의 상승세에 힘입어 여타 게임주도 동반 상승했다. 네오위즈가 11.89% 올랐고 전일 상장한 펄어비스는 9.20% 상승하며 공모가(10만3000원)를 넘어섰다. 룽투코리아는 8.95%, 바른손이앤에이와 더블유게임즈, 한빛소프트, 썸에이지 등은 7%대의 상승률을 보였다. 액션스퀘어, 파티게임즈, 엠게임, 드래곤플라이 등이 5~6% 이상 오르기도 했다. 15일 넥슨지티는 가격제한폭까지 오른 1만8650원에 장을 마감했다. 전일에 이은 이틀 연속 상한가 행진이다. 자회사 넥슨레드가 개발한 모바일게임 ‘액스’가 구글 플레이 매출 순위 2위에 오른 것이 상승세의 요인으로 꼽힌다. 이날 상승세에 힘입어 넥슨지티는 52주 신고가도 갱신했다. 다만 매수세를 유지했던 외국인 투자자들은 이날 매도세를 기록했다. 넥슨지티는 PC온라인 슈팅게임 ‘서든어택’의 개발사로 현재 자체 개발 PC온라인 슈팅게임 ‘타이탄폴온라인’도 제작하고 있으며 자회사 넥슨레드는 모바일 슈팅게임 ‘스페셜솔져’의 해외 진출에도 힘쓰고 있다. 넵튠도 상한가를 기록하며 1만7550원에 장을 마쳤다. 넵튠의 경우 블루홀의 ‘배틀그라운드’의 글로벌 흥행이 상승 요인으로 꼽힌다. ‘배틀그라운드’는 ‘스팀’을 통해 출시돼 현재까지 누적 판매량이 1000만 장이 넘는다. 넵튠은 올해 초 50억 원을 투자해 블루홀의 주식 16만6666주를 주당 3만원에 취득한바 있으며 현재 블루홀의 주식은 장외시장에서 50만 원 이상에 거래되고 있다. 넵튠이 보유한 블루홀의 지분가치만 800억 원 이상이다. 넵튠은 이에 힘입어 지난달부터 꾸준히 상승세를 거듭했고 8월 1일부터 이날까지의 상승률은 142%다. 넵튠의 경우 현재 자체 개발 모바일게임 ‘프로젝트R’을 제작 중이며 조만간 일본 퍼블리싱 계약을 체결하고 출시 준비를 본격화할 예정이다. 또 자회사 마그넷과 불혹소프트를 통해 ‘카카오프렌즈’ 지식재산권(IP) 기반 모바일게임 2종도 제작 중에 있다. 네오위즈도 11.89% 상승한 1만2700원을 기록했다. 네오위즈는 ‘스팀’을 통해 슈팅게임 ‘블랙스쿼드’를 서비스하고 있다. 이날 9.20% 오른 10만8000원에 장을 마치며 공모가를 넘어선 펄어비스는 PC게임 ‘검은사막’을 ‘스팀’을 통해 선보인바 있으며 모바일 MMORPG ‘검은사막M’도 제작하고 있다. 이외에 바른손이앤에이의 계열사 이브알스튜디오가 개발한 가상현실(VR)게임 ‘프로젝트M: 드림’과 ‘프로젝트M: 데이드림’이 스팀을 통해 출시된바 있다. 한편 이날 전반적인 게임주의 상승세 속에 엔씨소프트는 2.19% 하락했고 위메이드는 1.16% 내렸다. 엔터메이트, 신스타임즈 등은 약보합세를 기록했다."
부산일보,041140,/news/news_read.nhn?article_id=0000772407&office_id=082&mode=search&query=넥슨지티&page=1,2018-01-17 15:24,"넥슨지티, 지역아동센터에 3000만 원 기증","넥슨지티는 넥슨레드와 함께 경기 성남시 분당구 중탑지역아동센터에 임직원이 모은 기부금 3000만 원을 전달하고 컴퓨터 15대를 기증했다고 17일 밝혔다. 기부금은 두 회사 임직원들이 사내 피트니스와 미용실 등 편의시설을 이용하며 모은 돈이다.   두 회사는 최근 3년 간 지역사회에 컴퓨터를 기증하고 문화 행사와 새 학기 맞이 행사, 초등학교 졸업여행 등을 지원해왔다. 봄과 가을에는 푸드트럭을 겨울에는 연말행사 등의 이벤트 등도 열고 있다. 올해는 더 다양한 후원 활동을 계획하고 있다고 한다.   이들 회사에 따르면 이지숙 중탑지역아동센터장은 ""뜻 깊은 사내 기부금을 후원해준 두 회사 임직원들께 진심으로 감사 드린다""며 ""앞으로도 아이들에게 소중한 추억과 즐거운 경험을 많이 만들어줄 수 있도록 최선을 다하겠다""고 전했다.   임강신 넥슨지티 이사는 ""중탑지역아동센터와 사회공헌 협약을 맺을 때 약속했던 지속적인 후원이 계속 이어지도록 신경 써왔다""며 ""임직원들의 소중한 기부금이 지역 내 아동들에게 잘 쓰여질 수 있도록 더욱 노력하겠다""고 말했다. "
파이낸셜뉴스,041140,/news/news_read.nhn?article_id=0003875002&office_id=014&mode=search&query=넥슨지티&page=1,2017-09-15 09:51,[fnRASSI]넥슨지티(041140) 현재 8.36% &uarr;,"넥슨지티(041140)는 현재 주가가 전일 대비 8.36% 상승한 15,550원 선에서 거래가 이루어지고 있다. 주가등락폭이 너무 커 최근 한달간 넥슨지티의 상장주식수 대비 거래량을 비교해보니 일별 매매회전율이 3.14%로 집계됐다. 동기간 일평균 주가변동률은 14.4%로 장중 주가등락이 심하기 때문에 투자시 주의가 요망된다. 주요 투자주체는 개인투자자 최근 한달간 주체별 거래비중을 살펴보면 개인이 92.1%로 가장 높은 참여율을 보였고, 외국인이 6.04%를 보였으며 기관은 1.85%를 나타냈다. 그리고 최근 5일간 거래비중은 개인이 93.41%, 외국인이 4.91%, 기관은 1.67%를 기록했다. 'fnRASSI'는 증권전문 기업 씽크풀과 파이낸셜뉴스의 협업으로 로봇기자가 실시간으로 생산하는 기사입니다."
파이낸셜뉴스,041140,/news/news_read.nhn?article_id=0003874187&office_id=014&mode=search&query=넥슨지티&page=1,2017-09-14 09:06,[fnRASSI]넥슨지티(041140) 전일대비 15.38% 상승,"넥슨지티(041140)는 현재 주가가 전일 대비 15.38% 상승한 12,750원 선에서 거래가 이루어지고 있다.                   지표               항목               값               종합점수                 성장성               매출액증가율               -0.17               2.88                 자기자본증가율               -0.02                 안정성               부채비율               4.35               9.17                 유동비율               2552.41                 이익안정성               8.33                 수익성               ROA               2.04               3.5                 ROE               2.13                 영업이익율               0.86          넥슨지티의 퀀트 재무 점수는 15.55점으로 지난 분기에 비해 성장성 점수가 하락했다. 이는 매출액 증가율과 자기자본 증가율이 감소하였기 때문이다. 실적 안정성이 악화되어 안정성 종합 점수는 하락했다. 수익성 측면에서 볼때 ROA, ROE, 영업이익률 모두 하락하여 이전보다 낮은 점수를 받았다. 외국인/기관 순매수, 개인은 순매도(한달누적)  9월7일부터 전일까지 외국인이 5거래일 연속 동종목을 사들였다. 4주간을 기준으로 보면 외국인이 매수반전의 모습을 보이며 171,983주를 순매수했고, 기관도 매수 우위를 유지하면서 9,338주를 순매수했다. 반면 개인들은 순매수에서 순매도로 반전되면서 181,321주를 순매도한 것으로 나타났다. 'fnRASSI'는 증권전문 기업 씽크풀과 파이낸셜뉴스의 협업으로 로봇기자가 실시간으로 생산하는 기사입니다."
한국경제TV,041140,/news/news_read.nhn?article_id=0000574421&office_id=215&mode=search&query=넥슨지티&page=1,2017-09-21 11:30,[국고처 권태민] 종목상담 - 넥슨지티(041140),[한국경제TV 류장현 PD] [국고처 권태민] 종목상담 - 넥슨지티(041140) 9월 16일 방송된 `국민주식고충처리반`에 출연한 권태민 파트너가 넥슨지티(041140)에 대한 시세와 전망을 이야기하고 있다.
아이뉴스24,041140,/news/news_read.nhn?article_id=0000435820&office_id=031&mode=search&query=넥슨지티&page=1,2018-01-17 15:25,"넥슨지티&middot;넥슨레드, 중탑지역아동센터에 3천만원 기부","[아이뉴스24 문영수기자] 넥슨지티(대표 김정준)는 자회사 넥슨레드(대표 김대훤)와 함께 성남시 분당구 중탑지역아동센터에 양사 임직원이 모은 기부금 3천만원과 컴퓨터 15대를 기증했다고 17일 발표했다. 이번 기부금은 넥슨지티와 넥슨레드 임직원이 사내 피트니스와 미용실 등 편의 시설을 이용하며 낸 금액을 모은 것이다. 양사는 회사가 위치한 성남시 지역 아동을 직접 후원하고자 2015년 중탑지역아동센터와 사회공헌 협약을 맺은 바 있다. 이지숙 중탑지역아동센터장은 ""뜻깊은 사내 기부금을 후원해준 두 회사 임직원들께 진심으로 감사드린다""며 ""앞으로도 아이들에게 소중한 추억과 즐거운 경험을 많이 만들어줄 수 있도록 최선을 다하겠다""고 말했다. 임강신 넥슨지티 이사는 ""처음 센터와 사회공헌 협약을 맺을 때 약속했던 지속적인 후원이 계속 이어지도록 신경 써왔다""며 ""임직원들의 소중한 기부금이 지역 내 아동들에게 잘 쓰일 수 있도록 더욱 노력하겠다""고 말했다. /문영수기자"
이데일리,041140,/news/news_read.nhn?article_id=0003526967&office_id=018&mode=search&query=넥슨지티&page=1,2016-04-22 09:05,"[특징주]넥슨지티, 서든어택2 흥행 기대 고조로 &uarr;",[이데일리 박형수 기자] 넥슨지티(041140)가 정식 서비스를 앞둔 ‘서든어택2’의 흥행 기대로 강세다. 22일 오전 9시2분 넥슨지티는 전날보다 3.59% 오른 1만3000원에 거래되고 있다. 이날 신한금융투자는 넥슨지티에 대해 서든어택2의 흥행 기대감이 높다고 평했다. 이문종 신한금융투자 연구원은 “서든어택2를 출시하는 하반기 매출은 전년보다 29.3% 늘어난 306억원을 예상한다”며 “기존 서든어택 유저와 함께 휴면 유저의 복귀가 서든어택 2의 초반 흥행을 이끌 것”이라고 전망했다. 그는 이어 “10만명 규모의 비공개 베타 테스트(CBT)에 19만명이 몰렸다”며 “부품 구매를 통해 총기 디자인과 성능을 개선하는 등 수익 모델이 추가된 점이 긍정적”이라고 분석했다.
서울경제,041140,/news/news_read.nhn?article_id=0003112144&office_id=011&mode=search&query=넥슨지티&page=1,2017-09-14 09:18,"넥슨지티, 모바일게임 흥행에 주가 10% 급등","[서울경제] 넥슨의 신작 모바일 MMORPG ‘액스’가 출시 하루 만에 흥행하면서 넥슨지티(041140) 주가가 급등하고 있다. 14일 오전 9시 11분 현재 넥슨지티는 코스닥 시장에서 전 거래일 대비 9.50% 오른 1만2,100원에 거래되고 있다. 장 초반에는 주가가 지난 12일 경신한 52주 신고가(1만3,650원)에 근접한 1만3,000원까지 치솟기도 했다. 이 날 넥슨지티의 주가는 신작 모바일 게임 ‘액스’가 견인했다. 애플 앱스토어 등에 따르면 ‘액스’는 전일 애플 앱스토어 최고 매출 1위에 등극했다. 사전 오픈 하루 만에 이룬 쾌거다. 기존 시장 선두를 달리던 ‘리니지M’과 ‘리니지2 레볼루션’도 눌렀다. 시장에서는 구글플레이 매출 순위에서도 이 같은 흥행을 이어갈지 관심이 모아 지고 있다."
매일경제,041140,/news/news_read.nhn?article_id=0004014304&office_id=009&mode=search&query=넥슨지티&page=1,2017-09-14 10:02,"[게임스톡] 넥슨지티, 급등&hellip;&lsquo;액스&rsquo; 구글 매출 2위 등극",넥슨지티가 장초반부터 급등세를 보이고 있다. 개발자회사 넥슨레드가 제작한 모바일 MMORPG ‘액스’가 지난 13일 애플 앱스토어 매출 순위 1위에 오른데 이어 이날 구글 플레이 매출 순위에서 2위를 차지한 것이 영향을 주는 것으로 풀이된다. 14일 10시 현재 넥슨지티는 전거래일 대비 20.36% 오른 1만3300원에 거래되고 있다. 전일에는 4.25% 올랐다. 이날 상승세는 자회사 넥슨레드가 넥슨을 통해 출시한 모바일게임 ‘액스’의 흥행 때문으로 풀이된다. ‘액스’는 전일 애플 앱스토어 매출 1위에 오른 것은 물론 이날 오전 구글 플레이에서도 매출 2위에 등극했다.
뉴시스,041140,/news/news_read.nhn?article_id=0008409081&office_id=003&mode=search&query=넥슨지티&page=1,2018-01-23 19:00,"넥슨지티 자회사 '넥슨레드', 엔도어즈 흡수 합병","【서울=뉴시스】이진영 기자 = 넥슨지티(041140)의 자회사 넥슨레드가 엔도어즈를 흡수합병한다고 23일 공시했다. 존속회사는 넥슨레드이고, 소멸회사는 엔도어즈이다. 회사 측은 합병 목적에 대해 ""게임사업 강화 및 경영효율화로 기업경쟁력 높이기 위함""이라고 설명했다."
매일경제,041140,/news/news_read.nhn?article_id=0004019450&office_id=009&mode=search&query=넥슨지티&page=1,2017-09-22 14:53,"리니지 독주 깬 넥슨지티, 주가는?","MMORPG 액스, 구글플레이 2위·앱스토어 3위신작 게임 단기 테마 부각 우려 넷마블게임즈와 엔씨소프트가 격돌하던 모바일 게임 시장에 넥슨이 신작 게임을 들고 뛰어들자 주식 시장도 뜨겁게 반응하고 있다. 자회사가 개발을 맡은 신작 게임 '액스(AxE)'의 흥행 기대에 넥슨지티 주가는 최근 한 달간 두 배 가까이 뛰었다. 22일 코스닥 시장에서 넥슨지티 주가는 오후 2시 현재 전일 대비 750원(4.69%) 하락한 1만5250원에 거래되고 있다. 지난 12일 출시한 롤플레잉 게임 액스에 대한 기대감이 한 달 전부터 주가를 끌어올렸다. 하지만 넥슨지티 주가는 지난 20일 52주 신고가를 기록한 후 차익 실현에 따른 조정을 받고 있지만 이달 들어서만 39.26% 상승한 상태다. 수급 측면에서는 이달 초 이후 외국인과 기관투자가는 순매도를 기록 중이며 개인투자자의 매수세가 주가를 주도하고 있다. 증권업계에서는 넥슨지티가 향후 액스 매출의 실적 반영으로 흑자 전환이 가능할 것으로 보고 있다. 현재 액스는 출시 직후부터 리니지2 레볼루션(넷마블), 리니지M(엔씨소프트)과 순위에서 어깨를 나란히 하고 있다. 22일 구글플레이에서 국내 게임 매출 2위, 애플 앱스토어에서는 3위를 기록 중이다. 이들 마켓에서 액스의 하루 평균 매출은 10억~15억원으로 추정된다. 이 중 30%가 넥슨지티 몫이다. 이민아 KTB투자증권 연구원은 ""지난 2분기 35억원 영업손실을 기록한 넥슨지티가 3분기에는 영업이익으로 32억원, 4분기 240억원을 벌어들일 것""이라면서 ""향후 12개월 실적으로 본 주가순익비율(PER)은 현재 8.6배 수준으로 주가가 저평가된 상태""라고 분석했다. 같은 기준으로 엔씨소프트 PER이 20.4배이며 넷마블이 21.5배임을 고려하면 절반에 못 미치는 셈이다. 그러나 신작에 대한 쏠림 현상이 급격하게 나타나는 게임 시장의 특성상 단기성과만 가지고 낙관하기는 어렵다는 지적도 나온다. 액스와 같은 모바일 롤플레잉 장르에서만 넷마블, 펄어비스, 웹젠 등이 하반기에 신작을 선보일 계획이다. 중소형 게임주 중 신작 수혜주 찾기가 단기 유행으로 흘러갈 가능성이 높은 이유다. 이민아 연구원도 ""신작 경쟁이 심화되면서 충성 고객을 많이 확보해 시장을 선점하거나 탄탄한 자금력으로 마케팅 역량을 총동원하는 게임이 흥행할 것""이라고 내다봤다. [정우성 기자] r_start // r_end //"
서울경제,041140,/news/news_read.nhn?article_id=0002821436&office_id=011&mode=search&query=넥슨지티&page=1,2016-04-22 10:32,"넥슨지티, 서든어택2 성공 기대감에 상승세","넥슨지티(041140)가 신작 서든어택2의 출시를 앞두고 흥행 기대감에 상승세다. 22일 오전 10시 30분 현재 넥슨지티(041140)는 코스닥시장에서 전날보다 0.8%(100원) 오른 1만2,650원에 거래되고 있다. 이 회사는 지난 20일 서든어택2의 클로즈드 베타테스트를 마무리했다. 이문종 신한금융투자 연구원은 “2014년 서든어택M(모바일) 공개 직후 주가가 168% 상승한 선례가 있다”며 “기존 서든어택 유저와 함께 휴면 유저의 복귀가 서든어택 2의 초반 흥행을 이끌 것”이라고 전망했다."
이데일리,041140,/news/news_read.nhn?article_id=0003927433&office_id=018&mode=search&query=넥슨지티&page=1,2017-09-20 08:04,리니지 독주 깬 액스&hellip;넥슨지티 반등 기대 `솔솔`,"- 액스, 넥슨지티 자회사 넥슨레드 자체 개발 게임 - 리니지2레볼루션 제치고 액스 매출 2위 등극 - 리니지M·리니지2레볼루션 양강 체제에 변화 감지 [이데일리 박형수 기자] 넥슨지티(041140) 주가가 이틀 연속 급락한 가운데 모바일 대규모 다중접속역할수행게임(MMORPG) ‘액스(AXE)’ 인기는 날로 높아지고 있어 반등에 대한 기대가 커지고 있다. 20일 마켓포인트에 따르면 넥슨지티 주가는 지난 18일부터 이틀 동안 11.5% 하락했다. 앞서 넥슨지티 주가는 지난달부터 가파른 상승곡선을 그렸다. 지난 15일 1만8650원으로 52주 신고가를 기록할 때까지 한달 반 사이에 161.2% 상승했다. 최근 이틀 동안 주가가 하락한 것은 급등에 따른 차익실현 욕구가 커진 탓으로 풀이했다. 넥슨지티 주가 상승 배경에는 지분 100%를 보유한 자회사 넥슨레드가 개발한 신규 모바일게임 액스에 대한 기대감이 작용했다. 지난 14일 출시한 액스는 사흘 만에 100만 다운로드를 넘겼다. 구글 플레이에 따르면 액스가 매출 2위에 올랐다. 넷마블게임즈 ‘리니지2레볼루션’이 3위로 밀려났다. 전세계 안드로이드 게임 매출 순위를 분석해주는 싱크게이밍(ThinkGaming)에 따르면 19일 기준으로 국내대표 MMORPG 매출 순위는 리니지M(11위), 액스(17위), 리니지2 레볼루션(19위)으로 집계했다. 국내 애플 앱스토어 게임 순위에서도 액스의 인기를 확인할 수 있다. 액스는 게임 출시 4일 만에 리니지2 레볼루션을 제쳤다. 넷마블게임즈와 엔씨소프트는 각각 리니지2레볼루션, 리니지M으로 출시한 첫 달 매출 2000억원 이상을 올렸다. 모바일 MMORPG가 대규모 매출을 올릴 수 있다는 가능성을 보여준 사례다. 액스는 온라인게임 리니지 지적재산권(IP)을 활용한 게임보다는 매출규모가 작지만 월간 수백억원대 매출을 달성할 것으로 보인다. 모바일 MMORPG 장르에서 핵심 콘텐츠로 자리 잡은 거래소 기능을 액스가 도입할 것이라는 기대도 커지고 있다. 모바일 게임 내 거래소는 이용자가 아이템을 거래하며 원활한 플레이를 돕는 기능을 한다. 게임사는 거래 시 수수료를 차감할 수 있어 매출 확보에도 좋은 비즈니스모델 가운데 하나다. 최근 모바일 MMORPG에서는 필수 콘텐츠로 자리 잡았다. 액스에 거래소 기능이 생긴다면 매출 증가 측면에서 도움이 될 것으로 보인다. 한 투자자문사 펀드매니저는 “최근 국내 증시에서 게임업종에 대한 관심이 살아나고 있다”며 “액스의 성공은 넥슨지티에 대한 재평가 요인으로 작용할 수 있다”고 예상했다."
아시아경제,041140,/news/news_read.nhn?article_id=0003798366&office_id=277&mode=search&query=넥슨지티&page=1,2016-07-29 18:06,"한국거래소, 넥슨지티에 불성실공시법인지정 예고",[아시아경제 임혜선 기자]한국거래소는 공급계약 금액 50% 이상 변경을 이유로 넥슨지티에 불성실공시법인지정을 29일 예고했다. 지정여부 결정시한은 오는 8월24일이다.
뉴시스,041140,/news/news_read.nhn?article_id=0007062215&office_id=003&mode=search&query=넥슨지티&page=1,2016-02-25 15:28,"넥슨지티, 100억 자사주 취득 신탁계약 체결","【서울=뉴시스】넥슨지티는 주가안정과 주주가치 제고를 위해 대우증권과 100억원의 자기주식취득 신탁계약을 체결했다고 25일 공시했다. 계약기간은 오는 26일부터 8월25일까지다. ★ 세상에 이런일이 -  교도소 하수구에서 토막시신 100여구 발견 ★ 오늘의 핫 포토 -  몸짱 치어리더 배수현, 아찔한 비키니 몸매"
매일경제,041140,/news/news_read.nhn?article_id=0004014957&office_id=009&mode=search&query=넥슨지티&page=1,2017-09-15 08:16,"넥슨지티 &lsquo;상한가&rsquo;&hellip;와이디&middot;웹젠, 중소형주도 급등","넥슨지티를 필두로 와이디온라인과 웹젠 등 중소형 게임주들이 날았다. 14일 넥슨지티는 상한가를 기록하며 전일 대비 3300원이 오른 1만4350원에 장을 마감했고 와이디온라인도 19.16% 오른 7090원을 기록했다. 웹젠은 10.30%, 이날 상장한 펄어비스도 6.69% 상승했다. 이외 액션스퀘어가 4.52%, 선데이토즈가 3.67%, 액토즈소프트가 3.03% 올랐고 썸에이지와 넵튠, 데브시스터즈 등은 2%대의 상승률을 기록했다. 넥슨지티의 경우 자회사 넥슨레드가 개발한 모바일게임 ‘액스’가 전일 애플 앱스토어 매출 1위를 기록한데 이어 이날 오전 구글 플레이 매출 2위에 오른 것이 주효했다. 장초반 20% 가량 치솟았던 넥슨지티는 오후 들어 상승폭을 높이면서 결국 상한가로 마감했다. 와이디온라인도 오전부터 강세로 출발해 지속적으로 주가를 높였다. 일본 출시를 앞둔 모바일게임 ‘라인 블리치’ 기대감과 넥슨지티의 급등세 등이 영향을 준 것으로 보인다. 웹젠도 넥슨지티가 급등한 시점부터 상승폭을 높였다. 웹젠의 경우 ‘뮤’ 지식재산권 제휴 게임 ‘대천사지검H5’의 이달 말 중국 출시와 기대작 ‘기적MU: 각성’의 중국 리미티드 테스트 참가자 모집 소식 등이 상승 요인으로 풀이된다. 이날 코스닥 시장에 상장한 펄어비스도 공모가 10만3000원 대비 10% 낮은 9만2700원의 시초가를 기록하고 장초반 약세 흐름을 보였으나 10시 전후로 낙폭을 줄이면서 반등에 성공했다. 한편 최근 상승세를 지속했던 엔씨소프트의 경우 장초반 약세 흐름을 보였으나 장마감 직전 상승세로 돌아서 1.27% 올랐다. 넷마블게임즈는 0.34% 상승했다."
아시아경제,041140,/news/news_read.nhn?article_id=0004069886&office_id=277&mode=search&query=넥슨지티&page=1,2017-09-06 15:19,넥슨지티 &quot;시황변동 사유 없어&quot;,"[아시아경제 권성회 기자] 넥슨지티는 최근 현저한 시황변동 관련 한국거래소의 조회공시 요구에 대해 ""이와 관련해 별도로 공시할 중요한 정보가 없다""고 6일 답변했다."
한국경제,041140,/news/news_read.nhn?article_id=0003829307&office_id=015&mode=search&query=넥슨지티&page=1,2017-09-27 09:12,"[특징주]넥슨지티, 모바일 게임 '액스' 흥행에 급등","넥슨지티가 모바일 게임 '액스' 흥행 소식에 장 초반 급등세를 보이고 있다. 27일 오전 9시7분 현재 넥슨지티는 전날 대비 1700원(11.97%) 오른 1만5900원에 거래 중이다. 하이투자증권은 이날 넥슨지티에 대해 액스의 흥행으로 매출액이 전년 대비 3배 가량 증가할 것으로 전망했다. 이 증권사의 김민정 연구원은 ""현재 액스의 일매출액 10억원을 퍼블리셔와의 수익배분을 5대 5로 가정했을 경우 넥슨지티가 인식하는 연간 매출액은 1278억원""이라며 ""지난해 전체 매출액이 59억원이었던 점을 감안하면 액스 게임으로 매출이 3배 증가하는 효과가 발생한다""고 분석했다."
한국경제,041140,/news/news_read.nhn?article_id=0003819734&office_id=015&mode=search&query=넥슨지티&page=1,2017-09-06 15:53,넥슨지티 &quot;시황변동 관련 중요 공시사항 없어&quot;,"넥슨지티는 현저한 시황변동에 대한 한국거래소의 조회공시 요구에 ""이와 관련해 별도로 공시할 중요한 정보가 없다""고 6일 답변했다."
한국경제,041140,/news/news_read.nhn?article_id=0003632863&office_id=015&mode=search&query=넥슨지티&page=1,2016-07-30 03:32,[코스닥 기업공시] (29일) 넥슨지티 등,▲넥슨지티=넥슨코리아와 맺은 ‘서든어택2’ 공동 사업계약 해지. ▲엔텔스=데이터 서비스 분리과금 방법에 대한 특허 취득. ▲슈프리마에이치큐=박대종 전 사내이사 9380만원 횡령 혐의로 고소. ▲우리산업=중국 전기차 계열사에 29억원을 출자해 지분 51%를 취득할 예정. [
파이낸셜뉴스,041140,/news/news_read.nhn?article_id=0003880940&office_id=014&mode=search&query=넥슨지티&page=1,2017-09-27 09:07,[fnRASSI]넥슨지티(041140) 전일대비 12.68% 상승,"넥슨지티(041140)는 현재 주가가 전일 대비 12.68% 상승한 16,000원 선에서 거래가 이루어지고 있다. 외국인, 기관 모두 보유량 감소 (5일 누적) 최근 5일간 동종목의 외국인 투자자는 75,661주 순매도하였고 마찬가지로 기관은 56,727주 순매도하였다. 전날 외국인 28,947주 순매수, 기관56,727주 순매도하며 보유 비율이 변동했다. 다음 표는 동종목의 외국인, 기관의 일별 순매수량을 나타낸 것이다. 기관/개인 순매수, 외국인은 순매도(한달누적)  9월25일부터 전일까지 기관이 2거래일 연속 순매도를 보였다. 4주간을 기준으로 보면 기관이 매기를 떨어뜨리면서도 19,981주를 순매수했고, 개인들도 매매관점을 매도에서 매수로 전환하면서 5,361주를 순매수했다. 반면 그 동안 외국인은 25,342주를 순매도했다. 'fnRASSI'는 증권전문 기업 씽크풀과 파이낸셜뉴스의 협업으로 로봇기자가 실시간으로 생산하는 기사입니다."
매일경제,041140,/news/news_read.nhn?article_id=0004008511&office_id=009&mode=search&query=넥슨지티&page=1,2017-09-05 10:12,"[게임스톡] 넥슨지티, 상승 흐름 어디까지&hellip;14일째 오름세",넥슨지티의 상승 흐름이 지속되고 있다. 지난달 17일 이후 14거래일 연속 오름세를 이어가는 모습이다. 5일 오전 9시 58분 현재 넥슨지티는 전거래일 대비 2.16% 오른 1만1850원에 거래되고 있다. 지난 8월 17일부터 14거래일째 상승 흐름이다. 전일까지 55.7% 상승했다. 넥슨지티의 경우 자회사 넥슨레드가 제작한 모바일 MMORPG ‘액스’에 대한 기대감이 작용하는 것으로 풀이된다. 이 게임은 이달 14일 출시를 앞두고 있으며 사전예약자 모집 수치 및 공식 카페 회원가입자 규모 등에서 흥행 가능성이 높다고 점쳐지고 있다.
한국경제TV,041140,/news/news_read.nhn?article_id=0000484088&office_id=215&mode=search&query=넥슨지티&page=1,2016-08-01 10:40,"[특징주] 넥슨지티, 서든어택2 서비스 종료에 급락","[한국경제TV 김종학 기자] 넥슨지티가 온라인 게임'서든어택 2' 서비스 종료 결정에 장초반 급락했습니다. 넥슨지티는 1일 오전 10시 7분 현재 지난 금요일보다 9.20% 내린 9,080원에 거래됐습니다. 이 회사 주가는 장중 8,810원까지 하락해 52주 신저가를 경신했습니다. 넥슨지티는 지난달 29일 공시를 통해 넥슨코리아와 맺은 서든어택2 공동 사업 계약을 해지한다고 밝혔습니다. 1인칭 슈팅게임 서든어택의 후속작인 서든어택2는 지난 4년간 개발비 300억 원이 투입된 대형 게임입니다. 넥슨지티는 서든어택2 여성 캐릭터의 성상품화 논란이 커지자 출시 23일 만에 서비스 중단 결정을 내렸습니다."
서울경제,041140,/news/news_read.nhn?article_id=0002815018&office_id=011&mode=search&query=넥슨지티&page=1,2016-04-06 08:29,"넥슨지티, 1인칭 슈팅게임 최강자 귀환-KB투자증권","KB투자증권은 6일 보고서를 통해 “12년째 국내 1인칭 슈팅게임(FPS) 게임 순위 1위를 기록중인 ‘서든어택’의 후속작 ‘서든어택2’의 출시가 임박했다”며 “검증된 IP인 ‘서든어택’의 후속작 출시는 신작 FPS 게임에 대한 수요를 충족시킴과 동시에 휴면 이용자 역시 흡수할 수 있을 것으로 판단된다”고 밝혔다. 지난 3월 넥슨은 4월 ‘서든어택2’의 비공개베타테스트(CBT)를 진행하고, 올 여름에 정식 출시할 이라고 밝혔다. 이동륜 KB투자증권 선임연구원은 “넥슨지티는 지난해 온라인게임 ‘데카론’ 및 클래식 RPG게임 5종의 서비스 중단을 결정하면서 저마진 온라인게임 서비스 종료에 따라 비용구조가 개선될 것으로 기대된다”고 말했다. 또 이 연구원은 “2.4분기부터 ‘서든어택2’ 관련 매출액이 본격적으로 인식되는 과정에서 이익이 큰 폭으로 증가할 전망”이라고 덧붙였다."
아이뉴스24,041140,/news/news_read.nhn?article_id=0000383074&office_id=031&mode=search&query=넥슨지티&page=1,2016-08-01 10:00,[특징주]넥슨지티 '서든어택2' 중단에 52주 신저가,"[윤지혜기자] 넥슨지티가 온라인 게임 '서든어택2' 서비스 종료 소식에 급락하고 있다. 넥슨지티는 1일 오전 9시 55분 현재 전일 대비 9.30%(930원) 내린 9천70원에 거래되고 있다. 장 중 한 때 8천810원까지 떨어지며 52주 신저가를 기록했다. 지난 29일 넥슨지티는 넥슨코리아와 '서든어택2'에 대한 공동사업계약을 해지했다고 공시했다. 해지 금액은 188억원으로 지난해 말 재무제표 기준으로 최근 매출액 대비 31.30%에 해당한다. 이에 따라 서든어택2는 오는 9월 29일 서비스가 종료된다. 일인칭슈팅(FPS) 게임 '서든어택'의 정식 후속작인 '서든어택2'는 지난 6일 출시 후 PC방 종합 순위 7위(게임트릭스 기준)에 진입했으나 게임 완성도과 선정성 논란이 불거지면서 인기가 급락했다. 한편, 한국거래소는 ""단일판매·공급계약 금액을 50% 이상 변경했다""며 넥슨지티를 불성실공시법인으로 지난 29일 지정 예고했다. /윤지혜기자"
아시아경제,041140,/news/news_read.nhn?article_id=0004084713&office_id=277&mode=search&query=넥슨지티&page=1,2017-09-27 09:03,"[특징주]넥슨지티, '액스' 흥행으로 장초반 급등","[아시아경제 최동현 기자] 넥슨지티가 모바일 게임 '액스' 흥행으로 급등세다. 27일 오전 9시1분 현재 넥슨지티는 전장 대비 1350원(9.51%) 오른 1만5550원에 거래중이다. 김민정 하이투자증권 연구원은 ""액스의 일매출액은 10억원 수준으로 퍼블리셔와의 수익배분을 5대 5로 가정했을 경우 넥슨지티가 인식하는 연간 매출액은 1278억원""이라며 ""지난해 전체 매출액이 597억원이었음을 감안하면 액스 게임으로 매출이 3배 증가하는 효과가 생기는 것""이라고 말했다."
이데일리,041140,/news/news_read.nhn?article_id=0003516153&office_id=018&mode=search&query=넥슨지티&page=1,2016-04-06 08:22,"넥슨지티, FPS 1위 &lsquo;서든어택&rsquo; 후속작 출시 임박&hellip; &lsquo;매수&rsquo;-KB","서든어택2 출시에 따른 FPS 시장성장 기대. [이데일리 이명철 기자] KB투자증권은 6일 넥슨지티(041140)에 대해 12년째 국내 일인칭슈팅게임(FPS) 게임 순위 1위를 기록 중인 ‘서든어택’의 후속작 ‘서든어택2’ 출시가 임박했다며 신작 FPS 게임에 대한 수요를 충족시키고 휴면 이용자도 흡수할 수 있을 것이라고 진단했다. 투자의견 매수(Buy), 목표주가 1만7500원을 제시하며 커버리지를 개시했다. 이동륜 KB투자증권 연구원은 “넥슨은 이달 14일부터 일주일간 ‘서든어택2’의 비공개테스트(CBT)를 진행하고 여름에 정식 출시할 것이라고 밝혔다”며 “수년간 FPS 장르 내 뚜렷한 흥행작이 부재했던 가운데 검증된 지적재산권(IP)인 ‘서든어택’ 후속작이 출시되는 것”이라고 분석했다. ‘서든어택’은 국내 최고의 FPS IP로 국내 동일 장르 내 압도적인 시장점유율(MS) 1위를 기록하고 있다. 서비스 기간 약 10년 동안 유저의 평균 연령이 21.3세에서 25.8세로 4.5세 증가하는 데 그친 것은 아직도 10대를 중심으로 신규 이용자 유입이 꾸준히 이뤄지고 있는 것으로 풀이됐다. 회사는 지난해 온라인게임 ‘데카론’과 클래식 역할수행게임(RPG) 5종의 서비스 중단한 바 있다. ‘데카론’ 관련 지급수수료 절감과 클래식 RPG 운영인력 감소는 수익성 개선에 긍정적이다. ‘서든어택2’ 관련 개발비는 인건비로 인식해와 추가 비용부담은 제한적이다. 하반기부터 ‘서든어택2’ 관련 매출액이 본격 인식돼 이익이 큰 폭으로 증가할 전망이다. 올해 예상 영업이익은 전년대비 68.4% 증가한 339억원, 영업이익률은 14.4%포인트 개선된 47.9%로 추정됐다. 이 연구원은 “넥슨이 ‘서든어택’ 퍼블리싱을 시작하고 고성장을 시현했던 2011~2012년 당시 영업이익률이 50%를 상회한 점을 감안하면 올해 이익성장은 달성 가능한 수준”이라며 “현재 주가는 2016~2017년 이익성장을 감안할 때 매력적인 구간”이라고 전했다."
조선비즈,041140,/news/news_read.nhn?article_id=0000384242&office_id=366&mode=search&query=넥슨지티&page=1,2017-09-27 09:02,"[특징주] 넥슨지티, 넥슨의 코빗 인수 소식에 급등","넥슨지티(041140) 가 모회사인 넥슨의 지주회사가 가상화폐 거래소를 인수했다는 소식에 급등했다. 27일 넥슨지티는 전날보다 7.75%(1100원) 오른 1만5300원에 거래되고 있다. 게임업체 넥슨의 지주회사인 엔엑스씨913억원는 국내 가상화폐 거래소 코빗의 지분 65.19%를 913억원에 매수해 경영권을 인수하는 내용의 주식 매매계약을 체결했다고 26일 밝혔다. 코빗은 2013년 설립된 국내 최초의 가상화폐 거래소로, 가입 회원수는 약 3만명, 거래량 기준 세계 10위권이다. 엔엑스씨는 “차세대 보안기술인 블록체인에 대한 수요가 커질 것으로 보고, 이 기술을 기반으로 하는 가상화폐 투자를 결정했다”고 전했다."
머니투데이,041140,/news/news_read.nhn?article_id=0003930548&office_id=008&mode=search&query=넥슨지티&page=1,2017-09-05 17:19,"[조회공시] 넥슨지티, 최근 주가급등 관련",[머니투데이 김주현 기자] 한국거래소 코스닥시장본부는 5일 넥슨지티에 최근 주가급등 관련 조회공시를 요구했다. 답변시한은 6일 오후 6시까지다.
매일경제,041140,/news/news_read.nhn?article_id=0003761207&office_id=009&mode=search&query=넥슨지티&page=1,2016-07-04 10:37,반등 성공한 게임주&hellip;소맥&middot;위메이드&middot;넥슨지티 상승률 &lsquo;최고&rsquo;,"[게임스톡] 금주의 업앤다운(Up and Down) : 소프트맥스 최고 ↑ 6월 마지막주(6월 27일~7월 1일) 가장 높은 상승세를 보인 게임주는 소프트맥스였다. 증권 시장의 반등세와 맞물리면서 이 기간 25.94% 올랐다. 이외에도 위메이드가 20.42% 상승하는 등 10% 이상 오른 곳이 총 7곳에 달했다. 전반적인 상승세에 약세 흐름을 보인 곳이 단 한 곳도 없었을 정도였다. 이에 힘입어 24곳 게임주 평균 등락률은 9.48%를 기록했다. 엔씨소프트와 NHN엔터테인먼트를 제외한 코스닥 상장 게임주 22곳의 평균 등락률은 9.70%로 더 높았다. ◆ 브렉시트 영향 벗어난 증시…게임주도 ‘반등’ 게임주의 전반적인 상승세는 영국의 유럽연합(EU)의 탈퇴(브렉시트)가 결정되면서 증권 시장이 안정화된 것이 주효했다. 최근 증권 시장은 브렉시트 우려감으로 주가가 불안했다. 특히 6월 넷째주(6월 20일~6월 24일)의 경우 브렉시트 우려감이 완화되면서 6월 20일 코스닥 지수가 1.49% 오르기도 했으나 마지막 거래일인 24일에는 영국 국민투표 결과 브렉시트가 확실시된다는 소식에 주가가 폭락했다. 코스닥 지수는 4.76% 하락했고 코스피 지수는 3.09% 내렸다. 하지만 6월 마지막 주에는 오히려 영국의 EU 탈퇴 확정으로 불확실성이 해소돼 증권시장이 반등하는 모습을 보였다. 코스닥 지수가 5.73%, 코스피 지수가 3.22% 상승하는 등 주중 지속 오름세를 보였다. ◆ 상승률 높은 소프트맥스, 거래량은 다소 적은 편 가장 상승률이 높았던 소프트맥스의 경우 주중 특별한 이슈가 있었던 것은 아니다. 다만 80억 원 규모의 전환사채 발행, 10억 원 규모의 제3자 배정 유상증자 등으로 운영자금을 확보하면서 향후 신작 개발 및 사업전개가 지속될 것이라는 기대감은 존재하는 상황이다. 그러나 소프트맥스는 주가 상승률에 비해 거래량이 적은 편이라는 점도 눈여겨 볼 부분이다. 주중 소프트맥스는 일간 거래량이 한번도 10만 주 이상을 기록한 적이 없다. 5일간의 총 거래량은 26만6014주로 일 평균 5만3천주 가량이 거래된 셈이다. 반면 위메이드의 경우 같은 기간 193만160주 거래됐고 넥슨지티는 127만7510주, 액토즈소프트는 45만3465주, 파티게임즈는 43만3211주의 거래량을 보였다. 소프트맥스의 뒤를 이어 상승률이 높았던 게임주로는 위메이드, 넥슨지티, 액토즈소프트, 파티게임즈, 엠게임, 플레이위드 등이었다. ◆ 위메이드, ‘미르의전설2’ IP 효과 ‘톡톡’…넥슨지티도 ‘서든어택2’ 기대감 ‘UP’ 이중 위메이드는 20.42% 상승했다. 위메이드는 주중 상승세가 지속됐던 것은 물론 ‘미르의전설2’ IP 제휴 계약 체결 소식이 상승에 크게 기여했다. 위메이드는 지난 6월 28일 공시를 통해 중국 게임업체 킹넷과 웹게임 2종, 모바일게임 1종 등 총 3종의 ‘미르의전설2’ IP를 활용한 게임 개발 제휴 계약을 체결했다고 밝혔다. 계약기간은 서비스 시작 이후 3년, 총 미니멈개런티는 300억 원이었다. 해당 소식에 이날 위메이드는 13.36% 오르는 등 급등세를 보였다. 위메이드의 경우 이외에도 중국 샨다가 ‘미르의전설2’ IP를 활용한 3D 그래픽 기반의 PC온라인게임 ‘전기영항’의 오픈베타 테스트를 시작했고 넥슨 아메리카를 통해 ‘이카루스’의 북미 및 유럽 서비스를 본격화하는 등 호재성 이슈가 많았다. 이에 기관 투자자와 외국인 투자자들의 매수세도 유입되는 등 주가 흐름이 긍정적이었다. 16.11% 오른 넥슨지티도 오는 7월 6일 신작 PC온라인게임 ‘서든어택2’를 모회사 넥슨을 통해 내놓을 예정이다. 동종 장르인 ‘오버워치’가 큰 인기를 끌고 있지만 세부적인 게임성이 다르고 전작 ‘서든어택’의 인기 등에 따른 긍정적 요인이 존재한다는 평가다. 다만 주중 상승세를 보이는 동안 기관 투자자들의 매도세가 유입된 것은 살펴볼 부분이다. 또 일반적으로 게임주는 신작 게임의 출시전까지 상승흐름을 보이다가 출시가 완료되면 주가가 약세로 돌아섰다는 점도 주의할 부분이다. 이외에도 액토즈소프트가 12.71%, 파티게임즈가 12.02%, 엠게임이 10.70%, 플레이위드가 10.00% 오르며 상승률이 높았다. ◆ 카카오 포커게임 내놓는 선데이토즈와 네오위즈게임즈 ‘주목’ 상승률과는 별개로 주목할 게임주 중에는 선데이토즈와 네오위즈게임즈 등이다. 두 회사는 신작 모바일 포커게임을 카카오 게임하기를 통해 출시할 예정이다. 선데이토즈는 ‘애니팡’ 브랜드를 내세운 ‘애니팡포커’, 네오위즈게임즈는 ‘피망포카’를 선보인다. 각각 사전예약에 약 33만9천여명, 26만1천여명을 모은 상태다. 현재 고스톱 및 포커류 게임에 대한 규제 완화와 더불어 상대적으로 결제율이 높은 포커게임이라는 점에서 지난해 등장한 카카오 게임하기용 고스톱 게임보다 좋은 성과가 나올 것이라는 기대감이 존재한다. 여기에 파티게임즈도 카카오 게임하기용 포커게임을 준비 중이고 조만간 출시할 신작 소셜게임 ‘아이러브니키’의 사전예약자가 88만 명을 넘어서 주목할만 하다."
연합뉴스,041140,/news/news_read.nhn?article_id=0009524542&office_id=001&mode=search&query=넥슨지티&page=1,2017-09-05 17:32,"거래소, 넥슨지티에 주가급등 조회공시 요구",(서울=연합뉴스) 전명훈 기자 = 한국거래소 코스닥시장본부는 5일 넥슨지티에 최근 현저한 주가급등과 관련해 중요한 공시사항이 있는지 조회공시를 요구했다. 답변 시한은 6일 오후 6시다.
아시아경제,041140,/news/news_read.nhn?article_id=0004077161&office_id=277&mode=search&query=넥슨지티&page=1,2017-09-16 09:42,넥스트 넥슨지티는 누가 될까,"[아시아경제 임혜선 기자]넥스트(Next) 넥슨지티는 누굴까. 정호윤 유진투자증권 연구원은 16일 ""모바일게임시장이 대형사 위주로 재편되면서 중소형 게임사들의 전략이 바뀌었다""면서 ""중소형사들은 다작에서 1~2개 대작 개발에 집중하는 쪽으로 전략을 수정했다""고 분석했다. 이어 ""일반적으로 모바일 대작 개발에는 1~2년이 소요되기 때문에 그동안 2015년 이후 중소형사들은 대부분 지속적으로 주가 하락을 보여왔다""고 설명했다. 2년간의 주가하락으로 인한 낮은 주가수준, 그 기간동안 개발해온 불록버스터급 게임 가시화라는 모멘텀이 합쳐지면 그때부터 주가는 신작출시에 대한 기대감을 반영하며 상승하기 시작한다고 정 연구원은 설명했다. 이같은 주가움직임을 보였던 대표 기업이 모바일게임 Axe의 흥행에 성공한 넥슨지티다. 정 연구원은 ""이같은 트렌드는 넥슨지티 한 종목에서만이 아니라 많은 중소형 게임사에서 전반적으로 나타나고 있다""면서 ""넥슨지티와 유사한 상황(낮은 주가수준과 대형 신작출시가 예정돼 있는)에 놓은 기업은 게임빌, 액션스퀘어, 롱투코리아, 와이디온라인, 선데이토즈 등이다""라고 했다. 정 연구원은 ""시각을 확장하면 이같은 논리는 시가총액 1조 이상의 게임사들에도 적용이 가능하다""면서 ""컴투스와 펄어비스와 같이 낮은 밸류에이션을 받고 있는 기업들이 해당된다""면서 ""두 기업은 IP에 기반한 흥상을 기록할 가능성이 높은 신작 라인업이 대기 중""이라고 언급했다. 이어 ""신장흥행에 따른 이익개선, 그리고 그간 받아왔던 밸류에이션 디스카운트가 해소된 가능성이 존재한다""고 덧붙였다."
아시아경제,041140,/news/news_read.nhn?article_id=0003798211&office_id=277&mode=search&query=넥슨지티&page=1,2016-07-29 15:00,"넥슨지티, 넥슨코리아와 188억 규모 계약 해지",[아시아경제 이정민 기자] 넥슨지티는 최대주주인 넥슨코리아와 188억2100만원 규모의 온라인게임 공동사업계약(서든어택2)에 대해 양사 합의해지 했다고 29일 공시했다.
한국경제,041140,/news/news_read.nhn?article_id=0003583151&office_id=015&mode=search&query=넥슨지티&page=1,2016-04-22 07:55,"&quot;넥슨지티, 서든어택2 CBT 종료&hellip;출시 임박&quot;-신한","[ 김아름 기자  ] 신한금융투자는 22일 넥슨지티에 대해 출시를 앞두고 있는 서든어택2의 흥행 기대감이 높다고 평가했다. 투자의견과 목표주가는 제시하지 않았다. 이 증권사 이문종 연구원은 ""서든어택은 출시 11년차인 지금도 PC방 점유율 2위를 차지하고 있다""며 ""서든어택2가 매출 성장을 견인할 것""이라고 말했다. 이어 ""서든어택2가 출시되는 하반기 매출은 전년보다 29.3% 늘어난 306억원이 예상된다""며 ""기존 서든어택 유저와 함께 휴면 유저의 복귀가 서든어택 2의 초반 흥행을 이끌 것""이라고 전망했다. 서든어택의 이용자는 현재 월평균 53만명 수준이다. 가장 이용자가 많았던 2007년에는 월평균 224만명을 기록한 바 있다. 그는 ""10만명 규모의 클로즈드 베타 테스트(CBT)에 19만명이 몰렸다""며 ""특히 부품 구매를 통해 총기 디자인과 성능을 향상시키는 등 수익 모델이 추가된 점이 긍정적""이라고 분석했다. 이 연구원은 ""2014년 서든어택M(모바일) 공개 직후 주가가 168% 상승한 선례가 있다""며 ""FPS게임의 특성상 PC환경에서의 흥행요소가 더 커 7월 정식 출시에 맞춘 투자 전략이 유효할 것""이라고 조언했다. 김아름 한경닷컴 기자"
한국경제,041140,/news/news_read.nhn?article_id=0003632594&office_id=015&mode=search&query=넥슨지티&page=1,2016-07-29 15:00,"넥슨지티, '서든어택2' 공동 사업계약 해지","[ 한민수 기자  ] 넥슨지티는 29일 넥슨코리아와 맺은 온라인게임 '서든어택2'의 공동 사업계약을 해지했다고 공시했다. 회사 측은 ""계약종료 합의서에 의거해 계약금 100억원을 모두 지급받으며, 미니멈개런티 1회차분은 서비스 기간에 따라 정산된 11억7800만원을 지급받는다""고 설명했다. 한민수 한경닷컴 기자"
연합뉴스,041140,/news/news_read.nhn?article_id=0008574782&office_id=001&mode=search&query=넥슨지티&page=1,2016-07-29 17:37,슈프리마에이치큐&middot;넥슨지티 불성실공시법인 지정예고,(서울=연합뉴스) 장하나 기자 = 한국거래소는 29일 횡령·배임 사건이 발생한 사실을 지연 공시했다는 이유로 슈프리마에이치큐를 불성실공시법인으로 지정예고했다. 거래소는 이와 함께 넥슨지티에 대해서도 단일판매·공급계약 금액 50% 이상 변경을 이유로 불성실공시법인 지정을 예고했다.
파이낸셜뉴스,041140,/news/news_read.nhn?article_id=0003870764&office_id=014&mode=search&query=넥슨지티&page=1,2017-09-07 13:44,"[fnRASSI]넥슨지티, 52주 신고가...2.45% &uarr;","넥슨지티(041140)는 52주신고가를 기록하고 있어 주목할만하다. 동종목의 현재 주가는 12,550원 선에서 이루어지고 있다. 거래일을 기준으로 최근 3일간 평균 거래량은 97만 주이다. 이는 60일 일 평균 거래량 22만 주와 비교해보면 최근 거래량이 급격히 늘어났다는 것을 알 수 있다. 개인투자자의 매매가 가장 활발 최근 한달간 주체별 거래비중을 살펴보면 개인이 90.29%, 외국인이 7.63%, 기관은 2.07%를 기록한 것으로 나타났다. 그리고 최근 5일간 거래비중은 개인이 전체 거래의 92.11%를 차지하며 가장 적극적인 모습을 보여줬고, 외국인은 6.75%를 나타냈으며 기관은 1.13%를 나타냈다. 외국인 보유량 증가, 기관 감소 (5일 누적) 최근 5일간 동종목의 외국인 투자자는 82,598주 순매수하였고 반면 기관은 755주 순매도하였다. 전날 외국인 15,462주 순매도, 기관755주 순매수하며 보유 비율이 변동했다. 다음 표는 동종목의 외국인, 기관의 일별 순매수량을 나타낸 것이다. 'fnRASSI'는 증권전문 기업 씽크풀과 파이낸셜뉴스의 협업으로 로봇기자가 실시간으로 생산하는 기사입니다."
한국경제,041140,/news/news_read.nhn?article_id=0003593402&office_id=015&mode=search&query=넥슨지티&page=1,2016-05-13 05:01,[코스닥 기업공시] (12일) 넥슨지티 등,"▲넥슨지티=201억원 규모 웰게임즈 지분 100% 인수 결정. ▲에스아이리소스=최경덕 외 1인이 110억원 규모 주식 및 경영권 양도, 디엠메탈로 최대주주 변경. 전순옥에서 박희연으로 대표이사 변경. ▲유테크=최대주주 유봉근 씨가 큐로컴에 100억원 규모 주식 및 경영권 양수도 계약 체결. ▲코데즈컴바인=13~19일 매매거래 정지. ▲현대아이비티=30억원 규모 CB 발행 결정. ["
머니투데이,041140,/news/news_read.nhn?article_id=0003668774&office_id=008&mode=search&query=넥슨지티&page=1,2016-04-22 07:55,"넥슨지티, 서든어택2로 여름 정조준-신한","[머니투데이 김도윤 기자] 신한금융투자는 22일 넥슨지티에 대해 FPS(1인칭 슈팅게임) 게임 최강자로 서든어택2로 여름 정조준을 완료했다고 분석했다. 투자의견과 목표주가는 제시하지 않았다. 전 거래일 종가 기준 넥슨지티 주가는 1만2550원이다. 이문종, 공영규 신한금융투자 연구원은 넥슨지티가 온라인 게임 시장 성장 둔화에도 국내 FPS 최장수 인기 게임 서든어택을 서비스하며 매출 증가세를 지속했다고 설명했다. 출시 11년차인 서든어택은 현재 PC방 점유율 2위를 유지하고 있다. 지난해 기준 서든어택이 전체 매출에서 차지하는 비중은 85.9%다. 두 연구원은 넥슨지티 올해 매출액이 666억원, 영업이익이 277억원으로 전년대비 각각 10.8%, 37.7% 증가할 것으로 예상했다. 서든어택1, 2 합산 이용자와 이용시간이 증가해 큰 폭의 외형성장이 가능할 것으로 전망했다. 서든어택2가 출시되는 하반기 매출액은 306억원으로 전년동기대비 29.3% 증가하고 2017년 매출액은 887억원으로 전년대비 33.2% 증가할 것으로 내다봤다. 두 연구원은 이달 14~20일 서든어택2 CBT(클로즈베타테스트)가 진행됐는데 참가자 10만 명 모집에 19만 명이 몰렸다며 긍정적으로 평가했다. 서든어택1의 인터페이스와 인기 맵 등을 계승했고 크래픽은 크게 발전했다고 덧붙였다. 두 연구원은 2014년 서든어택M(모바일버전) 공개 직후 흥행 기대감이 선반영되며 넥슨지티 주가가 168% 상승했다며, 서든어택2의 정식 출시가 예상되는 7월에는 흥행 기대감을 이용한 투자전략이 유효할 것이라고 조언했다. textlinktopstart textlinktopend textlinkstart"
서울경제,041140,/news/news_read.nhn?article_id=0002863342&office_id=011&mode=search&query=넥슨지티&page=1,2016-07-29 17:34,"거래소 &ldquo;넥슨지티, 불성실 공시법인 지정예고&rdquo;",한국거래소가 29일 넥슨지티(041140)를 공시 변경을 이유로 불성실 공시법인에 지정한다고 예고했다. 지정 여부 결정 시한은 다음달 24일이다.
머니투데이,041140,/news/news_read.nhn?article_id=0003719518&office_id=008&mode=search&query=넥슨지티&page=1,2016-07-29 17:32,"넥슨지티, 불성실공시법인지정예고",[머니투데이 정인지 기자] 한국거래소는 29일 공급계약 금액 50% 이상 변경을 이유로 넥슨지티에 불성실공시법인지정을 예고했다. 불성실공시법인지정여부 결정시한은 오는 8월24일이다. textlinktopstart textlinktopend textlinkstart
전자신문,041140,/news/news_read.nhn?article_id=0002638992&office_id=030&mode=search&query=넥슨지티&page=1,2017-09-06 10:01,[ET투자뉴스]넥슨지티_연일 상승에 대한 피로감으로.. 현재 -2.85%,"6일 오전 9시 48분 현재 넥슨지티는 350원(2.85%) 내린 11,950원을 기록하며 15일만에 하락으로 반전하는 모습이다.   따라서 넥슨지티 주가에 영향을 미칠만한 여러 항목들을 제시해 보았다.      [주가/수급동향]     전일 외국인과 기관이 각각 22,692주, 931주를 순매수 했다. 최근 한달간 넥슨지티의 상장주식수 대비 거래량을 비교해보니 일별 매매회전율이 1.3%로 집계됐다.  그리고 동기간 장중 저점과 고점의 차이인 일평균 주가변동률을 5.83%를 나타내고 있다.  그리고 최근 5일간 거래비중은 개인이 전체 거래의 91.08%를 차지하며 가장 적극적인 모습을 보여줬고, 외국인은 6.87%를 나타냈으며 기관은 2.04%를 나타냈다.     [차트신호]     최근 주가변동폭을 기준으로 한 현재 주가는 강세국면을 지나 과매수권(단기 천정권)에 진입했고,거래량을 활용한 지표로 볼 때는 단기적인 과열신호가 나오고 있다.투자심리도를 분석해보면 연일 계속된 상승으로 인해 경계감이 높아지고 있고 이동평균선들의 배열도를 분석을 해보면 단기, 중기, 장기 이동평균선이 정배열을 이루는 전형적인 상승국면에 있다.     [업종내 종목흐름]     이 시각 현재 관련종목들은 상승이 우세한 가운데 디지털컨텐츠업종은    0.03% 상승중이다. 위메이드 34,650원▼350(-1.00%) 미투온 8,300원▲50(+0.61%)  웹젠 21,250원▲500(+2.41%) 게임빌 57,000원▲500(+0.88%)    [재무특징]     영업이익률 현재 0.86%로 업종평균 하회. PER은 92.14로 업종평균보다 높으며, PBR은 1.96임."
매일경제,041140,/news/news_read.nhn?article_id=0003777196&office_id=009&mode=search&query=넥슨지티&page=1,2016-08-01 09:38,"[Hot-Line] 넥슨지티, 신작 &lsquo;서든어택2&rsquo; 서비스 종료 소식에 급락",넥슨지티가 지난 4년간 300억원 가량을 투입해 출시한 신작 게임 ‘서든어택2’를 서비스 종료한다는 소식에 급락세다. 1일 오전 9시 26분 현재 넥슨지티는 전일 대비 1060원(10.60%) 내린 8940원에 거래되고 있다. 넥슨지티는 지난달 29일 온라인 PC 게임 서든어택2에 대해 넥슨코리아와 맺은 공동 사업 계약을 해지한다고 공시했다. 회사측은 사업 타당성 재검토에 따른 양사 합의 해지라고 설명했다. 서든어택2는 인기게임 서든어택의 후속작으로 지난 4년간 100여명의 개발진이 투입돼 개발된 대형 신작이다. 하지만 성 상품화 논란 등에 휘말리며 신작 출시 23일 만에 서비스 종료가 결정됐다. 한국거래소는 지난달 29일 공급계약 금액 50% 이상 변경을 이유로 넥슨지티에 불성실공시법인지정을 예고했다. 불성실공시법인지정여부 결정시한은 오는 24일이다 [디지털뉴스국 고득관 기자] r_start // r_end //
이데일리,041140,/news/news_read.nhn?article_id=0003598542&office_id=018&mode=search&query=넥슨지티&page=1,2016-07-29 15:21,"넥슨지티, 넥슨과 서든어택2 공동 사업 계약 해지",[이데일리 임성영 기자] 넥슨지티(041140)는 최대주주인 넥슨코리아와 체결했던 서든어택2 온라인게임 공동사업 계약을 해지됐다고 29일 공시했다. 이는 지난해 매출액의 31.3%에 해당한다. 회사측은 “사업타당성을 재검토한 후 두회사가 합의를 통해 해지했다”고 설명했다.
파이낸셜뉴스,041140,/news/news_read.nhn?article_id=0003877274&office_id=014&mode=search&query=넥슨지티&page=1,2017-09-20 11:07,"[fnRASSI]넥슨지티(041140), 52주 신고가...14.55% &uarr;","넥슨지티(041140)는 52주신고가를 기록하고 있어 주목할만하다. 동종목의 현재 주가는 18,900원 선에서 이루어지고 있다. 거래일을 기준으로 최근 3일간 평균 거래량은 445만 주이다. 이는 60일 일 평균 거래량 66만 주와 비교해보면 최근 거래량이 급격히 늘어났다는 것을 알 수 있다.                   지표               항목               값               종합점수                 성장성               매출액증가율               -0.17               2.88                 자기자본증가율               -0.02                 안정성               부채비율               4.35               9.17                 유동비율               2552.41                 이익안정성               8.33                 수익성               ROA               2.04               3.5                 ROE               2.13                 영업이익율               0.86          넥슨지티의 퀀트 재무 점수는 15.55점으로 지난 분기에 비해 성장성 점수가 하락했다. 이는 매출액 증가율과 자기자본 증가율이 감소하였기 때문이다. 실적 안정성이 악화되어 안정성 종합 점수는 하락했다. 수익성 측면에서 볼때 ROA, ROE, 영업이익률 모두 하락하여 이전보다 낮은 점수를 받았다. 외국인 보유량 감소, 기관 증가 (5일 누적) 최근 5일간 동종목의 외국인 투자자는 210,348주 순매도하였고 반면 기관은 2,474주 순매수하였다. 전날 외국인 11,553주 순매수, 기관2,474주 순매도하며 보유 비율이 변동했다. 다음 표는 동종목의 외국인, 기관의 일별 순매수량을 나타낸 것이다. 'fnRASSI'는 증권전문 기업 씽크풀과 파이낸셜뉴스의 협업으로 로봇기자가 실시간으로 생산하는 기사입니다."
머니투데이,041140,/news/news_read.nhn?article_id=0003931006&office_id=008&mode=search&query=넥슨지티&page=1,2017-09-06 15:05,넥슨지티 &quot;주가급등 관련 중요 공시정보 없다&quot;,"[머니투데이 고석용 기자] 넥슨지티가 6일 최근 현저한 시황변동(주가급등) 관련 한국거래소 코스닥시장본부의 조회공시 요구에 ""별도로 공시할 중요 정보가 없다""고 답변공시했다."
머니투데이,041140,/news/news_read.nhn?article_id=0003719358&office_id=008&mode=search&query=넥슨지티&page=1,2016-07-29 15:00,"넥슨지티, 넥슨과 서든어택2 공동 사업계약 해지","[머니투데이 정인지 기자] 넥슨지티는 29일 최대주주인 넥슨과 체결했던 서든어택2 공동 사업계약을 해지한다고 공시했다. 해지금액은 188억2200만원이다. 계약기간은 2020년 7월6일까지였다. 회사 측은 ""사업타당성 재검토에 따른 양사 합의해지""라고 밝혔다. textlinktopstart textlinktopend textlinkstart"
이데일리,041140,/news/news_read.nhn?article_id=0003521485&office_id=018&mode=search&query=넥슨지티&page=1,2016-04-14 09:15,"[특징주]넥슨지티, 심상치 않은 &lsquo;서든어택2&rsquo; 인기몰이에 &uarr;","[이데일리 박형수 기자] 넥슨지티(041140)가 나흘 만에 반등하고 있다. 올해 PC온라인게임 시장 최고 기대작 중 하나로 꼽히는 신작 슈팅게임 ‘서든어택2’에 대한 인기가 심상치 않다는 소식이 주가에 영향을 준 것으로 보인다. 14일 오전 9시8분 넥슨지티는 전 거래일 대비 2.43% 오른 1만2650원에 거래되고 있다. 넥슨지티는 이날부터 ‘서든어택2’의 비공개 테스트를 진행한다. 넥슨에 따르면 ‘서든어택2’의 비공개 테스트에 참가하려고 19만명의 게임 유저가 몰렸다. 관련업계는 최근 모바일게임 시장으로 쏠림 현상이 심해지는 가운데 온라인 게임으로 신청자가 몰린 것은 이례적인 것으로 판단했다. 정식으로 출시되기 전부터 이목이 쏠리는 것은 국민 슈팅게임 ‘서든어택’의 후속작이라는 점이 크게 작용한 것으로 보인다. 전작 ‘서든어택’은 현재도 ‘리그오브레전드’와 함께 PC방 인기 2대 게임 가운데 하나다. 최고 동시접속자수 35만 명, 106주 연속 PC방 인기순위 1위 기록을 보유했다."
서울경제,041140,/news/news_read.nhn?article_id=0003120982&office_id=011&mode=search&query=넥슨지티&page=1,2017-09-27 09:12,"넥슨지티, 지주회사 코빗 인수 소식에 장초반 급등","[서울경제] 넥슨지티(041140)가 모회사 넥슨의 지주회사가 가상화폐 거래소를 인수했다는 소식에 장초반 급등세를 보이고 있다. 27일 9시 8분 현재 코스닥 시장에서 넥슨지티는 전날보다 9.86% 오른 1만 5,600원에 거래 중이다. 전날 넥슨지티의 모회사인 넥슨의 지주회사 엔엑스씨는 국내 가상화폐 거래소 코빗의 지분 65.19%를 913억원에 매수해 경영권을 인수하는 내용의 주식 매매계약을 체결했다고 밝혔다. 코빗은 2013년 설립된 국내 최초의 가상화폐 거래소다."
한국경제TV,041140,/news/news_read.nhn?article_id=0000465344&office_id=215&mode=search&query=넥슨지티&page=1,2016-05-25 09:05,[스몰캡 관심주] 넥슨지티(041140),"[굿모닝 투자의 아침] 스몰캡 관심주 출연 : 정영훈 메리츠종금증권 여의도금융센터 과장 넥슨지티(041140) - 게임 전문 개발 · 서비스 업체 - `14년 2월 넥스토릭과 합병 → 다양한 게임 라인업 보유 - 매출 구성 : 서든어택 85.9%, 클래식PRG 6.3% - 서든어택, 전체 매출 중 약 90% 차지 - 서든어택 게임유저 연령 10~20대 약 80% 차지. - 1분기 겨울방학 성수기 효과 가장 커 투자 포인트 - 서든어택, 출시 11년 경과에도 불구 → pc방 점유율 2위 - 업데이트 효과, 1분기 영업이익률 49% 기록 - 7월, 후속작 `서든어택2` 출시 예정 → 일본법인과 퍼블리싱 관련 MOU 체결 - 스페셜솔져의 개발사 `웰게임즈` 201억 원에 인수 - 스페셜솔져, 하반기 iOS 버전 출시 예정 2016년 예상실적 - 2016년 예상 매출액, 666억 원 수준 - 2016년 예상 영업이익, 277억 원 수준 - 2017년 예상 매출액, 887억 원 전망 [자세한 내용은 동영상을 참고하세요] ★ 굿모닝 투자의 아침, 평일 오전 07시~08시30분 LIVE ⓒ 한국경제TV, 무단 전재 및 재배포 금지 한국경제TV 관련뉴스해당 언론사에서 선정하며 언론사 페이지(아웃링크)로 이동해 볼 수 있습니다.이찬오 동영상 논란, 김새롬 진화도 소용없다…'냉부해' 하차요구 빗발강인 '습관적' 음주운전 충격이야...과연 2번 뿐? '의심폭발'최소 148명 사망 'IS 잔혹함' 충격과 공포...""최악의 유혈테러""엑스맨 아포칼립스, 흥행 돌풍예고? '곡성' 누르고 예매율 1위""임신 했는지 검사하자"" 딸 성추행한 '악마 부친'에 징역 5년"
이데일리,041140,/news/news_read.nhn?article_id=0003541413&office_id=018&mode=search&query=넥슨지티&page=1,2016-05-12 13:22,"넥슨지티, 소프트웨어社 웰게임즈 지분 100% 양수 결정",[이데일리 이명철 기자] 넥슨지티(041140)는 소프트웨어 개발·제작·판매업체인 웰게임즈의 지분 100%(6만주)를 201억원에 양수키로 결정했다고 12일 공시했다. 이는 총자산의 13.41% 수준이다. 양수 목적은 모바일게임 성장 동력확보와 일인칭슈팅(FPS)게임 시장 경쟁력 강화를 위해서다.
머니투데이,041140,/news/news_read.nhn?article_id=0003941334&office_id=008&mode=search&query=넥슨지티&page=1,2017-09-27 09:14,"[특징주]넥슨지티, 액스 흥행&middot;코빗 인수로 급등세","[머니투데이 김주현 기자] 넥슨지티가 넥슨 지주회사 엔씨엑스의 가상화폐 거래소 인수 소식에 장 초반 급등세다. 또 모바일게임 액스 흥행도 주가에 힘을 싣고 있다. 27일 오전 9시10분 현재 넥슨지티는 전날보다 10.92%(1550원) 오른 1만5750원에 거래 중이다. 넥슨은 지주사인 NXC가 가상화폐 거래소 '코빗' 주식 12만5000주(지분율 65.19%)를 취득한다고 전날 공시했다. 지분 취득 금액은 912억5000만원이다. 코빗은 유엔 우주사무국 출신 유영석 대표가 2013년 7월 설립한 온라인 가상화폐 거래소다. 아울러 모바일게임 '액스'의 흥행도 주가를 끌어올리고 있다. 김민정 하이투자증권 연구원은 ""지난 14일 출시된 액스가 일매출액 10억원 수준을 유지하고 있다""며 ""넥슨지티의 올해 매출액은 1278억원으로 지난해보다 3배가량 증가할 것""이라고 분석했다."
매일경제,041140,/news/news_read.nhn?article_id=0003993564&office_id=009&mode=search&query=넥슨지티&page=1,2017-08-09 10:02,"넥슨지티, `넥스트 서든` 전략 가동 &hellip;신작 &middot; 해외 수출로 수익 다각화","‘서든어택’의 개발사 넥슨지티(대표 김정준)가 하반기 해외 시장 공략과 신작 출시로 수익 다각화에 나선다. 이르면 3분기 중 자회사 넥슨레드(대표 김대훤)의 모바일슈팅게임 ‘포인트블랭크: 스트라이크’의 동남아 출시와 신작 모바일 MMORPG ‘액스’의 국내 서비스가 점쳐지고 있다. 자체개발작 ‘타이탄폴온라인’도 이달 테스트에 돌입한다. 최근 주력작 ‘서든어택’의 인기하락에 따른 실적 정체를 해소할 수 있을 것으로 기대된다. 8일 관련업계에 따르면 넥슨지티(대표 김정준)의 개발자회사 넥슨레드(대표 김대훤)는 넥슨을 통해 모바일 슈팅게임 ‘포인트블랭크: 스트라이크’를 최근 필리핀 시장에 소프트론칭했다. 이 게임은 넥슨레드의 대표작 ‘스페셜솔져’를 바탕으로 현지 시장에서 인기가 높은 PC온라인게임 ‘포인트블랭크’의 지식재산권(IP)을 활용해 제작한 모바일 FPS게임이다. ‘스페셜솔져’의 주요 시스템에 ‘포인트블랭크’의 그래픽과 스킬 등의 게임 리소스를 활용했다. ‘포인트블랭크’의 경우 태국과 인도네시아 PC온라인게임 인기순위 1위에 오른바 있다. 특히 인도네시아에서는 최고 동시접속자 수 26만명을 기록하는 등 동남아 시장 최고 인기 게임 중 하나로 꼽힌다. ‘스페셜솔져’도 국내 시장에서 모바일 FPS게임으로는 드물게 구글 플레이 매출 순위 20위권에 오르며 흥행한바 있다. 검증된 게임성과 IP의 결합이라는 점에서 동남아 시장에서의 성과가 주목되는 상황이다. 이 게임의 경우 이르면 3분기 내에 인도네시아와 필리핀 등의 동남아시아 지역과 대만, 홍콩 등에 정식 출시될 예정이다. 신작 모바일 MMORPG ‘액스’도 이르면 3분기 중 넥슨을 통해 출시될 전망이다. 역시 넥슨지티의 자회사 넥슨레드가 제작했다. 오는 17일 미디어 쇼케이스와 함께 국내 서비스 사전예약이 시작된다. 이 게임의 경우 최근 국내 시장의 주류로 떠오른 모바일 MMORPG 장르다. 인기 PC MMORPG 작품들의 주요 엔드 콘텐츠 중 하나인 진영간 대립(RvR)을 핵심 콘텐츠로 삼아 차별화했다. 연합국과 신성제국간의 대립을 중심을 필드PK와 분쟁전 등의 전쟁 콘텐츠를 제공한다. 최근 모바일 MMORPG와 달리 PC온라인게임처럼 자유로운 시점변화를 구현한 것도 강점 중 하나다. 실제 지난 5월 진행된 테스트에서도 호응을 얻었다. 참여자들의 경우 공식 카페를 통해 빠른 출시를 요구하는 등 기대감을 표하는 상황이다. ‘액스’의 출시 소식이 알려지면서 주가도 최근 상승세를 보이기도 했다. 8일 하루에만 3.79% 올랐다. 거래량도 지난 6월 9일 이후 가장 많았다. 이달 중 넥슨지티가 자체개발한 ‘타이탄폴온라인’의 테스트도 진행된다. 내년도 넥슨지티의 핵심 신작으로 꼽힌다. 이 작품은 해외 유명 FPS게임 ‘타이탄폴’의 지식재산권(IP)을 활용해 넥슨지티가 PC온라인 FPS게임으로 다시 만들었다. 원작 개발사인 리스폰엔터테인먼트측이 PC온라인 플랫폼에 맞춰 변화된 콘텐츠에 만족감을 표할 정도로 기대를 받고 있다. 이번 테스트의 경우 인원 제한이 없는 오픈형태로 치러져 공개 서비스를 위한 사실상의 마지막 점검으로 여겨진다. 테스트 결과에 따라 이르면 연말 출시도 가능할 것으로 예측되고 있다. 이에 따라 넥슨지티가 최근 실적 정체에서 벗어날 수 있을지 관심사다. 넥슨지티는 최근 주력작 ‘서든어택’의 매출 감소로 새로운 매출원의 확보가 중요한 시점이다. 넥슨지티의 연간 매출은 지난 2014년 633억 원, 2015년 601억 원, 2016년 612억 원으로 소폭의 감소세를 보이고 있다. 지난해 ‘스페셜솔져’의 개발사 웰게임즈(현 넥슨레드)‘를 인수했으나 실적 상승이 크지 않았다. ’서든어택‘의 매출액이 2015년 516억 원에서 지난해 374억 원으로 감소한 것이 크다. 지난 1분기 ’서든어택‘ 매출은 73억 원이었다."
헤럴드경제,041140,/news/news_read.nhn?article_id=0000966141&office_id=016&mode=search&query=넥슨지티&page=1,2016-01-11 15:34,"&lt;생생코스닥&gt; 넥슨지티, 작년 영업익 201.4억 전년비 2%&darr;",넥슨지티는 지난해 영업이익이 201억4663만원으로 전년대비 2.0% 감소했다고 11일 공시했다. 매출액은 601억2491만원으로 5.0% 줄었고 당기순이익은 178억7768만원으로 84.3% 증가한 것으로 집계됐다.
뉴시스,041140,/news/news_read.nhn?article_id=0008504152&office_id=003&mode=search&query=넥슨지티&page=1,2018-03-23 19:08,"넥슨지티, 신지환 대표 공식 선임",【서울=뉴시스】오동현 기자 = 넥슨지티는 23일 주주총회와 이사회를 열고 신지환(44) 대표이사를 공식 선임했다. 신지환 신임 대표는 넥슨 재무기획실장과 넥슨 일본법인 관리회계실장을 역임했으며 엔도어즈 대표이사를 지냈다.
부산일보,041140,/news/news_read.nhn?article_id=0000802615&office_id=082&mode=search&query=넥슨지티&page=1,2018-05-07 16:31,"넥슨지티, 20일까지 인턴&middot;신입&middot;경력 채용접수","'서든어택' 개발사로 유명한 넥슨지티는 오는 20일까지 게임 프로그래밍과 게임기획 직무 신입, 경력, 인턴사원을 동시에 공개채용한다고 7일 밝혔다. 채용 부서는 신규개발실과 서든어택 라이브실이다. 신규개발실에서는 언리얼엔진4로 미공개 신작을 개발 중이다. 서든어택 라이브실은 넥슨지티의 대표 온라인 FPS게임 서든어택의 라이브 서비스를 만들고 있다. 신입과 경력, 인턴사원 모두에게 기회는 열려 있으며, 특히 인턴사원은 게임산업에 관심 있는 사람이면 나이, 학력과 무관하게 누구나 지원할 수 있다. 신입 및 경력사원은 직무분야별 상세 모집요강에 따라 지원 가능하다. 서류전형과 온라인 테스트, 면접 등을 거친 최종합격자는 7월 중 입사한다. 전형 과정에 따라 입사가 더 빨라질 수도 있다고 한다.  넥슨지티 김명현 총괄 프로듀서는 ""넥슨지티는 '서든어택'과 '타이탄폴™ 온라인' 등 슈팅게임 개발에 경험과 노하우를 쌓아온 스튜디오""라며 ""창의적이고 열정 넘치는 새로운 인재들의 많은 관심과 지원을 부탁 드린다""고 말했다.   "
한국경제,041140,/news/news_read.nhn?article_id=0003900253&office_id=015&mode=search&query=넥슨지티&page=1,2018-02-28 13:33,"넥슨지티, 신임 대표로 신지환 엔도어즈 대표 내정","신지환 넥슨지티 신임 대표 내정자. / 사진=넥슨지티 제공 넥슨의 개발 자회사 넥슨지티는 신지환 엔도어즈 대표( 사진 )를 신임 대표로 내정했다고 28일 밝혔다. 신 내정자는 다음달 주주총회와 이사회를 거쳐 대표로 공식 선임될 예정이다. 신 내정자는 2005년 넥슨에 입사해 넥슨 재무기획실장과 넥슨 일본법인 관리회계실장을 지냈다. 2013년부터는 넥슨 자회사 엔도어즈 대표를 맡고 있다. 엔도어즈는 다음달 1일 넥슨의 손자회사이자 넥슨지티의 자회사인 넥슨레드에 흡수합병된다. 신 내정자는 ""넥슨지티는 최근 몇 년간 해마다 신작을 내놓은 역량 있는 개발사""라며 ""더욱 안정적이고 진취적인 개발 환경을 조성해 새로운 성장 기회를 만들어가겠다""고 포부를 밝혔다. 넥슨지티는 온라인 총싸움게임(FPS) '서든어택'의 개발사로 유명하다. 넥슨지티 자회사 넥슨레드는 모바일게임 '액스'와 '스페셜솔져'를 개발했다."
이데일리,041140,/news/news_read.nhn?article_id=0004095528&office_id=018&mode=search&query=넥슨지티&page=1,2018-05-05 14:21,"넥슨지티, 2018년 상반기 공개채용..신입&middot;경력&middot;인턴","[이데일리 김유성 기자] 넥슨지티(041140)는 오는 20일까지 게임 프로그래밍과 게임기획 직무 신입, 경력, 인턴사원을 동시에 공개채용한다. 공개채용 부서는 신규개발실과 서든어택 라이브실이다. 신규개발실에서는 언리얼엔진4로 미공개 신작을 개발 중이다. 서든어택 라이브실은 넥슨지티의 대표 온라인 FPS게임 서든어택의 라이브 서비스를 개발한다. 신입과 경력, 인턴사원 모두에게 기회는 열려 있다. 특히 인턴사원은 게임산업에 관심 있는 자라면 나이, 학력과 무관하게 누구나 지원할 수 있다. 신입 및 경력사원은 직무분야별 상세 모집요강에 따라 지원 가능하다. 이번 공개채용 서류 접수는 이달 20일까지 채용 홈페이지를 통해 진행된다. 서류전형과 온라인 테스트, 면접 등을 거친 최종합격자는 7월 중 입사한다. 전형 과정에 따라 더 일찍 입사할 수도 있다. 김명현 넥슨지티 총괄 프로듀서는 “넥슨지티는 ‘서든어택’과 ‘타이탄폴™ 온라인(Titanfall™ Online)’ 등 슈팅게임 개발에 경험과 노하우를 쌓아온 스튜디오”라며 “경험과 역량 갖춘 경력은 물론, 라이브와 신작 개발에 새로운 힘을 불어넣어줄 창의적이고 열정 넘치는 새로운 인재들의 많은 관심과 지원을 부탁 드린다”고 말했다. 넥슨지티는 온라인 FPS게임 ‘서든어택’의 개발사로, 모바일 게임 ‘액스(AxE)’와 ‘스페셜솔져’를 개발한 ㈜넥슨레드(대표 김대훤)를 자회사로 두고 있다."
뉴시스,041140,/news/news_read.nhn?article_id=0006856834&office_id=003&mode=search&query=넥슨지티&page=1,2015-11-06 10:06,"[특징주]넥슨지티, 신작 게임 흥행에 7% 급등","【서울=뉴시스】강세훈 기자 = 넥슨지티 주가가 모바일 게임 신작 '슈퍼판타지워' 흥행 소식에 급등세를 나타내고 있다. 6일 오전 9시7분 현재 넥슨지티의 주가는 전날보다 7.35% 상승한 1만57600원에 거래되고 있다. 전날 글로벌 마켓에 출시된 신작 게임 '슈퍼판타지워(Fantasy War Tactics)'이 흥행 조짐을 보이면서 주가에 긍정적인 영향을 미치고 있는 것으로 풀이된다. 슈퍼판타지워는 지난 5일 기준 애플 앱스토어 무료게임 인기순위 1위, 게임매출 12위에 랭크됐다. 앱스토어 전체 인기순위는 3위, 전체매출에선 17위에 올랐다."
매일경제,041140,/news/news_read.nhn?article_id=0003619070&office_id=009&mode=search&query=넥슨지티&page=1,2015-11-13 10:20,"[게임스톡] 넥슨지티, 약세장서 강세&hellip;&lsquo;슈판워&rsquo; 매출 톱10 진입",넥슨지티(041140)가 약세장서 강세 흐름을 보이고 있다. 이날 신작 모바일게임 ‘슈퍼판타지워’가 구글 플레이 매출 순위 10위권에 진입했다. 13일 오전 10시 7분 넥슨지티()는 전거래일 대비 1.09% 오른 1만3850원에 거래되고 있다. 전일에는 6.16% 하락했다. 이날 넥슨지티의 신작 모바일게임 ‘슈퍼판타지워’가 국내 구글 플레이 최고매출 10위에 랭크됐다. 이 게임은 기존 모바일게임 시장에서는 보기 드문 SRPG 장르를 내세운 작품이다. 국내만이 아닌 글로벌 시장을 타깃으로 제작된 것이 특징이다. 한편 코스닥 지수는 미국 금리인상 우려감이 제기되며 전일대비 6.87(1.02%)포인트 떨어진 666.12를 기록 중이다. 주요 게임주도 약세 흐름을 보이고 있다.
아시아경제,041140,/news/news_read.nhn?article_id=0004188770&office_id=277&mode=search&query=넥슨지티&page=1,2018-02-28 13:34,"넥슨지티, 새 대표이사직에 신지환 엔도어즈 대표 내정",[아시아경제 조호윤 기자]넥슨지티는 새 대표이사직에 신지환 엔도어즈 대표이사가 내정됐다고 28일 사전 공시했다.
파이낸셜뉴스,041140,/news/news_read.nhn?article_id=0003763207&office_id=014&mode=search&query=넥슨지티&page=1,2017-01-16 14:16,[fnRASSI]넥슨지티 전일대비 5.13% 상승,"현재 넥슨지티(041140)는 전일대비 5.13% 상승하여 8,820원 선에서 거래가 이루어지고 있다.  외국인투자자 연속 7일 순매도최근 5일간 동종목의 외국인 투자자는 63,441주 매수하였고 마찬가지로 기관은 3,792주 매수하였다. 전날 두 주체 각각 14,940주, 3,792주 순매수하며 보유 비율을 늘렸다.다음 표는 동종목의 외국인, 기관의 일별 순매수량을 나타낸 것이다.  기관과 개인은 순매도, 외국인은 순매수(한달누적) 전일까지 기관이 2일 연속, 외국인이 7일 연속 각각 동종목을 순매수 했다. 4주간을 기준으로 보면 외국인이 51,974주를 순매수한 반면, 기관은 매도 우위로 반전되면서 13,744주를 순매도했고, 개인들도 순매도로 돌아서면서 38,230주를 순매도한 것으로 집계됐다.  
 'fnRASSI'는 증권전문 기업 씽크풀과 파이낸셜뉴스의 협업으로 로봇기자가 실시간으로 생산하는 기사입니다."
뉴시스,041140,/news/news_read.nhn?article_id=0008580248&office_id=003&mode=search&query=넥슨지티&page=1,2018-05-04 13:37,"넥슨지티, 상반기 공개채용&hellip;게임 프로그래밍&middot;기획","신규개발실, 서든어택 라이브실 개발자 모집…신입·경력·인턴20일까지 서류 접수…온라인 테스트, 면접전형 치러 7월 중 입사""슈팅게임 개발 노하우 풍부한 스튜디오…열정 있는 인재 환영"" 【서울=뉴시스】오동현 기자 = 넥슨지티는 오는 20일까지 게임 프로그래밍과 게임기획 직무 신입, 경력, 인턴사원을 동시에 공개채용한다고 4일 밝혔다. 공개채용 부서는 신규개발실과 서든어택 라이브실이다. 신규개발실에서는 언리얼엔진4로 미공개 신작을 개발 중이다. 서든어택 라이브실은 넥슨지티의 대표 온라인 FPS게임 서든어택의 라이브 서비스를 개발한다. 신입과 경력, 인턴사원 모두에게 기회는 열려 있다. 인턴사원은 게임산업에 관심 있는 자라면 나이, 학력과 무관하게 누구나 지원할 수 있다. 신입 및 경력사원은 직무분야별 상세 모집요강에 따라 지원 가능하다. 이번 공개채용 서류 접수는 이달 20일까지 채용 홈페이지를 통해 진행되며, 서류전형과 온라인 테스트, 면접 등을 거친 최종합격자는 7월 중 입사한다. 다만 전형 과정에 따라 더 일찍 입사할 수도 있다. 김명현 넥슨지티 총괄 프로듀서는 ""넥슨지티는 ‘서든어택’과 ‘타이탄폴™ 온라인(Titanfall™ Online)’ 등 슈팅게임 개발에 경험과 노하우를 쌓아온 스튜디오""라며 ""경험과 역량 갖춘 경력은 물론, 라이브와 신작 개발에 새로운 힘을 불어넣어줄 창의적이고 열정 넘치는 새로운 인재들의 많은 관심과 지원을 부탁 드린다""고 말했다. 넥슨지티는 온라인 FPS게임 '서든어택'의 개발사로, 모바일 게임 '액스(AxE)'와 '스페셜솔져'를 개발한 넥슨레드를 자회사로 두고 있다."
아시아경제,041140,/news/news_read.nhn?article_id=0003624287&office_id=277&mode=search&query=넥슨지티&page=1,2015-11-12 15:45,신작 출시 기대감에 급등한 넥슨지티&hellip;향후 전망은?,"[출발전략]""신작 출시 후 성과가 향후 관건""  [아시아경제TV 김성현 PD] 이 기사는 11월12일 아시아경제TV 에 방송된 내용입니다"
서울경제,041140,/news/news_read.nhn?article_id=0003233045&office_id=011&mode=search&query=넥슨지티&page=1,2018-02-28 13:42,"넥슨지티, 새 대표이사에 신지환 엔도어즈 대표이사 내정",[서울경제] 넥슨지티(041140) 는 새 대표이사직에 신지환 엔도어즈 대표이사가 내정됐다고 28일 사전 공시했다.
한국경제TV,041140,/news/news_read.nhn?article_id=0000659326&office_id=215&mode=search&query=넥슨지티&page=1,2018-07-10 13:15,"넥슨지티, 전일 대비 약 -3% 하락한 8,050원","[한국경제TV 라이온봇 기자] [그림 1] 최근 3개월 간 주가 추세 및 기간별 수익률 넥슨지티는 7월 10일 13시 14분 전일 대비 약 -3% 하락한 8,050원에 거래되고 있다. 넥슨지티는 코스닥 상장 기업으로 디지털컨텐츠 업종에 속해 있다. 시가총액은 2,939억원으로 코스닥 상장기업 중 178위에 위치 해 있다. [종목 성향 진단] [그림 2] 종목 성향 진단 넥슨지티의 투자 스타일은 성장주에 가깝다. 주가 고평가 우려가 공존하지만 높은 성장성이 기대되는 기업이다. 주가 모멘텀은 좋지 못했다. 최근 6개월 수익률은 -41.77%의 하락폭을 기록했다. 최근 1개월 수익률 또한 -22.27% 하락하며 부진한 모멘텀을 이어가고 있다. 넥슨지티 종목에 대한 투자자의 관심도는 높은 편에 속한다. [투자 점수 진단] [그림 3] 투자 점수 진단 넥슨지티는 어느 측면에서 투자 매력도가 높은 종목일까? AI 인공지능 종목 분석 시스템을 이용해 성장성, 수익성, 효율성, 안전성, 저평가성, 추세 등 주가 수익률에 영향을 줄 수 있는 6가지 핵심 투자 지표를 점수화하여 종목의 투자 매력도를 계산해보았다. 그 결과 넥슨지티는 상대적으로 기업안정성 측면에서 두각을 드러내고 있었다. 기업안정성 점수는 기업의 재무 구조가 얼마나 안정적인 상태인지를 나타낸다. 넥슨지티는 특히 당좌비율 측면에서 가장 높은 점수는 기록했는데, 전체 시장 내 497위를 기록하며 상위 25.71%에 위치했다. 업종별로는 192위를 기록하며 상위 32.71%에 위치했다. 그러나 기업의 이익 실현 정도를 나타내는 수익성 측면에서는 아쉬움을 나타냈다. (위의 AI인공지능 점수는 재무 데이터를 기반으로 전체 상장 종목과 비교/분석하여 도출한 점수로 높은 점수가 반드시 높은 수익률을 보장하지 않습니다. 위의 자료는 당사의 추천 종목이 아니며, 투자 시 참고용으로 제시해드리는 것입니다. 핵심투자지표를 결합해 종목의 투자매력도를 종합 계산한 ""인공지능 투자점수""는 ""거장들의 투자공식"" 앱에서 확인하실 수 있습니다.) 라이온봇 기자 -한국경제TV※ 본 기사는 한국경제TV와 '거장들의 투자공식이'자체 개발한 '라이온봇 기자'가 실시간으로 작성한 기사입니다. 라이온봇기자 ⓒ 한국경제TV, 무단 전재 및 재배포 금지 한국경제TV 관련뉴스해당 언론사에서 선정하며 언론사 페이지(아웃링크)로 이동해 볼 수 있습니다.발암물질 고혈압약 115개 공개...식약처 홈페이지 '온종일 북적'90도 고개 숙인 이재용...文의 한마디 ""한국서도 일자리를...""고개드는 美 금리인상 신중론…'무역전쟁' 부메랑 되나계산대 의자 '이렇게' 바꾼다…이마트 10년 만의 변화설민석 집 공개, 5성급 호텔 뺨치는 '럭셔리 하우스'"
머니투데이,041140,/news/news_read.nhn?article_id=0004027684&office_id=008&mode=search&query=넥슨지티&page=1,2018-03-23 17:11,"넥슨지티, 신지환 신임 대표이사 선임","[머니투데이 이해인 기자] 신지환 넥슨지티 신임 대표./ 사진=넥슨지티 넥슨지티는 23일 주주총회와 이사회를 열고 신지환 대표이사를 공식 선임했다. 신 신임 대표는 2005년 넥슨에 입사해 넥슨 재무기획실장 및 일본법인 관리회계실장을 역임했다. 2013년부터 게임 '군주온라인'과 '아틀란티카'를 개발한 엔도어즈 대표이사로 재직해왔다. 앞서 넥슨은 2010년 엔도어즈를 자회사로 편입했으며, 최근 넥슨지티의 자회사 넥슨레드가 이 지분을 인수하고 흡수 합병했다. 넥슨지티는 온라인 FPS게임 '서든어택'의 개발사다. 모바일 게임 '액스(AxE)'와 '스페셜솔져'를 개발한 넥슨레드가 자회사다. 일렉트로닉아츠(Electronic Arts) 등과 제휴를 맺고 온라인게임 '타이탄폴 온라인'을 개발하고 있다."
아시아경제,041140,/news/news_read.nhn?article_id=0003941613&office_id=277&mode=search&query=넥슨지티&page=1,2017-02-27 13:41,"넥슨지티, 100억원 규모 자사주 신탁계약 기간만료",[아시아경제 최동현 기자] 넥슨지티는 100억원 규모 자사주 취득 신탁계약이 기간만료로 해지됐다고 27일 공시했다. 이 계약건은 넥슨지티가 지난해 2월25일 최초 공시하고 같은해 8월23일 연장한 것으로 해당 신탁계약으로 총 105만5356주를 매입했다. 해당 주식은 넥슨지티 법인계좌에 입고돼 직접보유주식으로 전환될 예정이다.
이데일리,041140,/news/news_read.nhn?article_id=0003387112&office_id=018&mode=search&query=넥슨지티&page=1,2015-11-06 09:07,"[특징주]넥슨지티, '슈퍼판타지워' 전 세계 출시 소식에 '강세'","[이데일리 박기주 기자] 넥슨지티(041140)가 모바일 신작 ‘슈퍼판타지워’ 전 세계 출시 소식에 강세다. 6일 오전 9시4분 현재 넥슨지티의 주가는 전날보다 7.19% 상승한 1만5600원을 기록하고 있다. 전날 넥슨은 넥슨지티가 개발한 글로벌 모바일 신작 SRPG ‘슈퍼판타지워(해외출시명 ‘Fantasy War Tactics’)’를 글로벌 마켓에 출시했다고 밝혔다. ‘슈퍼판타지워’는 전 세계 153개국에 안드로이드OS와 iOS버전(아이폰, 아이팟터치, 아이패드 포함)으로 출시됐다."
헤럴드경제,041140,/news/news_read.nhn?article_id=0000873956&office_id=016&mode=search&query=넥슨지티&page=1,2015-10-12 10:20,&lt;생생코스닥&gt; 넥슨지티 강세&hellip;신작 기대감,[헤럴드경제=홍석희 기자] 넥슨지티가 신작 게임 발표 영향으로 급등세를 기록중이다. 12일 오전 10시 13분 현재 넥슨지티는 전거래일 대비 3.61% 상승한 1만2900원에 거래되고 있다. 넥슨지티는 전 거래일에도 2% 넘게 상승한 바 있다. 업계에선 넥슨지티 주가 강세 이유를 신작 기대감으로 꼽는다. 넥슨지티는 지난 8일 신작 모바일 전략시뮬레이션역할수행게임(SRPG) ‘슈퍼 판타지 워’를 11월에 출시한다고 밝혔다. 이 게임은 iOS와 안드로이드 앱 매켓 등을 통해 전세계에 동시 출시된다. 전 세계 동시 출시는 이번이 처음이다. 회사 관계자는 최근 주가 상승과 관련 “신작 게임의 완성도가 높다. 전세계 동시 출시에다가 게임 완성도도 높은 것으로 확인되면서 최근 주가 상승이 이어지고 있는 것으로 해석된다”고 말했다.
한국경제TV,041140,/news/news_read.nhn?article_id=0000657421&office_id=215&mode=search&query=넥슨지티&page=1,2018-07-05 13:15,"넥슨지티, 전일 대비 약 -3% 하락한 8,300원","[한국경제TV 라이온봇 기자] [그림 1] 최근 3개월 간 주가 추세 및 기간별 수익률 넥슨지티는 7월 5일 13시 15분 전일 대비 약 -3% 하락한 8,300원에 거래되고 있다. 넥슨지티는 코스닥 상장 기업으로 디지털컨텐츠 업종에 속해 있다. 시가총액은 3,031억원으로 코스닥 상장기업 중 168위에 위치 해 있다. [종목 성향 진단] [그림 2] 종목 성향 진단 넥슨지티의 투자 스타일은 성장주에 가깝다. 주가 고평가 우려가 공존하지만 높은 성장성이 기대되는 기업이다. 주가 모멘텀은 좋지 못했다. 최근 6개월 수익률은 -41.77%의 하락폭을 기록했다. 최근 1개월 수익률 또한 -22.27% 하락하며 부진한 모멘텀을 이어가고 있다. 넥슨지티 종목에 대한 투자자의 관심도는 굉장히 높은 편이다. [투자 점수 진단] [그림 3] 투자 점수 진단 넥슨지티는 어느 측면에서 투자 매력도가 높은 종목일까? AI 인공지능 종목 분석 시스템을 이용해 성장성, 수익성, 효율성, 안전성, 저평가성, 추세 등 주가 수익률에 영향을 줄 수 있는 6가지 핵심 투자 지표를 점수화하여 종목의 투자 매력도를 계산해보았다. 그 결과 넥슨지티는 상대적으로 기업안정성 측면에서 두각을 드러내고 있었다. 기업안정성 점수는 기업의 재무 구조가 얼마나 안정적인 상태인지를 나타낸다. 넥슨지티는 특히 당좌비율 측면에서 가장 높은 점수는 기록했는데, 전체 시장 내 497위를 기록하며 상위 25.7%에 위치했다. 업종별로는 192위를 기록하며 상위 32.71%에 위치했다. 그러나 기업의 이익 실현 정도를 나타내는 수익성 측면에서는 아쉬움을 나타냈다. (위의 AI인공지능 점수는 재무 데이터를 기반으로 전체 상장 종목과 비교/분석하여 도출한 점수로 높은 점수가 반드시 높은 수익률을 보장하지 않습니다. 위의 자료는 당사의 추천 종목이 아니며, 투자 시 참고용으로 제시해드리는 것입니다. 핵심투자지표를 결합해 종목의 투자매력도를 종합 계산한 ""인공지능 투자점수""는 ""거장들의 투자공식"" 앱에서 확인하실 수 있습니다.) 라이온봇 기자 -한국경제TV※ 본 기사는 한국경제TV와 '거장들의 투자공식이'자체 개발한 '라이온봇 기자'가 실시간으로 작성한 기사입니다. 라이온봇기자 ⓒ 한국경제TV, 무단 전재 및 재배포 금지 한국경제TV 관련뉴스해당 언론사에서 선정하며 언론사 페이지(아웃링크)로 이동해 볼 수 있습니다.[단독] 모바일 간편결제도 뚫렸다…SSG페이 등 6곳 '부정 결제'1분기 수익률 -0.2%…내 국민연금에 무슨 일이이혜영, 남편부터 워너원까지 '솔직+당당' 매력 발산1988년 김성령 vs 2018년 김수민...20년차 미스코리아 진'4천억 밥 전쟁'...햇반에 도전장 낸 이마트"
이데일리,041140,/news/news_read.nhn?article_id=0004063074&office_id=018&mode=search&query=넥슨지티&page=1,2018-03-23 16:32,"넥슨지티, 신지환 대표 공식 선임&hellip;본격 업무 시작","넥슨 일본법인 회계실장, 엔도어즈 대표 등 역임 [이데일리 조용석 기자] 넥슨지티(041140) 신임 대표로 신지환(46· 사진 ) 전 엔도어즈 대표이사가 공식 선임됐다. 내정자 꼬리표를 뗀 신 대표는 본격적인 업무에 착수할 예정이다. 넥슨지티는 23일 열린 주주총회에서 신 대표를 공식 선임했다고 이날 밝혔다. 지난달 28일 대표로 내정된 지 약 한 달 만이다. 신 내정자는 2005년 넥슨에 입사해 넥슨 재무기획실장 및 일본법인 관리회계실장을 역임했으며, 2013년부터 게임 ‘군주온라인’과 ‘아틀란티카’를 개발한 엔도어즈 대표이사로 재직하고 있다. 앞서 넥슨은 2010년 엔도어즈를 자회사로 편입했으며, 최근 넥슨레드가 이 지분을 인수하고 흡수 합병했다. 넥슨지티는 온라인 FPS게임 ‘서든어택’의 개발사로, 모바일 게임 ‘액스(AxE)’와 ‘스페셜솔져’를 개발한 넥슨레드가 자회사다. 일렉트로닉아츠(Electronic Arts) 등과 제휴를 맺고 온라인게임 ‘타이탄폴 온라인’을 개발하고 있다."
세계일보,041140,/news/news_read.nhn?article_id=0003271374&office_id=022&mode=search&query=넥슨지티&page=1,2018-05-07 03:04,"넥슨지티, 2018년 상반기 공개채용&hellip;20일까지 서류접수","국내 최대 온라인 게임 개발사인 넥슨의 자회사 ‘넥슨지티’가 2018년 상반기 공개채용을 한다. 넥슨지티는 게임 프로그래밍과 게임기획 직무 신입, 경력, 인턴사원을 동시에 선발한다고 4일 밝혔다. 공개채용 부서는 신규개발실과 서든어택 라이브실이다. 인턴은 게임산업에 관심만 있다면 나이, 학력과 무관하게 누구나 지원할 수 있다. 신입 및 경력사원은 직무분야별 상세 모집요강에 따라 지원 가능하다. 이번에 채용하게 될 신규개발실에서는 언리얼엔진4로 미공개 신작을 개발 중이다. 서든어택 라이브실은 넥슨지티의 대표 온라인 FPS게임 서든어택의 라이브 서비스를 개발한다. 서류 접수는 오는 20일까지 채용 홈페이지를 통해 진행된다. 서류전형과 온라인 테스트, 면접 등을 거친 최종합격자는 7월 중 입사한다. 전형 과정에 따라 더 일찍 입사할 수도 있다. 넥슨지티 김명현 총괄 프로듀서는 “넥슨지티는 ‘서든어택’과 ‘타이탄폴™ 온라인(Titanfall™ Online)’ 등 슈팅게임 개발에 경험과 노하우를 쌓아온 스튜디오”라며 “경험과 역량 갖춘 경력은 물론, 라이브와 신작 개발에 새로운 힘을 불어넣어줄 창의적이고 열정 넘치는 새로운 인재들의 많은 관심과 지원을 부탁 드린다”고 말했다. 넥슨지티는 온라인 FPS게임 ‘서든어택’의 개발사로, 모바일 게임 ‘액스(AxE)’와 ‘스페셜솔져’를 개발한 ㈜넥슨레드를 자회사로 두고 있다. 정지혜 기자 ⓒ 세상을 보는 눈, 글로벌 미디어 세계일보 세계일보 관련뉴스해당 언론사에서 선정하며 언론사 페이지(아웃링크)로 이동해 볼 수 있습니다.문재인 놓은 덫에 트럼프, 김정은 걸렸다""생리휴가 쓰면 생리대 검사""… 황당한 '직장 갑질'남성이 결혼을 피하고 후회하는 이유남친 만난 뒤 평생 '기저귀 신세'된 여대생홍준표 ""다음 대통령은 김정은…세상이 미쳐간다"""
한국경제TV,041140,/news/news_read.nhn?article_id=0000648754&office_id=215&mode=search&query=넥슨지티&page=1,2018-06-15 14:17,"넥슨지티, 전일 대비 약 -3% 하락한 9,240원","[한국경제TV 라이온봇 기자] 넥슨지티는 6월 15일 14시 16분 전일 대비 약 -3% 하락한 9,240원에 거래되고 있다. 넥슨지티는 코스닥 상장 기업으로 디지털컨텐츠 업종에 속해 있다. 시가총액은 3,374억원으로 코스닥 상장기업 중 166위에 위치 해 있다. [종목 성향 진단] [그림 1] 종목 성향 진단 넥슨지티의 투자 스타일은 성장주에 가깝다. 주가 고평가 우려가 공존하지만 높은 성장성이 기대되는 기업이다. 주가 모멘텀은 부진한 편이었다. 최근 6개월 수익률은 -32.34%의 하락폭을 기록했다. 최근 1개월 수익률 또한 -10% 하락하며 부진한 모멘텀을 이어가고 있다. 넥슨지티 종목에 대한 투자자의 관심도는 평범한 수준이었다. [투자 점수 진단] [그림 2] 투자 점수 진단 넥슨지티는 안정성(부채비율) 측면에서 두각을 나타내고 있다. 최근 부채비율은 71점으로 6개의 핵심 팩터 중 가장 높은 점수를 기록했다. 부채비율은  전체 시장 내 600위를 기록하며 상위 29.3%에 위치했다. 업종별로는 200위를 기록하며 상위 33.68%에 위치했다. 그러나 영업이익률과 ROA는  아쉬움을 나타냈다. [종합 투자점수] [그림 3] 종합 투자점수 AI 인공지능 분석을 통한 넥슨지티의 종목 종합 스코어는 32점을 기록했다. 이는 동일 업종 평균점수인 50점과 시장 평균점수인 50점를 하회하는 수치였다. (위의 AI인공지능 점수는 재무 데이터를 기반으로 전체 상장 종목과 비교/분석하여 도출한 점수로 높은 점수가 반드시 높은 수익률을 보장하지 않습니다. 위의 자료는 당사의 추천 종목이 아니며, 투자 시 참고용으로 제시해드리는 것입니다.) 라이온봇 기자 -한국경제TV※ 본 기사는 한국경제TV와 '거장들의 투자공식이'자체 개발한 '라이온봇 기자'가 실시간으로 작성한 기사입니다. 라이온봇기자 ⓒ 한국경제TV, 무단 전재 및 재배포 금지 한국경제TV 관련뉴스해당 언론사에서 선정하며 언론사 페이지(아웃링크)로 이동해 볼 수 있습니다.'키높이구두' 김정은 위원장…족저근막염 주의하세요공무원들, 대한항공 안 탄다…40년 된 GTR 뭘까바이오株가 남북경협주?...'네이처셀 쇼크' 넘는다장윤정 엄마, '4억원 사기 혐의'로 구속김국진♥강수지, 결혼사진 첫 공개…화사한 '5월의 신랑신부'"
동아일보,041140,/news/news_read.nhn?article_id=0003131186&office_id=020&mode=search&query=넥슨지티&page=1,2018-03-01 03:01,[경제계 인사]넥슨지티 대표이사에 신지환 씨,"[동아일보] 넥슨코리아의 게임개발 자회사 넥슨지티는 신임 대표이사에 신지환 엔도어즈 대표이사(45·사진)를 내정했다고 28일 밝혔다. 신 내정자는 고려대 경제학과 졸업 후 넥슨코리아 재무기획실장, 넥슨 일본법인 관리회계실장 등을 역임했다. 신 내정자는 3월 주주총회와 이사회를 거쳐 공식 선임될 예정이다. 엔도어즈는 1일자로 넥슨지티의 자회사 넥슨레드와 합병돼 소멸한다."
헤럴드경제,041140,/news/news_read.nhn?article_id=0001370460&office_id=016&mode=search&query=넥슨지티&page=1,2018-03-23 15:59,"넥슨지티(041140), 대표이사변경(신지환)","넥슨지티(041140)는  23일에 대표이사의 변경과 관련된 공시를 발표했다. 이번 공시에 따르면 동사의 대표이사는 이전의 김정준 에서 신지환 으로 변경되었으며, 이번 대표이사의 변경사유로 『김정준 대표이사의 사임으로 신지환 대표이사 신규 선임』이라고 밝혔다. 이번 대표이사의 교체는 2018년 3월23일에 진행된 것으로 발표되었다. 신임 대표이사와 관련된 주요 정보사항은 다음과 같다.(이름 / 생년월일 / 최대주주와의관계 / 주식수(주) / 지분율(%) / 비고 순) -. 신지환 / 19730724 / - / - / - / -"
한국경제TV,041140,/news/news_read.nhn?article_id=0000618099&office_id=215&mode=search&query=넥슨지티&page=1,2018-04-02 17:21,[국고처 이동근] 종목상담 - 넥슨지티(041140),[한국경제TV 류장현 PD] [국고처 이동근] 종목상담 - 넥슨지티(041140) 3월 31일 방송된 '국민주식고충처리반'에 출연한 이동근파트너가 넥슨지티(041140)에 대한 시세와 전망을 이야기하고 있다.
매일경제,041140,/news/news_read.nhn?article_id=0003610348&office_id=009&mode=search&query=넥슨지티&page=1,2015-11-03 11:09,"[게임스톡] 넥슨지티, &lsquo;슈퍼판타지워&rsquo; 사전예약 30만 돌파에 &lsquo;강세&rsquo;",넥슨지티(041140)가 신작 모바일게임 ‘슈퍼판타지워’에 대한 기대감으로 강세 흐름을 보이고 있다. 3일 오전 10시 5분 넥슨지티는 전거래일 대비 2.52% 오른 1만4250원에 거래되고 있다. 최근 이틀간은 내림세였다. 전일 넥슨은 모바일게임 ‘슈퍼판타지워’의 국내 사전예약 이벤트 신청자가 30만 명을 돌파했다고 밝혔다. 이 게임은 넥슨지티가 개발한 모바일 RPG로 오는 5일 글로벌 시장에 론칭될 예정이다. 단 중국과 일본의 경우 추가적인 현지화 등을 거쳐 추후 별도 출시된다. 이 게임은 기존 모바일게임 시장에서는 보기 드문 정통 SRPG를 표방해 관심을 받고 있다. 유진투자증권은 SRPG가 최근 게임업계에서 새로 주목받은 장르라며 시장 선점 효과를 누릴 수 있다고 분석하기도 했다.
매일경제,041140,/news/news_read.nhn?article_id=0004151436&office_id=009&mode=search&query=넥슨지티&page=1,2018-05-15 18:52,"넥슨지티, 1Q 영업손실 37억&hellip;신작 개발 통해 &lsquo;새 수익원 창출 도전&rsquo;","넥슨지티(대표 신지환)가 지난 1분기에 연결기준 매출 99억원, 영업손실 37억원, 당기순손실 35억원을 기록했다. 이는 전년동기 대비 매출이 12.25% 감소하고 영업손실 및 당기순손실 폭이 확대된 결과다. 전분기 대비로는 매출이 39% 줄고 영업이익 적자전환했다. 당기순손실폭은 줄였다. 매출의 경우 ‘서든어택’ 등 기존 주력 게임의 점진적 하락과 지난해 자회사 넥슨레드(대표 김대훤)의 신작 ‘액스’의 안정화에 따른 기저효과 등이 감소 요인으로 꼽힌다. 영업손실의 경우 신작 개발에 따른 인력 확충 등 비용 증가 등이 요인이다. 넥슨지티는 다수의 신작을 개발하며 새로운 매출원 창출에 나설 예정이다. 자회사 넥슨레드의 경우 트리플A급 모바일 MMORPG와 수집형 RPG 등 2종의 신작을 제작 중이며 넥슨지티도 언리얼엔진4 기반의 신작을 개발하고 있다. 또 넥슨레드의 히트작 ‘액스’의 경우 올해 일본 시장 공략에도 나선다. 지난해 ‘리니지2 레볼루션’이 현지에서 성과를 내고 최근 ‘브라운더스트’, ‘킹스레이드’ 등 한국 모바일 RPG가 현지에서 호응을 얻고 있어 기대를 모은다."
한국경제,041140,/news/news_read.nhn?article_id=0003472032&office_id=015&mode=search&query=넥슨지티&page=1,2015-11-08 19:25,[Hot Stock] 넥슨지티,모바일 신작 게임 슈퍼판타지워 출시 소식에 강세를 나타냈다. 지난 6일 전날보다 7.88% 상승한 1만5750원에 장을 마쳤다. 주가는 8월24일 1년 최저점(1만300원)까지 떨어진 이후 52.91% 올랐다. 지난 5일 모바일 전략역할수행게임인 슈퍼판타지워를 전 세계 153개국에 출시했다고 발표했다. [
아시아경제,041140,/news/news_read.nhn?article_id=0004203162&office_id=277&mode=search&query=넥슨지티&page=1,2018-03-23 16:15,"넥슨지티, 신지환 대표이사 체제로 변경",[아시아경제 문채석 기자]넥슨지티는 김정준 대표이사 체제에서 신지환 대표이사 체제로 변경됐다고 23일 공시했다.
머니투데이,041140,/news/news_read.nhn?article_id=0004016631&office_id=008&mode=search&query=넥슨지티&page=1,2018-02-28 14:01,"넥슨지티, 신지환 신임 대표 내정","[머니투데이 이해인 기자] 신지환 넥슨지티 신임 대표 내정자./ 사진=넥슨지티 넥슨지티는 28일 신임 대표이사로 신지환 엔도어즈 대표이사를 내정했다고 밝혔다. 신지환 신임 대표는 오는 3월 주주총회와 이사회를 거쳐 공식 선임될 예정이다. 신지환 대표 내정자는 2005년 넥슨에 입사해 넥슨 재무기획실장과 넥슨 일본법인 관리회계실장을 역임했다. 2013년부터 엔도어즈 대표이사로 재직하고 있다. 신지환 대표 내정자는 ""넥슨지티는 최근 몇 년간 해마다 신작을 시장에 내놓은 역량 있는 개발사""라며 ""더욱 안정적이고 진취적인 개발환경을 조성해 새로운 성장 기회를 만들어가도록 노력할 것""이라고 말했다. 넥슨지티는 온라인 FPS(1인칭슈팅)게임 '서든어택'의 개발사다. 모바일 게임 '액스'(AxE)와 '스페셜솔져'를 개발한 넥슨레드를 자회사로 두고 있다. 일렉트로닉아츠(EA), 리스폰엔터테인먼트(Respawn Entertainment)와 제휴를 맺고 온라인 게임 신작 '타이탄폴™ 온라인'(Titanfall™ Online)을 개발 중이다."
파이낸셜뉴스,041140,/news/news_read.nhn?article_id=0003753182&office_id=014&mode=search&query=넥슨지티&page=1,2016-12-26 09:41,[fnRASSI]넥슨지티 전일대비 6.57% 상승,"넥슨지티(041140)는 현재 주가가 전일 대비 6.57% 상승한 9,240원 선에서 거래가 이루어지고 있다.  외국인 보유량 감소, 기관 증가 (5일 누적)최근 5일간 동종목의 외국인 투자자는 36,849주 매도하였고 반면 기관은 2,495주 매수하였다. 전날 두 주체 각각 6,294주, 2,495주 순매수하며 보유 비율을 늘렸다.다음 표는 동종목의 외국인, 기관의 일별 순매수량을 나타낸 것이다.  상장주식수 대비 거래량은 0.48%로 적정수준최근 한달간 넥슨지티의 상장주식수 대비 거래량을 비교해보니 일별 매매회전율이 0.48%로 집계됐다. 그리고 동기간 장중 저점과 고점의 차이인 일평균 주가변동률을 3.92%를 나타내고 있다.  
 'fnRASSI'는 증권전문 기업 씽크풀과 파이낸셜뉴스의 협업으로 로봇기자가 실시간으로 생산하는 기사입니다."
서울경제,041140,/news/news_read.nhn?article_id=0003339216&office_id=011&mode=search&query=넥슨지티&page=1,2018-07-04 12:13,"&lt;코&gt;넥슨지티, 현재가 5.40% 급등","[서울경제] 오후 12시 12분 현재 넥슨지티(041140) 의 현재가는 8,980원으로 1분전 8,520원 대비 5.40% 급등했다. 수급측면으로는 50(매도):50(매수)의 매수우위를 기록하고 있다. 지난 1개월간 넥슨지티는 15.28% 하락했으며, 표준편차는 2.76%를 기록했다. 이 기간 ' 디지털컨텐츠업 ' 업종 평균 주가수익률은 -11.45% 로 나타났으며, 변동성은 1.40%를 기록했다. 이 시각 현재 ' 디지털컨텐츠업 '은 0.24% 상승 중이다."
매일경제,041140,/news/news_read.nhn?article_id=0003612954&office_id=009&mode=search&query=넥슨지티&page=1,2015-11-05 17:22,"넥슨지티, 모바일 SRPG &lsquo;슈퍼판타지워&rsquo; 글로벌 마켓 출시","넥슨(대표 박지원)은 넥슨지티㈜(대표 김정준)가 개발한 글로벌 모바일 신작 SRPG ‘슈퍼판타지워(해외출시명 ‘Fantasy War Tactics’)’를 5일 글로벌 마켓에 출시했다. ‘슈퍼판타지워’는 전 세계 153개국에 안드로이드OS와 iOS버전(아이폰, 아이팟터치, 아이패드 포함)으로 출시됐다. 넥슨지티측은 ‘슈퍼판타지워’는 SRPG가 지닌 특성을 모바일에 최적화시켰다고 강조했다. 50여 명의 개성 넘치는 캐릭터와 180여 개의 던전을 깨는 재미와 상성과 지형 등 여러 전략 요소를 활용해 도전할 수 있다. 또 스토리를 따라가며 얻는 나만의 영웅 캐릭터를 얻고 성장시키는 재미도 있다. 이번 정식 출시 버전에는 유저 인터페이스와 밸런스를 개선하고 장비 분해 및 개조 등 새로운 시스템들을 추가해 게임성과 편의성을 더욱 높였다. 특히, 한국어 버전에서는 이용신, 최덕희, 양정화 등 정상급 성우들이 영웅들의 목소리를 연기해 또 다른 재미를 더했다."
뉴시스,041140,/news/news_read.nhn?article_id=0008463384&office_id=003&mode=search&query=넥슨지티&page=1,2018-02-28 11:38,"넥슨지티, 신임 대표이사에 신지환씨 내정",【서울=뉴시스】김지은 기자 = 코스닥 상장 게임업체 넥슨지티(041140)는 신임 대표이사로 신지환 엔도어즈 대표이사를 내정했다고 28일 공시했다. 회사 측은 3월 주주총회와 이사회를 거쳐 선임될 예정이라고 덧붙였다.
서울경제,041140,/news/news_read.nhn?article_id=0003339207&office_id=011&mode=search&query=넥슨지티&page=1,2018-07-04 12:03,"&lt;코&gt;넥슨지티, 전일 대비 12.72% 상승.. 일일회전율은 0.32% 기록","[서울경제] 넥슨지티(041140) 는 4일 오후 12시 2분 현재 12.72% 오른 8,770원에 거래되고 있으며, 47(매도):53(매수)의 매수우위를 기록하고 있다. 거래대금은 9억3,078만, 거래량은 11만1,973주로 거래량회전율은 0.32%로 나타났다. 지난 1개월간 넥슨지티는 상승 13회, 하락 17회를 기록했고, 주가수익률은 -17.26% 표준편차는 2.76%를 기록했다. 이 기간 ' 디지털컨텐츠업 ' 업종 평균 주가수익률은 -11.47%로 나타났으며, 변동성은 1.40%를 기록했다. 이 시각 현재 ' 디지털컨텐츠업 '은 0.22% 상승 중이며, 37(매도):63(매수)의 매수우위를 기록하고 있다."
뉴시스,041140,/news/news_read.nhn?article_id=0007683645&office_id=003&mode=search&query=넥슨지티&page=1,2016-12-30 15:50,"웰게임즈, 신임 대표에 김대훤 넥슨지티 이사 선임","【서울=뉴시스】최현 기자 = 웰게임즈는 30일 신임 대표이사로 김대훤 넥슨지티 이사를 선임했다고 밝혔다. 김 신임 대표는 넥슨에서 '메이플스토리' 해외서비스 개발실장을 거쳐 2010년 넥슨지티에 합류, 온라인 FPS(1인칭 슈팅)게임 '서든어택'의 서비스와 모바일게임 '슈퍼판타지워' 등의 신작 개발을 총괄했다. 모바일 FPS게임 '스페셜솔져' 개발사인 웰게임즈는 지난 5월 넥슨지티의 자회사가 됐다. 주력작 스페셜솔져는 2015년 서비스 이후 지속적인 업데이트와 안정적 서비스로 누적 다운로드 300만을 넘긴 인기 모바일 게임이다. 김 신임 대표는 ""스페셜솔져는 물론, 웰게임즈의 개발력과 서비스 노하우를 바탕으로 유저들이 더욱 즐겁게 플레이 할 수 있는 콘텐츠와 신작들을 선보이겠다""고 말했다."
머니투데이,041140,/news/news_read.nhn?article_id=0004027637&office_id=008&mode=search&query=넥슨지티&page=1,2018-03-23 16:23,"넥슨지티, 계열사에 100억 규모 자금 대여",[머니투데이 김민우 기자] 넥슨지티는 계열사 넥슨레드에 개발비 등 운영자금 확보를 위해 100억 원 규모의 자금대여를 결정했다고 23일 공시했다. 이자율은 4.6%다. 넥슨지티는 또 김정준 대표이사 체제에서 신지환 대표이사 체제로 변경됐다고 공시했다.
매일경제,041140,/news/news_read.nhn?article_id=0003600769&office_id=009&mode=search&query=넥슨지티&page=1,2015-10-22 10:57,"넥슨지티, 신작 `슈판워` 기대감에 강세 &hellip;유진투자 &quot;시장 선점 효과 기대 &quot;","넥슨지티(041140)가 약세장서 나홀로 강세를 보이고 있다. 내달 출시를 앞둔 신작 ‘슈퍼판타지워’에 대한 기대감이 작용하는 모습이다. 22일 오전 10시 26분 현재 넥슨지티는 전거래일 대비 4.26% 오른 1만3450원에 거래되고 있다. 전일 1.15% 하락하는 등 최근 이틀간은 내림세를 보였다. 이날 유진투자증권은 넥슨지티와 관련해 소형 개발사와 대형 퍼블리셔의 조합에 관심을 둘 필요가 있다며 투자의견 매수 및 목표주가 1만8500원을 유지했다. 유진투자증권 정호윤 연구원은 “매력적인 게임주를 찾기가 어려운 시기이다. 이런 시기에 소형 개발사의 웰메이드 기대작과 대형 퍼블리셔의 인지도 및 마케팅능력의 조합은 상당한 시너지를 기대할 수가 있다”며 “흥행 시 높은 주가를 기대할 수 있다는 점 또한 매력적”이라고 설명했다. 이런 조합으로 바른손이앤에이와 넷게임즈가 개발하고 넥슨이 퍼블리싱하는 ‘히트’, 드래곤플라이가 개발하고 4:33이 서비스하는 ‘스페셜포스 모바일’, 넥슨지티가 개발하고 넥슨이 퍼블리싱하는 ‘슈퍼판타지워’ 등을 관심을 둘 필요가 있는 작품으로 꼽았다. 이중에서도 전략 RPG ‘슈퍼판타지워’와 관련해서는 모바일 RPG 장르의 흐름 변화를 지적하고 선점효과를 누릴 새로운 흥행작이 될 수도 있을 것으로 예측했다. 정 연구원은 “모바일에서는 몬스터 길들이기, 세븐나이츠 등의 흥행을 기점으로 정통 RPG가 주류를 이루다가 레이븐의 흥행을 기점으로 액션 RPG로 유행의 흐름이 이동했다”며 “최근에는 전략 RPG(SRPG: Strategic RPG)가 업계의 주목을 받고 있다”라고 설명했다. 이어 “흥행 장르의 변화는 기본적으로 유저들의 장르에 대한 피로도에 기인하며 새로운 장르의 출현, 특히 초기에는 몬스터길들이기(RPG), 세븐나이츠(RPG), 서머너즈워(RPG), 레이븐(ARPG), 뮤오리진(MMORPG), 백발백중(FPS)처럼 선점효과로 인해 롱런하는 흥행작이 한두 작품씩 출현해왔기 때문에 주목할 필요가 있다”고 강조했다. 한편 이날 대다수 게임주는 코스닥 지수의 내림세와 함께 전반적인 약세 흐름을 보이고 있다. 코스닥 지수는 전일 대비 5.48포인트(0.80%) 떨어진 681.02를 기록 중이다. 이에 게임주도 전반적인 약세다. 와이디온라인(052770)이 6%대, 파티게임즈(194510)가 4%대, 액토즈소프트(052790)와 조이시티(067000), 드래곤플라이(030350)가 3%대의 하락률을 기록 중이다. 소프트맥스(052190), NHN엔터테인먼트(181710), 게임빌(063080), 룽투코리아(060240), 선데이토즈(123420), 로코조이(109960), 컴투스(078340), 네오위즈게임즈(095660), 위메이드(112040) 등은 1%대 하락률을 기록하고 있다."
전자신문,041140,/news/news_read.nhn?article_id=0002605742&office_id=030&mode=search&query=넥슨지티&page=1,2017-05-02 08:36,"[ET투자뉴스]넥슨지티, &quot;하반기부터 신작 파&hellip;&quot; 매수(유지)-KB증권","KB증권에서 2일 넥슨지티(041140)에 대해 ""하반기부터 신작 파이프라인 재가동""라며 투자의견을 '매수(유지)'로 제시하였고, 아울러 목표주가로는 10,000원을 내놓았다. KB증권 이동륜, 김은지 애널리스트가 동종목에 대하여 이번에 제시한 '매수(유지)'의견은 KB증권에서는 올해들어 처음 내놓는 매매의견이며 그리고 최근 분기내 발표된 전체 증권사 리포트의 컨센서스와 비교를 해볼 경우에 오늘 발표된 투자의견은 대체적으로 평균치에 해당하는 수준으로, 이번 의견은 동종목에 대한 전체적인 흐름에서 크게 벗어나지 않은 것으로 분석되고 있다. 또한 전일 종가 기준으로 볼때 동종목의 현주가는 이번에 제시된 목표가 대비 26.1%의 추가상승여력이 있다는 해석이 제시되고 있다."
한국경제TV,041140,/news/news_read.nhn?article_id=0000606847&office_id=215&mode=search&query=넥슨지티&page=1,2018-02-28 14:29,"넥슨지티, 신지환 신임 대표이사 내정","[한국경제TV 정재홍 기자] 넥슨지티가 오늘(28일) 신임 대표이사로 신지환 엔도어즈 대표이사를 내정했다고 밝혔습니다. 신지환 신임 대표는 오는 3월 주주총회와 이사회를 거쳐 공식 선임될 예정입니다. 신 내정자는 2005년 넥슨에 입사해 넥슨 재무기획실장과 넥슨 일본법인 관리회계실장을 역임했으며, 2013년부터 엔도어즈 대표이사로 재직하고 있습니다. 신지환 대표 내정자는 ""넥슨지티는 최근 몇 년간 해마다 신작을 시장에 내놓은 역량 있는 개발사다""리며 ""더욱 안정적이고 진취적인 개발환경을 조성해 새로운 성장 기회를 만들어가도록 노력하겠다""라고 말했습니다."
아시아경제,041140,/news/news_read.nhn?article_id=0004203197&office_id=277&mode=search&query=넥슨지티&page=1,2018-03-23 16:48,"넥슨지티, 계열사 넥슨레드에 100억원 대여",[아시아경제 문채석 기자]넥슨지티는 계열회사인 넥슨레드의 개발비 등 운영자금 확보를 위해 100억원을 대여키로 했다고 23일 공시했다.
연합뉴스,041140,/news/news_read.nhn?article_id=0008642843&office_id=001&mode=search&query=넥슨지티&page=1,2016-08-26 09:30,"&lt;특징주&gt; 넥슨지티, 서든어택2 실패에 신저가 또 경신",(서울=연합뉴스) 고상민 기자 = 국내 게임사 넥슨지티가 기대작 '서든어택2' 조기 종료의 영향으로 52주 신저가를 또 갈아치웠다. 26일 오전 9시 26분 현재 코스닥시장에서 넥슨지티는 전날보다 0.96% 오른 8천380원에 거래됐다. 주가는 0.24% 내린 8천280원으로 출발한 뒤 52주 신저가인 8천260원까지 밀렸다가 저가 매수세가 유입되면서 소폭 반등하고 있다. '서든어택2'는 넥슨지티가 약 4년간 공들여 만든 슈팅 게임이다. 그러나 출시와 동시에 선정성 논란에 휘말려 출시 23일 만인 지난달 29일 서비스가 종료됐다. 이 게임 출시를 앞둔 지난 7월 4일 1만2천600원이던 넥슨지티 주가는 연일 52주 신저가를 경신하며 8천원대로 내려앉았다.
한국경제TV,041140,/news/news_read.nhn?article_id=0000614777&office_id=215&mode=search&query=넥슨지티&page=1,2018-03-23 17:44,"넥슨지티, 신지환 신임대표 선임","[한국경제TV 정재홍 기자] 넥슨의 자회사 넥슨지티가 오늘(23일) 주주총회를 열고 신임 대표이사로 신지환 내정자를 선임했습니다. 신 신임대표는 2005년 넥슨에 입사해 넥슨 재무기획실장과 넥슨 일본법인 관리회계실장을 역임했으며, 2013년부터 자회사 엔도어즈의 대표이사로 재직한 바 있습니다."
이데일리,041140,/news/news_read.nhn?article_id=0003673243&office_id=018&mode=search&query=넥슨지티&page=1,2016-11-10 16:23,"넥슨지티, 3분기 연결 영업익 81.7억..전년비 210% 증가","[이데일리 최정희 기자] 넥슨지티(041140)는 3분기 연결 매출액과 영업이익이 각각 194억4200만원, 81억7000만원으로 전년동기비 74.8%, 210% 증가했다고 10일 공시했다."
전자신문,041140,/news/news_read.nhn?article_id=0002703096&office_id=030&mode=search&query=넥슨지티&page=1,2018-04-27 13:41,"[ET투자뉴스]넥슨지티_주가, 거래량, 투심 모두 적정수준","위험대비 수익률 1.5로 상위권, 업종지수보다 높아 27일 오후 1시40분 현재 전일대비 3.98% 오른 11,750원을 기록하고 있는 넥슨지티는 지난 1개월간 3.52% 상승했다.  동기간 동안에 주가움직임의 위험지표인 표준편차는 2.3%를 기록했다.  이는 디지털컨텐츠 업종내에서 주요종목들과 비교해볼 때 넥슨지티의 월간 주가수익률은 상당히 높았던 반면에 변동성은 가장 낮았다는 뜻이다.  최근 1개월을 기준으로 넥슨지티의 위험을 고려한 수익률은 1.5를 기록했는데, 변동성이 가장 낮은 상태로 유지되었기 때문에 위험대비 수익률은 높은 수준을 유지했다.   또한 디지털컨텐츠업종의 위험대비수익률 0.7보다도 높았기 때문에 업종대비 성과도 긍정적이라고 할 수 있다. 다음으로 업종과 시장을 비교해보면 넥슨지티가 속해 있는 디지털컨텐츠업종은 코스닥지수보다 변동성은 높고, 수익률은 낮은 모습을 보여주고 있다.  다시 말해서 동업종은 지수보다 크게 오르락 내리락 했지만,  상승률은 오히려 지수보다 못하다는 의미이다.        표준편차 수익율  위험대비 수익율  넷게임즈 3.1% 22.3% 7.1  선데이토즈 3.0% -0.1% 0.1  네오위즈 2.7% -11.4% -4.2  게임빌 2.3% -17.3% -7.5  넥슨지티 2.3% 3.5% 1.5  코스닥 0.7% 1.8% 2.5  디지털컨텐츠 0.9% 0.7% 0.7  2월7일에 넥슨지티 4/4분기(2017년10월~12월)실적 발표됨   &lt;발표치&gt; 매출액 영업이익 당기순이익  4/4분기 163.0억 18.0억 -97.0억  직전분기 대비 22.1% 증가 40.6% 증가 적자반전  전년동기 대비 94.7% 증가 흑자전환 적자반전    [재무분석 특징] 영업이익률 현재 -15.66%로 업종평균 하회.  PBR은 2.96임.     업종내 시가총액 규모가 가장 비슷한 4개 종목과 비교해보면 넥슨지티는 자산가치대비 현재의 주가수준을 나타내는 PBR과 순이익대비 현재의 주가수준을 보여주는 PER이 모두 상대적으로 적정한 수준에 있다고 할 수 있다.      넥슨지티 게임빌 선데이토즈 넷게임즈 네오위즈  ROE -2.2 5.8 - -44.9 -2.8  PER - 27.8 - - -  PBR 3.0 1.6 - 15.7 1.5  기준년월 2017년12월 2017년12월 2017년12월  2017년12월  외국인/기관 순매수, 개인은 순매도(한달누적)4월16일부터 기관이 9거래일 연속 순매수 행진을 벌이고 있다.  4주간을 기준으로 보면 외국인이 초반에 동종목을 순매수한 이후에 기세를 이어가며 213,624주를 순매수했고, 기관도 순매도를 기록하다가 다시 순매수로 돌아서면서 37,826주를 순매수했다.  반면 개인들은 매도쪽으로 방향을 잡으면서 251,450주를 순매도한 것으로 나타났다.   투자주체별 누적순매수   상장주식수 대비 거래량은 0.55%로 적정수준최근 한달간 넥슨지티의 상장주식수 대비 거래량을 비교해보니 일별 매매회전율이 0.55%로 집계됐다.  그리고 동기간 장중 저점과 고점의 차이인 일평균 주가변동률을 3.53%를 나타내고 있다. 주요 투자주체는 개인투자자최근 한달간 주체별 거래비중을 살펴보면 개인이 82.46%로 가장 높은 참여율을 보였고, 외국인이 14.13%를 보였으며 기관은 3.4%를 나타냈다.  그리고 최근 5일간 거래비중은 개인 비중이 84.83%로 가장 높았고, 외국인이 13.1%로 그 뒤를 이었다.  기관은 2.06%를 나타냈다.   투자주체별 매매비중   ＊기관과 외국인을 제외한 개인 및 기타법인 등의 주체는 모두 개인으로 간주하였음   주가, 거래량, 투심 모두 적정수준    현주가를 최근의 주가변화폭을 기준으로 본다면 특정 방향으로의 추세는 확인되지 않고, 거래량 지표로 볼 때는 적정한 수준에서 특별한 변화는 포착되지 않고 있다.  실리적인 측면에서는 투자자들은 안정적인 심리상태를 보이고 있고 이동평균선들의 배열도를 분석을 해보면 지속됐던 하락국면을 마무리하면서 상승국면으로의 전환가능성이 높아지고 있다.      현재주가 근처인 12,100원대에 주요매물대가 존재.   최근 세달동안의 매물대 분포를 살펴보면, 현주가대 근방에 12,100원대의 대형매물대가 눈에 뜨이고, 이중에서 12,100원대는 전체 거래의 22.4%선으로 매매가 이가격대에서 비교적 크게 발생한 구간이라서 지금부터 주가가 어느 한방향으로 방향을 잡으면 강한 추세적 지지 또는 저항대가 될 가능성을 고려할 필요가 있고, 그리고 11,650원대의 매물대 또한 규모가 크기때문에 향후 주가가 방향을 잡으면 어느쪽으로도 지지 또는 저항매물대로 힘을 발휘할 수있다.  따라서 주가가 단기적인 상승을 전개하고는 있지만, 위로 제1매물대 저항구간인 12,100원대까지는 아직 거리가 상대적으로 멀고, 아래로 제2매물대 지지대인 11,650원이 더 가깝게 위치하고 있다.   제2매물가격대에 주가가 지금 근접하고 있기 때문에, 이제부터는 11,650원대의 지지여부를 우선해서 세밀하게 확인할 필요가 있다.  현재위치에서 매물부담을 고려해보면, 11,650원대의 지지가능성과 12,100원대의 저항가능성을 중심으로 보는 것이 필요하다."
매일경제,041140,/news/news_read.nhn?article_id=0003614988&office_id=009&mode=search&query=넥슨지티&page=1,2015-11-09 10:24,[게임스톡] 증시 급락에 게임주도 줄하락&hellip;넥슨지티&middot;와이디온라인 등 급락,"국내 증시가 급락하면서 게임주도 약세 흐름을 보이고 있다. 9일 오전 10시 10분 코스닥 지수는 전거래일 대비 11.91(1.72%) 떨어진 682.30을 기록 중이다. 미국 금리인상 우려감이 제기되며 투자 심리를 위축시켰다는 평가다. 코스피 지수도 약세흐름을 보이고 있다. 게임주도 하락세다. 넥슨지티(041140)가 7.62% 하락 중이고 와이디온라인(052770)이 5.28% 떨어지고 있다. 플레이위드(023770)는 4.65%, 액션스퀘어(205500)도 3.32% 내렸다. 이외 선데이토즈(123420)와 파티게임즈(194510), 조이시티(067000), NHN엔터테인먼트(181710), 웹젠(069080), 위메이드(112040), 조이맥스(101730) 등이 2%대의 하락률을 기록 중이다. 게임빌(063080), 데브시스터즈(194480), 엔씨소프트(036570) 등도 1% 이상 떨어졌다. 다만 네오위즈게임즈(095660)는 4.03% 오른 1만9350원에 거래되고 있다. 네오위즈게임즈는 3분기 실적이 양호할 것으로 추정되고 있다."
부산일보,041140,/news/news_read.nhn?article_id=0000784308&office_id=082&mode=search&query=넥슨지티&page=1,2018-02-28 17:08,"넥슨지티, 신지환 신임 대표이사 내정","넥슨지티는 28일 신임 대표이사로 신지환(44/사진) 엔도어즈 대표이사를 내정했다고 밝혔다. 신지환 신임 대표는 오는 3월 주주총회와 이사회를 거쳐 공식 선임될 예정이다. 신 내정자는 2005년 넥슨에 입사해 넥슨 재무기획실장과 넥슨 일본법인 관리회계실장을 역임했다. 2013년부터는 엔도어즈 대표이사로 재직했다.   신 내정자는 ""넥슨지티는 최근 몇 년간 해마다 신작을 시장에 내놓은 역량 있는 개발사""라며 ""더욱 안정적이고 진취적인 개발환경을 조성해 새로운 성장 기회를 만들겠다""고 말했다.  넥슨지티는 온라인 FPS게임 서든어택 개발사로 모바일 게임 액스(AxE)와 스페셜솔져를 개발한 넥슨레드를 자회사로 두고 있다.  지금은 일렉트로닉아츠(Electronic Arts), 리스폰엔터테인먼트(Respawn Entertainment)와 제휴를 맺고 온라인 게임 신작 '타이탄폴™ 온라인(Titanfall™ Online)'을 개발 중이다. "
매일경제,041140,/news/news_read.nhn?article_id=0003614731&office_id=009&mode=search&query=넥슨지티&page=1,2015-11-08 20:10,실적 시즌 첫주 게임스톡 &lsquo;부진&rsquo;&hellip;넥슨지티&middot;엔씨소프트 상승률 &lsquo;최고&rsquo;,"[게임스톡: 주간] 실적 발표가 본격적으로 이뤄지기 시작한 11월 첫 주(11월 2일~11월 6일)의 게임주는 전반적으로는 다소 부진했다. 넥슨지티(041140), 엔씨소프트(036570) 등 일부 게임주가 신작 기대감이 작용하며 상승세를 보였으나 하락세를 보인 곳이 조금 더 많았고 하락폭도 상대적으로 높았다. 11월 첫 주 22곳 게임주의 평균 등락률은 -1.31%였다. 엔씨소프트와 NHN엔터테인먼트(181710)를 제외한 코스닥 상장 게임주 20곳의 평균 등락률은 -2.30%로 더 부진했다. 같은기간 코스닥 지수 등락률은 1.54%, 코스피 지수 등락률은 0.57%였다. 11월 첫 주는 주요 게임업체의 실적 발표가 본격화되면서 이에 따른 영향이 주가에 반영됐다. 엔씨소프트의 경우 실적은 다소 부진했으나 내년 상반기 신작 모바일 게임들을 출시할 것이라고 밝히면서 기대감이 작용했다. 반면 흑자전환에 성공한 위메이드(112040)는 약세 흐름을 보였다. 데브시스터즈(194480), 선데이토즈(123420) 등은 부진한 실적이 공개된 이후 주가 반등세를 보이기도 했다. ◆ 신작 ‘슈판워’ 기대감 넥슨지티, 최고 상승률 기록 가장 큰 폭의 상승세를 기록한 곳은 12.5% 오른 넥슨지티였다. 넥슨지티는 실적 발표와는 상관없이 신작 게임 출시에 따른 기대감이 크게 작용했다. 지난 5일 넥슨을 통해 글로벌 출시한 모바일게임 ‘슈퍼판타지워’다. 이 게임은 출시 첫날 국내 애플 앱스토어 매출 순위 22위로 데뷔했고 7일 기준 매출 순위 12위에 올라 있다. 구글 플레이에서는 최고 매출 순위 43위에 랭크됐다. 이 게임의 초반 반응이 긍정적이었던 탓에 출시 직후인 6일 넥슨지티의 주가는 7.88% 오르기도 했다. 글로벌 애플 앱스토어 순위는 6일자(앱애니, 매출) 기준으로 대만, 스페인, 폴란드, 미국, 태국, 말레이시아, 인도네시아 등의 국가에서 톱200위에서 300위권에 진입한 상황이다. 글로벌 흥행 성과에 따라 넥슨지티의 주가도 함께 움직일 전망이다. ◆ 엔씨소프트, 실적보다는 기대감…모바일 본격화에 급등 다음은 엔씨소프트다. 엔씨소프트는 12.14% 올랐다. 앞으로 출시할 신작들에 대한 기대감이 크게 작용했다. 엔씨소프트는 지난 4일 3분기 연결실적을 발표했다. 매출 1956.7억 원, 영업이익 505.8억 원이다. 전분기 대비 매출은 10.5%, 영업이익은 24.6% 감소했고 전년동기 대비로도 각각 7.5%, 37.8% 줄어 좋은 결과는 아니었다. 하지만 컨퍼런스콜이 진행된 이후 주가는 급상승했다. 이날 하루만 11.70% 올랐다. 주요 신작들의 출시 일정이 공개되면서 기대감을 키운 모습이다. 특히 4일 컨퍼런스콜에서 리니지 모바일의 개발 소식이 알려져 주목을 받았다. 자체 개발 라인업으로 ‘리니지’ 1편을 활용한 모바일게임 2종이 제작 중에 있고 내년 상반기에 1종이 상용화된다는 설명이었다. 이외에도 블소 모바일이 현재 퍼블리셔 텐센트와 중국 출시 일정을 조율 중이고 외부 퍼블리싱 작품과 자회사 엔트리브소프트의 작품 등을 글로벌 시장에 내놓는다. 온라인게임 신작도 준비돼 MXM이 내년 상반기 국내 및 대만, 일본 출시가 예정됐고 하반기에는 중국에 출시된다. 리니지 이터널은 비공개 테스트가 이뤄지고 공개 서비스까지의 프로세스를 짧게 가져갈 예정이다. 다만 엔씨소프트는 4일 급등 이후 5일과 6일 이틀간은 강보합권에 머물며 상승세를 이어가지는 못했다. 이외에는 특별히 상승세가 두드러진 곳은 없었다. NHN엔터테인먼트가 5.04%, 컴투스(078340)가 4.61%, 액토즈소프트(052790)가 4.56% 오른 것이 그나마 눈에 띌 정도다. ◆ 위메이드, 8분기만에 흑자전환 성공에도 ‘약세’ 엔씨소프트가 실적보다는 기대감이 작용해 올랐다면 위메이드는 반대로 호실적이 발표됐지만 주가는 역주행했다. 위메이드는 이번 주에 10.47% 하락하며 가장 하락률이 높은 게임주로 꼽혔다. 4일 실적 발표를 통해 8분기 만에 흑자전환에 성공했음을 알렸음에도 사흘 연속 약세 흐름을 보였다. 중국에 출시된 ‘열혈전기’의 로열티 수입 및 조직 효율화 등으로 흑자전환에 성공했으나 출시 예정작의 흥행 기대감이 부족한 것이 원인으로 꼽혔다. 증권가에서도 밸류에이션 매력이 부족하다며 신작 흥행 여부를 지켜볼 것을 조언하기도 했다. 삼성증권과 SK증권, 이베스트투자증권이 이 같은 이유로 목표주가를 하향 조정했다. 현재 위메이드는 기대작 ‘소울앤스톤’과 자회사 조이맥스의 ‘히어로스톤’과 ‘맞고의 신’ 등의 출시를 앞두고 있으며 온라인게임 ‘로스트사가’의 중국 오픈도 예정하고 있다. 향후 이들 게임의 흥행 성과가 주가를 움직일 전망이다. ◆ 특별한 이슈 없던 룽투코리아·드래곤플라이도 ‘내림세’ 룽투코리아(060240)와 드래곤플라이(030350)도 하락률이 큰 편에 속했다. 룽투코리아가 9.96%, 드래곤플라이가 9.24% 하락했다. 룽투코리아의 경우 특별한 이슈는 없었으나 6일 6.61% 하락한 것이 컸다. 이날 기관 투자자들이 7만9250주를 순매도하며 하락을 부추겼다. 주중 강세 흐름을 보인 날도 없었다. 4일과 5일 강보합세로 마감한 것이 전부다. 지난 2일에는 4.78% 하락했다. 다만 룽투코리아는 4분기부터 신작 출시가 예정돼 있고 향후 유명 온라인게임 ‘크로스파이어’를 활용한 모바일게임 개발 판권도 보유해 주목된다. 드래곤플라이도 룽투코리아와 유사하게 특별한 이슈는 없었다. 다만 기관 투자자들이 꾸준히 매도세를 보이고 있고 주중 강세 흐름을 보인날도 없으면서 하락폭이 커진 모습이다. 현재 드래곤플라이는 스페셜포스 IP를 활용한 모바일게임을 제작 중인데 12일 열리는 게임전시회 지스타에서 퍼블리셔 네시삼십삼분을 통해 소개될 예정이다. ◆ 실적 부진 데브시스터즈·선데이토즈, 주가 흐름 ‘눈길’ 부진한 실적을 발표한 데브시스터즈와 선데이토즈의 주가 흐름도 눈길을 끄는 부분이다. 데브시스터즈는 9.21% 하락했고 선데이토즈는 4.88% 하락했다. 다만 이들 게임주는 실적 발표 이후에는 상승하는 모습을 보였다. 데브시스터즈는 지난 4일 공시를 통해 3분기 연결기준 매출 36.6억 원, 영업손실 19.6억 원, 당기순손실 12.9억 원을 기록했다고 밝혔다. 이는 전년동기 대비 매출은 75.02% 감소하고 영업이익 및 당기순이익은 적자전환한 수치다. 전기 대비로는 매출이 33.13% 감소하고 적자폭은 더욱 커졌다. 특히 기대작 ‘쿠키런2’의 출시가 연내는 불가능하다고 밝히면서 주가가 급락했다. 4일 하루에만 14.75% 하락했다, 그러나 이후 이틀간은 강세 흐름을 보였다. 5일 6.73% 오르고 6일에도 1.26% 상승했다. 증권가에서는 현대증권이 목표주가를 하향 조정하는 등 부정적인 의견을 내놓았으나 주가는 반등세를 유지했다. 선데이토즈도 실적이 좋지 않았다. 그러나 주가는 실적발표 이후 반등세를 보였다. 선데이토즈는 지난 5일 공시를 통해 연결기준 매출 168.9억 원, 영업이익 47.1억 원, 당기순이익 52.1억 원을 기록했다고 밝혔다. 전년 동기 대비 매출은 47.4%, 영업이익은 65.0%, 당기순이익은 52.9% 감소한 수치다. 전분기 대비로는 매출이 16.3%, 영업이익이 29.0% 감소했다. 당기순이익은 10.1% 증가했다. 그러나 이날 선데이토즈의 주가는 3.85% 올랐다. 6일에도 1.11% 상승했다. 실적 부진보다는 출시 예정작인 ‘애니팡 맞고’에 대한 기대감이 작용한 모습이다. 다만 선데이토즈의 경우 영국게임업체 킹이 아보카도엔터테인먼트를 상대로 제기한 저작권 소송에서 승리하면서 불안요인이 생긴 상황이다. 관련업계에서는 킹이 ‘애니팡2’를 대상으로 선데이토즈에 저작권 소송을 제기할 가능성이 존재한다고 내다보고 있다. 이에 선데이토즈는 지난 2일 10.10% 급락한 바 있다."
이데일리,041140,/news/news_read.nhn?article_id=0004045971&office_id=018&mode=search&query=넥슨지티&page=1,2018-02-28 14:47,"넥슨지티, 신지환 신임 대표 내정&hellip;&ldquo;새 성장기회 만들 것&rdquo;","2013년부터 엔도어즈 대표이사 역임 [이데일리 조용석 기자] 넥슨지티(041140)는 신지환( 사진 ) 엔도어즈 대표이사를 신임 대표이사로 내정했다고 28일 밝혔다. 신 내정자는 2005년 넥슨에 입사해 넥슨 재무기획실장 및 일본법인 관리회계실장을 역임했으며, 2013년부터 게임 ‘군주온라인’과 ‘아틀란티카’를 개발한 엔도어즈 대표이사로 재직하고 있다. 앞서 넥슨은 2010년 엔도어즈를 자회사로 편입했으며, 최근 넥슨레드가 이 지분을 인수하고 흡수 합병했다. 신 내정자는 “넥슨지티는 최근 몇 년간 해마다 신작을 시장에 내놓은 역량 있는 개발사다”며 “더욱 안정적이고 진취적인 개발환경을 조성해 새로운 성장 기회를 만들어가도록 노력하겠다”고 말했다. 넥슨지티는 온라인 FPS게임 ‘서든어택’의 개발사로, 모바일 게임 ‘액스(AxE)’와 ‘스페셜솔져’를 개발한 넥슨레드가 자회사다. 일렉트로닉아츠(Electronic Arts) 등과 제휴를 맺고 온라인게임 ‘타이탄폴 온라인’을 개발하고 있다."
파이낸셜뉴스,041140,/news/news_read.nhn?article_id=0004008889&office_id=014&mode=search&query=넥슨지티&page=1,2018-04-25 09:42,[fnRASSI]넥슨지티(041140) 전일대비 8.64% 상승,"현재 넥슨지티(041140)는 전일대비 8.64% 상승하여 11,950원 선에서 거래가 이루어지고 있다. 퀀트 재무분석, 종합점수 9점으로 상승                    지표               항목               값               종합점수                 성장성               매출액증가율               -0.19               2.2                 자기자본증가율               -0.03                 안정성               부채비율               28.19               9.17                 유동비율               1412.36                 이익안정성               8.33                 수익성               ROA               -7.62               1.38                 ROE               -9.76                 영업이익율               -4.77          넥슨지티의 퀀트 재무 점수는 12.75점으로 3개월 이전 12.51점보다 올랐다. 지난 분기에 비해 성장성 점수가 상승했다. 이는 매출액 증가율이 증가하였기 때문이다. 수익성 측면에서 볼때 ROA, ROE가 하락하여 이전보다 낮은 점수를 받았다. 주요 투자주체는 개인투자자 최근 한달간 주체별 거래비중을 살펴보면 개인이 80.66%로 가장 높은 참여율을 보였고, 외국인이 14.89%를 보였으며 기관은 4.43%를 나타냈다. 그리고 최근 5일간 거래비중은 개인이 전체 거래량의 80.17%를 차지하며 가장 활발한 참여를 보였고, 외국인은 13.09%, 기관은 6.73%의 거래 참여율을 보였다. 'fnRASSI'는 증권전문 기업 씽크풀과 파이낸셜뉴스의 협업으로 로봇기자가 실시간으로 생산하는 기사입니다."
매일경제,041140,/news/news_read.nhn?article_id=0003617441&office_id=009&mode=search&query=넥슨지티&page=1,2015-11-11 15:59,"넥슨지티, 3Q 영업익 26억 `전년比 30%&darr;`&hellip;신작 &lsquo;슈판워&rsquo; 호조 &lsquo;4분기 ...","넥슨지티(대표 김정준)는 11일 공시를 통해 지난 3분기 매출 111.2억 원, 영업이익 26.3억 원, 당기순이익 26.9억 원을 기록했다고 밝혔다. 이는 전년동기 대비 매출은 22.8%, 영업이익은 30.8%, 당기순이익은 27.5% 감소한 결과다. 넥슨지티는 3분기 매출 감소에 대해 넥슨과 공동으로 사업을 진행하던 ‘바람의 나라’, ‘테일즈위버’ 등의 온라인 RPG 서비스가 지난 7월부터 넥슨 단독 사업으로 변경됐기 때문이라고 설명했다. 다만 3분기까지 누적으로는 매출 476억 원, 영업이익 176억 원, 당기순이익 165억 원을 기록해 영업이익과 당기순이익이 전년에 비해 각각 8.3%, 10.3% 증가했다. 매출은 2.4% 감소했다. 넥슨지티는 최근 출시한 모바일게임 ‘슈퍼판타지워’가 인기를 끌고 있어 4분기에 대한 기대감은 높아지는 상황이다. 지난 5일 넥슨을 통해 전세계 153개국에 동시 출시한 ‘슈퍼판타지워’는 현재 국내 구글 플레이 매출 순위 16위, 국내 애플 앱스토어 매출 6위 등을 기록 중이다. 글로벌 시장에서도 동남아 및 남미권을 중심으로 순위가 상승 중이다. 또한 신작 온라인게임 ‘서든어택2’도 12일부터 개최되는 게임전시회 ‘지스타’를 통해 전시한다. 이 게임은 내년 출시가 예상된다. 이외 글로벌 게임업체 EA의 유명 슈팅게임 '타이탄폴'의 온라인 버전도 개발 중이다."
매일경제,041140,/news/news_read.nhn?article_id=0003617396&office_id=009&mode=search&query=넥슨지티&page=1,2015-11-11 15:40,"넥슨지티, 3분기 영업이익 26억3600만원&hellip;전년比 30.8%&darr;","넥슨지티는 올 3분기 영업이익이 26억3600만원을 기록해 전년 동기 대비 30.8% 감소했다고 11일 공시했다. 같은 기간 매출액과 당기순이익은 111억2200만원, 26억9300만원으로 각각 22.8%, 27.5% 줄었다. [매경닷컴 김경택 기자] r_start // r_end // [ⓒ 매일경제 & mk.co.kr, 무단전재 및 재배포 금지] 매일경제 관련뉴스해당 언론사에서 선정하며 언론사 페이지(아웃링크)로 이동해 볼 수 있습니다.홍진영, 파격 '19금 노출'에 꿀벅지 드러내고…""男心 흔드는 자세로~깜짝""연봉1억 시중은행 직원들, 순익은 5000만원도 못 만들어내고아라, 화보서 갈색 눈 과시 '신비스러운 미녀''갑질 고객'만 있는 게 아니다 야식 배달 아버지가 받은 쪽지17세 연하남 사귀는 미나, 환상 바디라인 보니…""아직 죽지 않았어~대박!"""
파이낸셜뉴스,041140,/news/news_read.nhn?article_id=0003771386&office_id=014&mode=search&query=넥슨지티&page=1,2017-02-03 10:20,"[fnRASSI]넥슨지티, 0.44% 오르며 거래량 증가","넥슨지티는 투자자들의 관심으로 현재 거래량이 최근 5거래일 거래량의 최고치를 넘어섰다. 그리고 넥슨지티는 3일 연속 상승흐름을 보이며, 10시 17분 현재 0.44% 증가한 9,140원에 거래중이다. 상장주식수 대비 거래량은 0.81%로 적정수준 최근 한달간 넥슨지티의 상장주식수 대비 거래량을 비교해보니 일별 매매회전율이 0.81%로 집계됐다. 그리고 동기간 장중 저점과 고점의 차이인 일평균 주가변동률을 2.26%를 나타내고 있다. 기관과 개인은 순매도, 외국인은 순매수(한달누적)  1월25일부터 전일까지 외국인이 5거래일 연속 동종목을 사들였다. 4주간을 기준으로 보면 외국인이 초반에 동종목을 순매수한 이후에 기세를 이어가며 416,038주를 순매수한 반면, 기관은 순매수에서 순매도로 반전되면서 12,372주를 순매도했고, 개인들도 매도쪽으로 방향을 잡으면서 403,666주를 순매도한 것으로 집계됐다.   'fnRASSI'는 증권전문 기업 씽크풀과 파이낸셜뉴스의 협업으로 로봇기자가 실시간으로 생산하는 기사입니다."
한국경제TV,041140,/news/news_read.nhn?article_id=0000626632&office_id=215&mode=search&query=넥슨지티&page=1,2018-04-25 10:13,"넥슨지티, 전일 대비 약 7% 상승한 11,800원","[한국경제TV 라이온봇 기자] 넥슨지티는 4월 25일 10시 13분 전일 대비 약 7% 상승한 11,800원에 거래되고 있다. 넥슨지티는 코스닥 상장 기업으로 디지털컨텐츠 업종에 속해 있다. 시가총액은 3,891억원으로 코스닥 상장기업 중 150위에 위치 해 있다. [종목 성향 진단] [그림 1] 종목 성향 진단 넥슨지티의 투자 스타일은 성장주에 가깝다. 주가 고평가 우려가 공존하지만 높은 성장성이 기대되는 기업이다. 주가 모멘텀은 평범한 수준이었다. 최근 1개월 수익률이 0.46%, 3개월 수익률은 -23.08%, 6개월 수익률은 -9.09%를 기록했다. 넥슨지티 종목에 대한 투자자의 관심도는 평범한 수준이었다. [투자 점수 진단] [그림 2] 투자 점수 진단 넥슨지티는 성장성(매출증가율(YoY)) 측면에서 두각을 나타내고 있다. 최근 매출증가율(YoY)은 93점으로 6개의 핵심 팩터 중 가장 높은 점수를 기록했다. 매출증가율(YoY)은  전체 시장 내 120위를 기록하며 상위 6.55%에 위치했다. 업종별로는 37위를 기록하며 상위 6.83%에 위치했다. 그리고 수익성(영업이익률) 역시 도드라지는 편이다. 수익성 점수는 82점으로 두번째로 높은 점수를 기록했다. 영업이익률은 전체 시장 내 350위를 기록하며 상위 17.85%에 위치했다. 업종별로는 151위를 기록하며 상위 25.6%에 위치했다. 그러나 ROA와 PBR은  아쉬움을 나타냈다. [종합 투자점수] [그림 3] 종합 투자점수 AI 인공지능 분석을 통한 넥슨지티의 종목 종합 스코어는 48점을 기록했다. 이는 동일 업종 평균점수인 56점과 시장 평균점수인 57점를 하회하는 수치였다. (위의 AI인공지능 점수는 재무 데이터를 기반으로 전체 상장 종목과 비교/분석하여 도출한 점수로 높은 점수가 반드시 높은 수익률을 보장하지 않습니다. 위의 자료는 당사의 추천 종목이 아니며, 투자 시 참고용으로 제시해드리는 것입니다.) 라이온봇 기자 -한국경제TV※ 본 기사는 한국경제TV와 '거장들의 투자공식이'자체 개발한 '라이온봇 기자'가 실시간으로 작성한 기사입니다. 라이온봇기자 ⓒ 한국경제TV, 무단 전재 및 재배포 금지 한국경제TV 관련뉴스해당 언론사에서 선정하며 언론사 페이지(아웃링크)로 이동해 볼 수 있습니다.왕빛나 서구적 몸매 비결…'20kg을 한 번에?'유병자 실손보험, 삼성화재 '가장 비싸'쏘가리 가격 '확' 떨어진다…22년 연구 끝에 '대량양식' 성공박하선 '다이어트 성공' 인증샷 ""웰컴백 44사이즈""손은서♥이주승 열애 인정, '연상녀-연하남커플' 합류"
서울경제,041140,/news/news_read.nhn?article_id=0002878237&office_id=011&mode=search&query=넥슨지티&page=1,2016-08-26 09:56,"넥슨지티, 서든어택2 조기 종료 영향... 52주 신저가 경신","넥슨지티(041140)가 온라인게임 ‘서든어택2’의 서비스 조기 종료 영향으로 52주 신저가 기록을 또다시 갈아치웠다. 넥슨지티는 26일 오전 9시 51분 현재 코스닥시장에서 전날보다 0.24%(20원) 내린 8,280원에 거래되고 있다. 최근 3거래일 연속 하락 흐름이다. 장 초반에는 8,260원까지 떨어지기도 했다. 넥슨지티는 4년 가까이 준비한 서든어택2의 서비스를 지난달 29일 출시 23일만에 종료시켰다. 선정성 논란 등에 휩싸이며 사용자 숫자가 급감했기 때문이다."
헤럴드경제,041140,/news/news_read.nhn?article_id=0000903555&office_id=016&mode=search&query=넥슨지티&page=1,2015-11-11 09:58,&lt;생생코스닥&gt; 넥슨지티 &lsquo;슈판워&rsquo;&hellip; 앱스토워 매출 6위 &lsquo;기염&rsquo;,"[헤럴드경제=홍석희 기자] 넥슨지티가 출시한 SRPG게임 ‘슈퍼판타지워’가 출시 1주일만에 애플 앱스토어에서 매출 6위에 랭크됐다. 게임성이 시장에서 인정받으면서 회사측은 ‘제2의 서머너즈워’가 될 것이라 기대하고 있다. 11일 애플에 따르면 슈퍼판타지워는 앱스토어 게임 카테고리 내에서 매출 부문 6위로 기록됐다. 게임성을 가늠하는 지표인 별점에서도 별 5개 만점에 별 4.5점을 받으며 흥행몰이를 하고 있다. 슈퍼판타지워는 넥슨지티가 지난 5일 출시한 게임이다. 글로벌 153개국에 동시에 출시됐다. 슈퍼판타지워는 구글 플레이에선 매출 16위에 올랐다. 슈퍼판타지워는 지난 9일에는 애플 앱스토어 매출 10위, 구글 플레이 매출 25위를 기록한 바 있다. 출시 1주일만에 매출이 가파르게 상승하고 있는 것으로 평가된다. 넥슨지티 측은 별다른 광고를 하지 않고 현재의 성적이 나온 것에 고무 돼 있다. 회사 관계자는 “광고 등 특별한 마케팅 없이 게임성만으로 시장에서 인정 받은 점에 주목하고 있다”며 “제 2의 서머너즈워 탄생이 임박하고 있다”고 기대했다. 김대훤 넥슨지티 개발이사는 “모바일 게임 시장에 참신한 장르로 새로운 변화를 주고 싶었다”며 “그동안 많은 공을 들인 만큼 ‘슈퍼판타지워’가 모바일 SRPG를 대표하는 타이틀로 자리매김할 것으로 기대한다”고 말했다."
서울경제,041140,/news/news_read.nhn?article_id=0003279957&office_id=011&mode=search&query=넥슨지티&page=1,2018-04-25 09:31,"&lt;코&gt;넥슨지티, 전일 대비 9.09% 상승.. 일일회전율은 1.35% 기록","[서울경제] 넥슨지티(041140) 는 25일 오전 9시 30분 현재 9.09% 오른 12,000원에 거래되고 있으며, 33(매도):67(매수)의 매수우위를 기록하고 있다. 거래대금은 55억7,090만, 거래량은 47만5,929주로 거래량회전율은 1.35%로 나타났다. 지난 1개월간 넥슨지티는 상승 14회, 하락 14회를 기록했고, 주가수익률은 2.13% 표준편차는 2.39%를 기록했다. 이 기간 ' 디지털컨텐츠업 ' 업종 평균 주가수익률은 1.29%로 나타났으며, 변동성은 1.57%를 기록했다. 이 시각 현재 ' 디지털컨텐츠업 '은 0.66% 상승 중이며, 38(매도):62(매수)의 매수우위를 기록하고 있다."
헤럴드경제,041140,/news/news_read.nhn?article_id=0000903583&office_id=016&mode=search&query=넥슨지티&page=1,2015-11-11 10:10,&lt;생생코스닥&gt; 넥슨지티 주가 급등세&hellip; &lsquo;슈판워&rsquo; 효과,"[헤럴드경제=홍석희 기자] 넥슨지티 주가가 급등세다. 지난 5일 출시한 ‘슈퍼판타지워(슈판워)’가 흥행몰이를 하면서 회사 주가가 급등세를 보이는 것으로 분석된다. 11일 오전 9시57분 현재 넥슨지티는 전 거래일 대비 4.33% 오른 1만4450원에 거래되고 있다. 넥슨지티는 이날 개장 직후 2%가량 상승한 채 첫 거래를 시작했고, 이후 4% 안팎의 상승세를 유지하고 있다. 이날 넥슨지티 강세인 것은 슈판워의 인기 몰이 덕으로 분석된다. 애플에 따르면 슈퍼판타지워는 앱스토어 게임 카테고리 내에서 매출 부문 6위로 기록됐다. 구글 플레이에선 매출 16위를 기록중이다. "
서울경제,041140,/news/news_read.nhn?article_id=0003233176&office_id=011&mode=search&query=넥슨지티&page=1,2018-02-28 15:14,넥슨지티 신임 대표이사에 신지환 엔도어즈 대표,"넥슨 재무기획실장, 일본법인 관리회계실장 역임“안정적 개발환경 조성으로 성장 기회 만들 것"""
매일경제,041140,/news/news_read.nhn?article_id=0003662335&office_id=009&mode=search&query=넥슨지티&page=1,2016-01-11 18:05,"넥슨지티, 2015년 601억원 매출&hellip;서든어택&middot;슈판워 주매출원","넥슨지티(대표 김정준·041140)가 2015년 실적 잠정 집계 결과 매출액 601억원, 영업이익 201억원, 당기순이익 179억원을 달성했다. 매출액과 영업이익은 전년 대비 각각 5%, 2% 줄어들었으며, 당기순이익은 84.3% 증가했다. 회사측은 매출액과 영업이익 감소는 ‘데카론’ IP 매각과 ‘바람의나라’, ‘테일즈위버’ 등 클래식RPG 공동 서비스 계약 종료에 따른 것이라고 설명했다. 주된 매출원은 온라인 게임 ‘서든어택’으로 지난해 11월 출시한 모바일 게임 ‘슈퍼판타지워(해외출시명 ‘Fantasy War Tactics’)’도 힘을 보탰다. 서든어택은 신규 콘텐츠 ‘생존모드’와 인기 걸그룹 ‘트와이스’, ‘AOA’ 설현 캐릭터 출시 등 겨울 대규모 업데이트가 인기를 끌며 PC방 점유율 17%를 상회하며 2위에 올라 있다. 또한 300만 다운로드를 넘은 슈퍼판타지워는 최근 ‘새벽의탑’과 ‘아샨’ 등 신규 콘텐츠를 꾸준히 선보이며 안정적으로 서비스하고 있다."
뉴시스,041140,/news/news_read.nhn?article_id=0008464573&office_id=003&mode=search&query=넥슨지티&page=1,2018-02-28 17:32,"넥슨지티, 신지환 신임 대표이사 내정","【서울=뉴시스】오동현 기자 = 넥슨지티는 28일 신임 대표이사로 신지환 엔도어즈 대표이사를 내정했다고 밝혔다. 내정자는 오는 3월 주주총회와 이사회를 거쳐 공식 선임될 예정이다. 신지환 대표는 2005년 넥슨에 입사해 넥슨 재무기획실장과 넥슨 일본법인 관리회계실장을 역임했으며, 2013년부터 엔도어즈 대표이사로 재직하고 있다. 신 대표는 ""넥슨지티는 최근 몇 년간 해마다 신작을 시장에 내놓은 역량 있는 개발사""라며 ""더욱 안정적이고 진취적인 개발환경을 조성해 새로운 성장 기회를 만들어가도록 노력하겠다""고 말했다. 넥슨지티는 온라인 FPS게임 '서든어택'의 개발사로, 모바일 게임 '액스(AxE)'와 '스페셜솔져'를 개발한 넥슨레드를 자회사로 두고 있다. 일렉트로닉아츠(Electronic Arts), 리스폰엔터테인먼트(Respawn Entertainment)와 제휴를 맺고 온라인 게임 신작 '타이탄폴™ 온라인(Titanfall™ Online)'을 개발하고 있다."
매일경제,041140,/news/news_read.nhn?article_id=0003591792&office_id=009&mode=search&query=넥슨지티&page=1,2015-10-12 10:58,"넥슨지티, 신작 기대감에 이틀째 강세",넥슨지티(041140)가 신작 게임 기대감에 이틀째 강세다. 12일 오전 10시 40분 넥슨지티는 전거래일 대비 6.02% 오른 1만3200원에 거래되고 있다. 전일에는 2.05% 상승했다. 넥슨지티는 오는 11월 모회사 넥슨을 통해 신작 모바일게임 ‘슈퍼판타지워’를 글로벌 출시할 예정이다. 넥슨은 지난 8일 출시 계획을 밝힌바 있다. ‘슈퍼판타지워’는 넥슨이 서비스하는 첫 글로벌 동시 출시게임으로 이미 수개월전부터 해외 일부 국가서 소프트 론칭된바 있으며 호주에서는 구글 플레이 RPG 장르 1위를 기록한 바 있다.
머니투데이,041140,/news/news_read.nhn?article_id=0003828892&office_id=008&mode=search&query=넥슨지티&page=1,2017-02-27 13:55,"넥슨지티, 100억 규모 자사주취득 신탁계약 해지",[머니투데이 권혜민 기자] 넥슨지티는 미래에셋대우와의 100억원 규모 자사주취득 신탁계약을 해지했다고 27일 공시했다. 해지는 신탁계약기간 만료에 따른 것이다. textlinktopstart textlinktopend textlinkstart
머니S,041140,/news/news_read.nhn?article_id=0000304557&office_id=417&mode=search&query=넥슨지티&page=1,2018-03-23 17:12,"넥슨지티, 신지환 대표이사 공식 선임",신지환 넥슨지티 신임대표. /사진제공=넥슨지티 넥슨의 온라인게임 개발 자회사 넥슨지티가 신지환 대표이사를 공식 선임했다. 넥슨지티는 23일 주주총회와 이사회를 열고 신지환 전 엔도어즈 대표이사를 공식 선임했다고 밝혔다. 신 대표는 2005년 넥슨에 입사해 넥슨 재무기획실장 및 일본법인 관리회계실장을 역임했다. 2013년부터는 엔도어즈 대표이사를 지냈다. 넥슨지티는 온라인 FPS 서든어택의 개발사로 모바일게임 액스와 스페셜솔져를 개발한 넥슨레드의 모회사다. 최근에는 일렉트로닉아츠와 제휴를 맺고 온라인게임 ‘타이탄폴 온라인’을 개발 중이다. 한편 이날 넥슨지티는 계열사 넥슨레드에 개발비 등 운영자금 확보를 위해 100억 원 규모의 자금대여를 결정했다고 공시했다. 이자율은 4.6%다.
