source,symbol,link,date,title,content
헤럴드경제,046310,/news/news_read.nhn?article_id=0001051959&office_id=016&mode=search&query=백금T&amp;A&page=1,2016-05-18 14:59,"백금T&amp;A, &ldquo;주가급등 사유없다&rdquo;",[헤럴드경제=박영훈 기자] 백금T&A는 18일 주가급등 관련 조회공시 답변에서 “현저한 시황변동(주가급등) 관련중요한 정보가 없다”고 밝혔다.
아시아경제,046310,/news/news_read.nhn?article_id=0004172498&office_id=277&mode=search&query=백금T&amp;A&page=1,2018-02-05 15:12,"백금T&amp;A, 작년 4Q 영업익 28억&hellip;흑자전환",[아시아경제 임혜선 기자]백금T&A는 지난해 4분기 영업이익이 28억원으로 전년동기대비 흑자전환했다고 5일 공시했다. 같은기간 매출액은 369억원으로 106% 늘었다.
전자신문,046310,/news/news_read.nhn?article_id=0002681444&office_id=030&mode=search&query=백금T&amp;A&page=1,2018-02-05 15:24,"[ET투자뉴스]백금T&amp;A, 17년4분기 실적 발표",02월 05일 백금T&amp;A(046310)의 2017년 4분기 연결 잠정 실적이 발표됐다. 전년 같은 기간 대비해서 매출액은 106.6% 상승하여 370억원을 기록했다. 영업이익은 -6.8억원에서 28.1억원으로 흑자전환되었다. 당기순이익은 -7.5억원에서16.6억원으로 흑자전환되었다. 이번분기 기준으로 추정되는 백금T&A의 자기자본이익률(ROE)은 17.6%로 나타났다. 전년 동기인 2016년 4분기 ROE는 -12.2%로 이번 분기에 29.8%p 상승했다. 한편 동종목의영업이익률은 7.6%이다. 최근 5분기 이상 꾸준히 상승하는 추세이다. 지난해 동기 영업이익률은 -3.8%로 이번 4분기가 11.4%p 상승했다. 주가가 1주당 수익의 몇배가 되는지 나타내는 주가수익비율(PER)은 47.3배로 나타났다. 직전분기 PER은 63.02배로 이번 분기에 하락했다.주가가 1주당 순자산의 몇배인지 알려주는 주가순자산비율인 PBR은 2.08배이다. 지난해 동기 PBR은 2.64배로 이번 4분기 PBR이 하락했다.
아시아경제,046310,/news/news_read.nhn?article_id=0003849173&office_id=277&mode=search&query=백금T&amp;A&page=1,2016-10-17 14:32,"백금T&amp;A, 주주배정 유상증자 청약률 111.26%","[아시아경제 권해영 기자] 백금T&A는 구주주를 대상으로 한 주주배정 유상증자 결과 286만2750주 모집에 318만5059주가 청약돼 청약률 111.26%를 기록했다고 17일 공시했다. 환불 및 주금 납입일은 오는 20일, 신주권 교부 예정일과 신주권 상장 예정일은 각각 다음달 3일과 4일이다."
이데일리,046310,/news/news_read.nhn?article_id=0004163169&office_id=018&mode=search&query=백금T&amp;A&page=1,2018-08-01 14:10,"백금T&amp;A, 2Q 영업이익 22억&hellip;전년대비 155.6% 증가","[이데일리 이명철 기자] 백금T&A(046310)는 연결 기준 2분기 잠정 영업이익이 22억4000만원으로 전년동기대비 155.6% 증가했다고 1일 공시했다. 매출액과 당기순이익은 같은기간 각각 36.7%, 126.2% 늘어난 296억원, 25억9600만원이다."
한국경제,046310,/news/news_read.nhn?article_id=0003543812&office_id=015&mode=search&query=백금T&amp;A&page=1,2016-02-12 15:06,"백금T&amp;A, 지난해 영업이익 11억 &hellip;전년比 69%&uarr;","[ 조아라 기자  ] 백금T&A는  지난해 연결기준 영업이익이 11억2800만원으로 전년과 비교해 69.0% 증가했다고 12일 공시했다. 같은 기간 매출액은 925억8400만원으로 1.8% 줄었고, 순이익은 7000만원으로 72.1% 감소했다. 조아라 한경닷컴 기자"
뉴시스,046310,/news/news_read.nhn?article_id=0008430927&office_id=003&mode=search&query=백금T&amp;A&page=1,2018-02-05 15:20,"백금T&amp;A, 작년 영업익 57.5억&hellip;흑자전환",【서울=뉴시스】장서우 기자 = 코스닥 상장 방송 및 무선 통신장비 제조업체 백금 T&A(046310)는 지난해 연결 재무제표 기준 영업이익이 57억5000만원으로 잠정 집계돼 흑자전환됐다고 5일 공시했다. 같은 기간 당기순이익도 31억6400만원으로 잠정 집계돼 흑자전환됐다. 매출액은 전년 대비 69.4% 늘어난 1019억9900만원이다.
아시아경제,046310,/news/news_read.nhn?article_id=0003924963&office_id=277&mode=search&query=백금T&amp;A&page=1,2017-02-03 15:57,백금T&amp;A &quot;현저한 주가급등 관련 중요 정보 없다&quot;,"[아시아경제 박나영 기자]백금T&A는 최근의 현저한 주가급등 관련 조회공시 요구에 ""답변 공시할 중요한 정보가 없다""고 3일 답변했다. 이어 ""다만 매출액 또는 손익구조 30%(대규모법인은 15%) 이상 변동 해당 시 공시할 예정이며 정기주주총회 관련 공시가 있을 수 있다""고 덧붙였다."
한국경제,046310,/news/news_read.nhn?article_id=0003612793&office_id=015&mode=search&query=백금T&amp;A&page=1,2016-06-21 13:39,"백금T&amp;A, 생산시설 증설위해 필리핀 계열사 인수","[ 조아라 기자  ] 백금T&A는 생산시설 증설을 위해 필리핀 계열사(BAEK GEUM PHILIPPINES CORP)의 주식 101만8726주를 취득한다고 21일 공시했다. 취득 금액은 25억5900만원 규모며, 이는 최근 백금T&A의 자기자본 대비 11.08%에 해당한다. 취득 후 소유 지분율은 99.98%이며, 인수를 위해 유상증자에 참여할 예정이다. 조아라 한경닷컴 기자"
헤럴드경제,046310,/news/news_read.nhn?article_id=0000992237&office_id=016&mode=search&query=백금T&amp;A&page=1,2016-02-12 15:03,"&lt;생생코스닥&gt;백금T&amp;A, 작년 영업익 11.2억 전년비 69%&uarr;",백금T&A는 지난해 연결 영업이익이 11억2895만원으로 전년대비 69.0% 증가했다고 12일 공시했다. 매출액은 925억8451만원으로 1.8% 줄었고 당기순이익은 7022만원으로 72.1% 감소한 것으로 집계됐다.
헤럴드경제,046310,/news/news_read.nhn?article_id=0001071059&office_id=016&mode=search&query=백금T&amp;A&page=1,2016-06-21 14:45,"백금T&amp;A, 필리핀 계열사에 25.6억 규모 출자 결정","[헤럴드경제=박영훈 기자] 백금T&A는 필리핀 계열사 BAEK GEUM PHILIPPINES CORP의 유상증자에참여해주식101만8726주를 취득하기로 결정했다고 21일 공시했다. 취득금액은 25억5904만원이며 이는 자기자본대비 11.08%에 해당하는 규모다. 취득 후 지분율은 99.98%(235만5096주), 취득예정일자는 오는 22일이다. 회사측은 “생산시설 증설투자 및 종속회사 재무구조 개선을 위한 취득”이라고 밝혔다."
한국경제,046310,/news/news_read.nhn?article_id=0003891010&office_id=015&mode=search&query=백금T&amp;A&page=1,2018-02-07 19:40,백금T&amp;A 흑자전환&hellip; 미국 수출 1년새 5배 증가,통신기기 제조업체 백금티앤에이(T&A)가 지난해 영업이익 58억원을 기록해 흑자전환에 성공했다. 백금T&A는 지난해 매출 1020억원을 기록해 전년보다 69.4% 늘었다고 지난 5일 공시했다. 백금T&A는 레이더디텍터 미국 수출 실적이 전년 대비 5배 늘어난 3000만달러를 기록해 실적이 개선됐다고 설명했다. 이 회사는 2016년에 22억원 영업적자를 냈었다. 1996년 설립된 백금T&A는 레이더디텍터와 산업용무전기 등을 제조하는 코스닥 상장 기업이다. [
이데일리,046310,/news/news_read.nhn?article_id=0003545290&office_id=018&mode=search&query=백금T&amp;A&page=1,2016-05-17 16:52,"거래소, 백금T&amp;A 주가급등 관련 조회공시 요구",[이데일리 이재호 기자] 한국거래소는 17일 백금T&A(046310)에 대해 최근 주가급등 관련 조회공시를 요청했다. 답변시한은 18일 오후 6시까지다.
이데일리,046310,/news/news_read.nhn?article_id=0003740485&office_id=018&mode=search&query=백금T&amp;A&page=1,2017-02-02 18:12,"백금T&amp;A, 주가 급등 관련 조회공시 요구받아",[이데일리 김기훈 기자] 한국거래소 코스닥시장본부는 2일 백금T&A(046310)에 주가 급등 관련 조회공시를 요구했다. 답변시한은 3일 오후 6시까지다.
머니투데이,046310,/news/news_read.nhn?article_id=0004003725&office_id=008&mode=search&query=백금T&amp;A&page=1,2018-02-05 15:17,"백금T&amp;A, 지난해 4Q 영업익 28억.. 흑자전환",[머니투데이 안재용 기자] 백금T&A는 지난해 4분기 연결 영업이익이 28억900만원으로 흑자 전환했다고 5일 공시했다. 매출액은 369억8700만원으로 106.6% 증가했다.
한국경제TV,046310,/news/news_read.nhn?article_id=0000653149&office_id=215&mode=search&query=백금T&amp;A&page=1,2018-06-26 12:50,"백금T&amp;A, 전일 대비 약 -3% 하락한 3,330원","[한국경제TV 라이온봇 기자] [그림 1] 최근 3개월 간 주가 추세 및 기간별 수익률 백금T&A는 6월 26일 12시 49분 전일 대비 약 -3% 하락한 3,330원에 거래되고 있다. 백금T&A는 코스닥 상장 기업으로 통신장비 업종에 속해 있다. 시가총액은 515억원으로 코스닥 상장기업 중 1,021위에 위치 해 있다. [종목 성향 진단] [그림 2] 종목 성향 진단 백금T&A의 투자 스타일은 가치주에 가깝다. 기업 가치 대비 낮은 주가가 매력적인 기업이다. 주가 모멘텀은 부진한 편이었다. 최근 6개월 수익률은 -30.3%의 하락폭을 기록했다. 최근 1개월 수익률 또한 -6.39% 하락하며 부진한 모멘텀을 이어가고 있다. 백금T&A 종목에 대한 투자자의 관심도는 평범한 수준이었다. [투자 점수 진단] [그림 3] 투자 점수 진단 백금T&A는 어느 측면에서 투자 매력도가 높은 종목일까? AI 인공지능 종목 분석 시스템을 이용해 성장성, 수익성, 효율성, 안전성, 저평가성, 추세 등 주가 수익률에 영향을 줄 수 있는 6가지 핵심 투자 지표를 점수화하여 종목의 투자 매력도를 계산해보았다. 그 결과 백금T&A는 상대적으로 수익성 측면에서 두각을 드러내고 있었다. 수익성 점수는 기업이 가진 자산과 자본을 활용하여 얼마나 이익을 실현했는지를 나타낸다. 백금T&A는 특히 ROE 측면에서 가장 높은 점수는 기록했는데, 전체 시장 내 61위를 기록하며 상위 3.02%에 위치했다. 업종별로는 27위를 기록하며 상위 4.46%에 위치했다. 그러나 기업의 자산 활용도를 나타내는 효율성 측면에서는 아쉬움을 나타냈다. (위의 AI인공지능 점수는 재무 데이터를 기반으로 전체 상장 종목과 비교/분석하여 도출한 점수로 높은 점수가 반드시 높은 수익률을 보장하지 않습니다. 위의 자료는 당사의 추천 종목이 아니며, 투자 시 참고용으로 제시해드리는 것입니다. 핵심투자지표를 결합해 종목의 투자매력도를 종합 계산한 ""인공지능 투자점수""는 ""거장들의 투자공식"" 앱에서 확인하실 수 있습니다.) 라이온봇 기자 -한국경제TV※ 본 기사는 한국경제TV와 '거장들의 투자공식이'자체 개발한 '라이온봇 기자'가 실시간으로 작성한 기사입니다. 라이온봇기자 ⓒ 한국경제TV, 무단 전재 및 재배포 금지 한국경제TV 관련뉴스해당 언론사에서 선정하며 언론사 페이지(아웃링크)로 이동해 볼 수 있습니다.하루 100개 이상 빠진다면…탈모 의심증세 5가지짐로저스 ""통일 한국에 전 재산 투자""...깜짝 놀랄 보유 주식""소주 한 병이 한 잔에""…인기폭발 '한방울잔' 또 완판""치킨보다 많이 팔렸다""…'월드컵 특수' 최대 수혜품은?""침대 보다 집이 더 문제""… 커지는 라돈 공포"
파이낸셜뉴스,046310,/news/news_read.nhn?article_id=0003959801&office_id=014&mode=search&query=백금T&amp;A&page=1,2018-02-06 11:13,"백금T&amp;A, 2017년 매출 1020억원 달성","통신기기 제조업체 백금T&A는 지난해 매출액 1020억원을 달성했다고 6일 밝혔다. 영업이익도 58억원을 기록했다. 매출액은 2016년 대비 69.4% 늘었고 영업이익도 1년 새 80억원 증가한 수치다. 백금T&A 관계자는 ""주력 수출 품목인 레이더디텍터의 작년 매출이 3000만달러를 기록했다""면서 ""2016년 대비 5배 가까이 증가했고 산업용 무전기도 수출 실적도 좋아졌다""고 말했다. 백금T&A는 지난 2016년 미국 기업 코브라의 '에스코트' 및 '벨' 제품에 대한 레이더디텍터 7년 독점공급 계약을 체결했다. 레이더디텍터는 자동차에 부착해 경찰의 속도 측정기를 감지하는 기기로 미국이 세계에서 가장 큰 소비 시장을 갖고 있다. 백금T&A의 또 다른 주력품인 '산업용 무전기'도 성과 이어가고 있다. 지난 2005년 개발된 'Alpha-L' 모델과 2008년 개발된 'Beacon' 모델이 작년말까지 각각 누적판매 200만대와 100만대의 판매를 기록했다."
이데일리,046310,/news/news_read.nhn?article_id=0004027346&office_id=018&mode=search&query=백금T&amp;A&page=1,2018-02-05 16:07,백금T&amp;A 작년 영업익 58억원&hellip;흑자전환,"[이데일리 윤필호 기자] 백금T&A(046310)는 지난해 연결기준 영업이익이 58억원으로 전년 적자에서 흑자로 돌아섰다고 5일 공시했다. 매출액은 1020억원으로 69.4% 늘었고, 당기순이익은 32억원으로 흑자전환했다."
이데일리,046310,/news/news_read.nhn?article_id=0003742406&office_id=018&mode=search&query=백금T&amp;A&page=1,2017-02-06 14:10,"백금T&amp;A, 지난해 영업손실 21억원..적자전환",[이데일리 오희나 기자] 백금T&A(046310)는 지난해 영업손실 21억 1828만원으로 적자전환했다고 6일 공시했다. 같은 기간 매출액은 602억 1686만원으로 35% 감소했고 당기순손실은 18억 5728만원으로 적자전환했다.
파이낸셜뉴스,046310,/news/news_read.nhn?article_id=0003769005&office_id=014&mode=search&query=백금T&amp;A&page=1,2017-01-31 09:09,[fnRASSI]백금T&amp;A 전일대비 19.76% 상승,"백금T&A(046310)는 현재 주가가 전일 대비 19.76% 상승한 5,970원 선에서 거래가 이루어지고 있다. 상장주식수 대비 거래량은 2.58%로 적정수준 최근 한달간 백금T&A의 상장주식수 대비 거래량을 비교해보니 일별 매매회전율이 2.58%로 집계됐다. 그리고 동기간 장중 저점과 고점의 차이인 일평균 주가변동률을 7.09%를 나타내고 있다. 개인투자자의 거래비중이 가장 높아 최근 한달간 주체별 거래비중을 살펴보면 개인이 전체 거래량의 96.7%를 차지하며 가장 활발한 참여를 보였고, 외국인은 3.26%, 기관은 0.02%의 거래 참여율을 보였다. 그리고 최근 5일간 거래비중은 개인이 96.64%, 외국인이 3.28%, 기관은 0.06%를 기록한 것으로 나타났다.   'fnRASSI'는 증권전문 기업 씽크풀과 파이낸셜뉴스의 협업으로 로봇기자가 실시간으로 생산하는 기사입니다."
매일경제,046310,/news/news_read.nhn?article_id=0003984138&office_id=009&mode=search&query=백금T&amp;A&page=1,2017-07-23 17:22,"백금T&amp;A, 해외공장 개선에 가동률 90%대&uarr;","1년만에 흑자전환…무전기·레이다디텍터 수출급증 백금티앤에이(T&A)가 필리핀공장 공정 개선과 수출 증가로 1년 만에 흑자전환과 함께 1000억원대 매출을 기대하고 있다. 최근 경기도 군포시 본사에서 만난 임학규 대표(사진)는 ""수년간 진행된 중국공장 청산과 필리핀으로 생산공장 이전작업이 완료 단계에 이르면서 본격적인 성장체계를 갖춰나가고 있다""며 ""올해는 레이다디텍터(Radar Detector)의 해외공급량이 크게 증가하면서 매출 1000억원에 육박하는 매출 상승도 기대할 수 있을 것""이라고 설명했다. 백금티앤에이는 1996년 설립돼 레이다디텍터, 산업용 무전기, 블랙박스 등을 주력으로 제조하고 있다. 모토롤라, 코브라 등 관련 분야 글로벌기업에 ODM(제조사 개발생산)으로 제품을 공급하면서 매출의 95%가  수출에 달한다. 그간 무전기 사업 부문이 회사에 1등 공신이었다면 올해는 레이다디텍터사업이 늘어나면서 매출 성장을 견인할 전망이다. 임 대표는 ""올해 해외 판매사에 약 2배, 최대 4000만달러어치를 생산·공급하게 될 전망""이라며 ""필리핀공장의 생산라인 정비를 통해 수율을 올리면서 품질 향상과 낭비 제거 등으로 수익성도 동반 상승하고 있다""고 전했다. 백금티앤에이는 최근 2년여 간 연구소와 공장 정비를 통해 제품설계에서 생산라인까지 대대적인 정비를 단행했다. 특히 공장 자동화와 모듈화를 통해 생산력과 품질 향상이라는 두 마리 토끼를 잡는 데 성공했다. 공장가동률도 지난해 60% 수준에서 올해는 90%대로 올라섰다. 레이다디텍터의 경우 230여 개 부품에서 임직원이 직접 손으로 조립해야 하는 70여 가지 공정을 자동화 도입으로 10가지로 줄였고, 일부 부품은 모듈화로 대체해 보다 안정적인 라인을 갖췄다. 그 결과 80% 안팎에 머물던 수율이 93%까지 상승했다. 임 대표는 ""레이다디텍터는 해외 기업들도 20% 이상의 불량률을 보인다""며 ""불량률이 줄어들면서 제품력 향상, 생산성 향상에 이어 일부 재고 낭비도 막을 수 있게 됐다""고 전했다. 백금티앤에이는 불량 재고에서만 올해 5억여 원을 절감할 것으로 보고 있다. 백금티앤에이는 앞으로 기존 통신 및 영상기술을 바탕으로 자동차부품 사업과 웨어러블 블랙박스 등 신상품 확대에 나설 방침이다. [군포 = 진영태 기자] r_start // r_end //"
전자신문,046310,/news/news_read.nhn?article_id=0002678587&office_id=030&mode=search&query=백금T&amp;A&page=1,2018-01-26 17:11,"[ET투자뉴스]백금T&amp;A 17년2분기 실적 발표, 당기순이익 11.5억원&hellip; 전년 ...","01월 26일 백금T&amp;A(046310)의 2017년 2분기 연결 확정 실적이 발표됐다. 매출액, 영업이익, 당기순이익 모두 지난해 같은 기간 대비 상승하였다. 매출액은 33.14%, 상승한 216억원으로 발표되었다. 영업이익과 당기순이익은 각각 206.29%, 260.69% 증가하여 8.8억원, 11.5억원으로 기록 되었다.이번분기 기준으로 추정되는 백금T&amp;A의 자기자본이익률(ROE)은 15.3%로 나타났다. 이는 최근 일년과 비교했을 때 급등한 수치이다. 2분기 자기자본은 상승하였으나 당기순이익 상승폭이 더 컸기 때문이다. 전년 동기인 2016년 2분기 ROE는 5.2%로 이번 분기에 10.1%p 상승했다. 한편 동종목의영업이익률은 4.1%이다. 최근 3분기 이상 꾸준히 상승하는 추세이다. 지난해 동기 영업이익률은 1.8%로 이번 2분기가 2.3%p 상승했다.주가가 1주당 수익의 몇배가 되는지 나타내는 주가수익비율(PER)은 67배로 나타났다. 전년 동기 PER은 185.8배로 이번 분기에 하락했다.주가가 1주당 순자산의 몇배인지 알려주는 주가순자산비율인 PBR은 2.43배이다. 지난해 동기 PBR은 2.44배로 이번 분기와 비슷한 수치이다.다음은 백금T&amp;A와 동일 업종 내 비교 그룹 종목의 각각 최근 실적의 전년 동기 대비 성장률이다. 백금T&amp;A의 매출액 증감율은 타 종목 대비 양호한 편이다. 그리고 주가의 하락율이 가장 큰 편으로 나타났다."
한국경제,046310,/news/news_read.nhn?article_id=0003595939&office_id=015&mode=search&query=백금T&amp;A&page=1,2016-05-18 13:18,백금T&amp;A &quot;주가급등 관련 주요 공시사항 없다&quot;,"[ 한민수 기자  ] 백금T&A는 18일 조회공시 답변을 통해 ""최근 주가급등에 대해 공시할 중요한 정보가 없다""고 밝혔다. 한민수 한경닷컴 기자"
전자신문,046310,/news/news_read.nhn?article_id=0002678575&office_id=030&mode=search&query=백금T&amp;A&page=1,2018-01-26 17:04,"[ET투자뉴스]백금T&amp;A, 17년3분기 실적 발표",01월 26일 백금T&amp;A(046310)의 2017년 3분기 연결 확정 실적이 발표됐다. 전년 같은 기간 대비해서 매출액은 93.54% 상승하여 259억원을 기록했다. 영업이익은 -6.6억원에서 16.5억원으로 흑자전환되었다. 당기순이익은 -9.2억원에서12.2억원으로 흑자전환되었다. 이번분기 기준으로 추정되는 백금T&amp;A의 자기자본이익률(ROE)은 15.2%로 나타났다. ROE는 최근 3분기 이상 꾸준히 상승하다가 이번 분기에 하락했다. 전년 동기인 2016년 3분기 ROE는 -17.6%로 이번 분기에 32.8%p 상승했다. 한편 동종목의영업이익률은 6.4%이다. 최근 4분기 이상 꾸준히 상승하는 추세이다. 지난해 동기 영업이익률은 -4.9%로 이번 3분기가 11.3%p 상승했다. 주가가 1주당 수익의 몇배가 되는지 나타내는 주가수익비율(PER)은 64.3배로 나타났다. 직전분기 PER은 30.19배로 이번 분기에 상승했다.주가가 1주당 순자산의 몇배인지 알려주는 주가순자산비율인 PBR은 2.34배이다. 지난해 동기 PBR은 3.03배로 이번 3분기 PBR이 하락했다. 다음은 백금T&A와 동일 업종 내 비교 그룹 종목의 각각 최근 실적의 전년 동기 대비 성장률이다. 백금T&A의 매출액 증감율은 타 종목 대비 가장 우수한 편이다. 그리고 주가는 하락하였지만 가장 나은 상승률을 기록하였다.
전자신문,046310,/news/news_read.nhn?article_id=0002729178&office_id=030&mode=search&query=백금T&amp;A&page=1,2018-08-01 14:12,"[ET투자뉴스]백금T&amp;A 18년2분기 실적 발표, 영업이익 22.4억원&hellip; 전년 동...","08월 01일 백금T&amp;A(046310)의 2018년 2분기 연결 잠정 실적이 발표됐다. 매출액, 영업이익, 당기순이익 모두 작년 동기 대비 상승하였다. 매출액은 36.7%, 상승한 296억원으로 발표되었다. 영업이익과 당기순이익은 각각 155.6%, 126.2% 증가하여 22.4억원, 26억원으로 기록 되었다.이번분기 기준으로 추정되는 백금T&amp;A의 자기자본이익률(ROE)은 17.5%로 나타났다. ROE는 최근 6분기 이상 꾸준히 상승하다가 이번 분기에 하락했다. 전년 동기인 2017년 2분기 ROE는 14.5%로 이번 분기에 3%p 상승했다. 한편 동종목의영업이익률은 7.6%이다. 지난해 동기 영업이익률은 4%로 이번 2분기가 3.6%p 상승했다.주가가 1주당 수익의 몇배가 되는지 나타내는 주가수익비율(PER)은 30.4배로 나타났다. 전년 동기 PER은 41.71배로 이번 분기에 하락했다.주가가 1주당 순자산의 몇배인지 알려주는 주가순자산비율인 PBR은 1.33배이다. 지난해 동기 PBR은 1.44배로 이번 분기와 비슷한 수치이다.다음은 백금T&amp;A와 동일 업종 내 비교 그룹 종목의 각각 최근 실적의 전년 동기 대비 성장률이다. 백금T&amp;A의 매출액 증감율은 타 종목 대비 가장 우수한 편이다. 그리고 주가 상승률은 양호한 편이다."
머니투데이,046310,/news/news_read.nhn?article_id=0003681341&office_id=008&mode=search&query=백금T&amp;A&page=1,2016-05-18 12:09,백금T&amp;A &quot;주가급등 사유 없어&quot;,"[머니투데이 신희은 기자] 백금T&A는 최근 주가급등 사유를 묻는 한국거래소의 조회공시 요구에 ""주가와 관련된 공시사항이 없다""고 18일 답변했다. textlinktopstart textlinktopend textlinkstart"
이데일리,046310,/news/news_read.nhn?article_id=0003545955&office_id=018&mode=search&query=백금T&amp;A&page=1,2016-05-18 13:47,백금T&amp;A &quot;주가급등 관련 공시사항 없다&quot;,[이데일리 박형수 기자] 백금T&A(046310)는 주가 급등 사유를 묻는 조회공시 답변을 통해 “시황변동과 관련해 공시할 중요한 정보가 없다”고 18일 밝혔다.
파이낸셜뉴스,046310,/news/news_read.nhn?article_id=0004051053&office_id=014&mode=search&query=백금T&amp;A&page=1,2018-07-03 17:05,"[기발한 사명 이야기] 백금T&amp;A, 임학규 대표 어머니가 지어준 '백금'",경영 위기 넘을때마다 힘이 된 이름
한국경제TV,046310,/news/news_read.nhn?article_id=0000656182&office_id=215&mode=search&query=백금T&amp;A&page=1,2018-07-03 10:49,"백금T&amp;A, 전일 대비 약 5% 상승한 3,205원","[한국경제TV 라이온봇 기자] [그림 1] 최근 3개월 간 주가 추세 및 기간별 수익률 백금T&A는 7월 3일 10시 48분 전일 대비 약 5% 상승한 3,205원에 거래되고 있다. 백금T&A는 코스닥 상장 기업으로 통신장비 업종에 속해 있다. 시가총액은 462억원으로 코스닥 상장기업 중 1,053위에 위치 해 있다. [종목 성향 진단] [그림 2] 종목 성향 진단 백금T&A의 투자 스타일은 가치주에 가깝다. 기업 가치 대비 낮은 주가가 매력적인 기업이다. 주가 모멘텀은 좋지 못했다. 최근 6개월 수익률은 -42.78%의 하락폭을 기록했다. 최근 1개월 수익률 또한 -23.37% 하락하며 부진한 모멘텀을 이어가고 있다. 백금T&A 종목에 대한 투자자의 관심도는 평범한 수준이었다. [투자 점수 진단] [그림 3] 투자 점수 진단 백금T&A는 어느 측면에서 투자 매력도가 높은 종목일까? AI 인공지능 종목 분석 시스템을 이용해 성장성, 수익성, 효율성, 안전성, 저평가성, 추세 등 주가 수익률에 영향을 줄 수 있는 6가지 핵심 투자 지표를 점수화하여 종목의 투자 매력도를 계산해보았다. 그 결과 백금T&A는 상대적으로 수익성 측면에서 두각을 드러내고 있었다. 수익성 점수는 기업이 가진 자산과 자본을 활용하여 얼마나 이익을 실현했는지를 나타낸다. 백금T&A는 특히 ROE 측면에서 가장 높은 점수는 기록했는데, 전체 시장 내 61위를 기록하며 상위 3.02%에 위치했다. 업종별로는 27위를 기록하며 상위 4.46%에 위치했다. 그러나 주가 상승 모멘텀을 나타내는 추세 측면에서는 아쉬움을 나타냈다. (위의 AI인공지능 점수는 재무 데이터를 기반으로 전체 상장 종목과 비교/분석하여 도출한 점수로 높은 점수가 반드시 높은 수익률을 보장하지 않습니다. 위의 자료는 당사의 추천 종목이 아니며, 투자 시 참고용으로 제시해드리는 것입니다. 핵심투자지표를 결합해 종목의 투자매력도를 종합 계산한 ""인공지능 투자점수""는 ""거장들의 투자공식"" 앱에서 확인하실 수 있습니다.) 라이온봇 기자 -한국경제TV※ 본 기사는 한국경제TV와 '거장들의 투자공식이'자체 개발한 '라이온봇 기자'가 실시간으로 작성한 기사입니다. 라이온봇기자 ⓒ 한국경제TV, 무단 전재 및 재배포 금지 한국경제TV 관련뉴스해당 언론사에서 선정하며 언론사 페이지(아웃링크)로 이동해 볼 수 있습니다.중국 못지 않은 베트남 '공안'…호텔 벨보이도 조심하라비관론 쏟아낸 짐 로저스 ""한국은 예외""…무슨 이유가수 방미, 美서 수백억 성공 이룬 사연…시계 때문?집값 가장 많이 올랐다고?...최대 하락폭은 '이 곳''반도체 호황이라더니'...삼성·SK 성과급이 '무려'"
매일경제,046310,/news/news_read.nhn?article_id=0004096107&office_id=009&mode=search&query=백금T&amp;A&page=1,2018-02-06 11:09,"백금T&amp;A, 지난해 영업이익 58억원&hellip;흑자전환","백금T&A는 지난해 매출 1020억원, 영업이익 58억원의 잠정실적을 기록했다고 6일 밝혔다. 지난 2016년과 비교해 매출은 69.4% 늘었고, 영업이익은 흑자로 전환했다. 같은 기간 당기순이익도 흑자로 전환한 32억원을 남겼다. 주력 제품인 레이더디텍터의 미국 수출 증가 덕이라고 회사 측은 설명했다. 회사 관계자는 ""주력 수출 품목인 레이더디텍터의 작년 매출이 3000만달러로 2016년의 5배 가까이 늘어났으며 산업용 무전기도 수출 실적이 현저히 좋아졌다""고 말했다. 레이더디텍터는 자동차에 부착해 경찰의 속도 측정기를 감지하는 기기다. 세계에서 가장 큰 시장이 형성된 나라는 미국이다. 백금T&A는 지난 2016년 미국의 코브라사에 레이더디텍터 제품을 독점 공급하기로 하는 계약을 체결한 바 있다. 산업용 무전기 부문에서도 지난 2005년 개발된 'Alpha-L' 모델과 2008년 개발된 'Beacon' 모델이 지난해 말 기준 각각 누적판매량 200만대와 100만대를 돌파했다고 회사 측은 강조했다. [디지털뉴스국 한경우 기자] r_start // r_end //"
아시아경제,046310,/news/news_read.nhn?article_id=0003749160&office_id=277&mode=search&query=백금T&amp;A&page=1,2016-05-18 14:12,"백금T&amp;A, 주가급등 관련 주요 공시사항 없어",[아시아경제 김원규 기자] 백금T&A가 18일 조회공시 답변을 통해 최근 주가급등에 대해 공시할 중요한 정보가 없다고 공시했다.
이데일리,046310,/news/news_read.nhn?article_id=0003545697&office_id=018&mode=search&query=백금T&amp;A&page=1,2016-05-18 09:48,[특징주]안희정 지사 &lsquo;충청 대망론&rsquo; 가세&hellip; 백금T&amp;A&middot;SG충방&uarr;,"[이데일리 이명철 기자] 반기문 유엔 사무총장을 필두로 한 ‘충청권 대망론’에 안희정 충남지사까지 가세하면서 그와 연관 있는 테마주들이 들썩이고 있다. 18일 오전 9시45분 현재 백금T&A(046310) 주가는 전일대비 17.25% 오른 4655원을 기록 중이다. 지난 4거래일 연속 상승세로 전날에는 상한가를 기록했다. 이 회사는 대표이사가 고려대 출신으로 안 지사와 동문인 것으로 알려지면서 테마주에 편승했다. 2011년에는 김대중·노무현 정부 통일정책 자문기관 역할을 담당한 통일문화연구원장을 역임하기도 했다. 안 지사 고향인 논산 지역에 본사가 위치했고 386운동권 출신의 대표와 안 지사간 친분이 두터운 것으로 알려진 SG충방(001380)(SG충남방적) 주가도 같은 시간 6.38% 상흥한 3170원에 거래되고 있다. 차기 대권주자 ‘잠룡’으로 꼽히는 더불어민주당 소속 안 지사는 지난 17일 “새로운 사람, 새로운 지도자, 새로운 정치로 우리가 일어나야 한다”고 말하며 충청권 대망론에 불을 지폈다. 앞서 한 인터뷰에서는 문재인 전 대표에 대해 “계속 응원을 해야 할지 아니면 슛을 하기 위해 뛰어야 하는지는 그때 가봐야 한다”며 잠재적인 대권 도전 가능성을 시사하기도 했다. 한편 최근에는 반 총장의 이달말 한국 방문과 함께 충청 지역 인사인 이원종 청와대 비서실장, 정진석 새누리당 원내대표가 중용되면서 ‘충청권 대망론’에 힘이 실리고 있다."
이데일리,046310,/news/news_read.nhn?article_id=0004027924&office_id=018&mode=search&query=백금T&amp;A&page=1,2018-02-06 10:21,"백금T&amp;A, 작년 매출액 천억원 돌파..영업익 흑자 전환","- 작년 매출 1020억원으로 전년 대비 69.4% 신장 - 영업익도 58억원으로 흑자로 돌아서 [이데일리 정태선 기자] 통신기기 제조업체인 백금T&A가 작년에 매출액 1000억원을 넘어섰고, 영업이익도 전년(2016년) 기준 80억원이 증가한 약 58억원으로 흑자로 돌아섰다고 6일 밝혔다. 백금T&A(046310)는 지난해 주력 아이템인 레이더디텍터의 미국 수출 실적 증가에 힘입어 매출액 1020억원으로 전년(2016년) 대비 69.4% 늘었으며 영업이익은 58억원으로 전년 적자에서 흑자로 돌아섰다. 작년 4분기 영업이익은 28억원으로 전년 동기대비 흑자 전환했고, 같은 기간 매출액은 370억원으로 106% 늘었다. 백금T&A 관계자는 흑자 전환과 관련, “주력 수출 품목인 레이더디텍터의 작년 매출이 3000만달러로 2016년의 5배 가까이 늘어났으며 산업용 무전기도 수출 실적이 현저히 좋아졌다”고 말했다. 백금T&A는 2016년에는 미국 기업 코브라와 ‘에스코트’ 및 ‘벨’ 제품에 대한 레이더디텍터의 7년 독점공급 계약을 체결하기도 했다.  레이더디텍터는 자동차에 부착해 경찰의 속도 측정기를 감지하는 기기로 미국이 세계에서 가장 큰 소비 시장을 갖고 있다. 백금T&A는 또 다른 주력 생산제품인 ‘산업용 무전기’에서도 주목할 만한 성과를 내고 있다. 지난 2005년 개발된 ‘Alpha-L’ 모델과 2008년 개발된 ’Beacon ‘모델이 작년말 현재로 각각 누적판매 200만대와 100만대의 판매를 기록하는 등 통신기기 수출업체로 입지를 다져오고 있다. 지난 1996년에 설립된 백금T&A는 레이더디텍터와 산업용 무전기 등 정보통신기기의 수출을 주력 사업으로 갖고 있으며 미국 레이더디텍터 시장에서 독보적 우위를 유지하고 있다."
뉴시스,046310,/news/news_read.nhn?article_id=0007234986&office_id=003&mode=search&query=백금T&amp;A&page=1,2016-05-18 14:33,백금T&amp;A &quot;답변 공시할 중요한 정보 없다&quot;,"【서울=뉴시스】최예린 기자 = 방송 및 무선 통신장비 제조업체 백금T&A(046310)는 시황변동(주가급등) 관련 조회공시 요구에 ""답변 공시할 중요한 정보 없다""고 18일 답변했다."
머니투데이,046310,/news/news_read.nhn?article_id=0003698794&office_id=008&mode=search&query=백금T&amp;A&page=1,2016-06-21 13:37,"백금T&amp;A, 필리핀 계열사에 25억 출자",[머니투데이 한은정 기자] 백금T&A는 생산시설 증설투자 및 종속회사 재무구조 개선을 위해 필리핀 계열사인 백금필리핀(BAEK GEUM PHILIPPINES CORP) 주식 101만여주를 25억5900만원에 취득한다고 21일 공시했다. 취득후 지분비율은 99.98%다. textlinktopstart textlinktopend textlinkstart
매일경제,046310,/news/news_read.nhn?article_id=0004096446&office_id=009&mode=search&query=백금T&amp;A&page=1,2018-02-06 17:09,"백금T&amp;A, 과속 측정 감지기 美수출 급증&hellip;연매출 1천억 돌파","통신기기 제조업체인 백금T&A(대표 임학규·사진)가 주력 제품인 레이더 디텍터(Radar Detector)와 산업용 무전기의 수출 호조에 힘입어 지난해 매출 1000억원을 돌파했다. 1996년 설립된 백금T&A는 레이더 디텍터, 산업용 무전기, 블랙박스 등을 주력으로 제조한다. 모토롤라, 코브라 등 관련 분야 글로벌 기업에 제조업자개발생산(ODM) 방식으로 제품을 공급하며 매출 중 95%가 수출에서 발생하고 있다. 그동안 무전기 사업 부문이 회사의 일등 공신이었지만 최근 레이더 디텍터 사업이 성장하면서 매출 성장을 견인하고 있다. 백금T&A는 최근 2년여간 연구소와 공장 정비를 통해 제품 설계에서 생산라인까지 대대적인 정비를 단행했다. 특히 공장 자동화·모듈화를 통해 생산력과 품질 향상이라는 두 마리 토끼를 잡는 데 성공했다. 레이더 디텍터는 230여 개 부품에서 임직원이 직접 손으로 조립해야 하는 70여 가지 공정을 자동화를 도입해 10가지로 줄였고, 일부 부품을 모듈화로 대체해 보다 안정적인 라인을 갖췄다. 그 결과 80% 안팎에 머물던 수율이 93%까지 상승했다. 자동차에 부착하는 레이더 디텍터는 경찰의 속도 측정기를 감지하는 기기로, 미국이 세계에서 가장 큰 소비 시장이다. 백금T&A는 미국 레이더 디텍터 시장에서 독보적 우위를 유지하고 있으며, 2016년 미국 기업 코브라와 '에스코트' '벨' 제품에 대한 레이더 디텍터의 7년 독점공급 계약을 체결하기도 했다. 백금T&A는 또 다른 주력 생산제품인 산업용 무전기에서도 주목할 만한 성과를 내고 있다. 2005년 개발된 '알파-L(Alpha-L)' 모델과 2008년 개발된 '비컨(Beacon)' 모델이 지난해 말 기준 각각 누적판매 200만대, 100만대를 기록하면서 통신기기 수출 업체로 확고한 입지를 다지고 있다. 주력 제품의 수출 호재에 힘입어 백금T&A는 2017년 매출이 전년 대비 69.4% 증가한 1020억원을 기록했고, 영업이익은 58억원으로 전년 적자에서 흑자로 돌아섰다. 지난해 4분기 영업이익은 28억원으로 전년 동기 대비 흑자로 돌아섰고 같은 기간 매출액은 370억원으로 106% 증가했다. 백금T&A 관계자는 흑자 전환과 관련해 ""주력 수출 품목인 레이더 디텍터의 지난해 매출이 3000만달러로 2016년의 5배 가까이 늘어났으며 산업용 무전기도 수출 실적이 현저히 좋아졌다""고 말했다. [이영욱 기자] r_start // r_end //"
헤럴드경제,046310,/news/news_read.nhn?article_id=0001351378&office_id=016&mode=search&query=백금T&amp;A&page=1,2018-02-07 13:55,"[생생코스닥]백금T&amp;A, 지난해 영업익 57.5억&hellip;흑자전환",[헤럴드경제=증권팀] 백금T&A는 지난해 연결기준 영업이익이 57억4952만원으로 전년대비 흑자전환했다고7일공시했다. 같은 기간 매출액은 1019억9870만원으로 69.4% 늘어난 것으로 나타났다. 당기순이익 역시 31억6366억원으로 흑자전환했다.
전자신문,046310,/news/news_read.nhn?article_id=0002685343&office_id=030&mode=search&query=백금T&amp;A&page=1,2018-02-20 09:50,[ET투자뉴스]백금T&amp;A_기관의 매도에 외국인은 순매수 현재 +3.14%,"기관과 외국인이 상반된 매매동향을 보이고 있다. 기관은 어제까지 2일 연속 순매도로 대응하고 있지만 이와 반대로 외국인은 2일 연속 순매수하며 주가를 견인하고 있다. 백금T&amp;A는 외국인의 순매수에 힘입어 상승흐름을 이어오고 있고, 20일 오전 9시 48분 현재 155원(3.14%) 오른 5,090원을 기록하고 있다.    [주가/수급동향]     기관이 2일연속 주식을 팔고 있는 반면 외국인은 2일연속 주식을 사고 있다. 최근 한달간 백금T&amp;A의 상장주식수 대비 거래량을 비교해보니 일별 매매회전율이 2.1%로 집계됐다.  그리고 동기간 장중 저점과 고점의 차이인 일평균 주가변동률을 2.83%를 나타내고 있다.  그리고 최근 5일간 거래비중은 개인이 91.98%, 외국인이 8.01%를 기록한 것으로 나타났다.     [차트신호]     현재 주가를 최근 주가변동폭을 기준으로 보면 약세국면에 들어왔고,거래량을 적용해볼 때는 매수세가 현격히 위축되고 있다.투자심리적 관점에서 보면 투자자들은 안정적인 심리상태를 보이고 있고 이동평균선들의 배열도를 분석을 해보면 단기적으로나마 반등이 나올 수 있지만 추세하락은 이어지고 있는 실정이다.     [업종내 종목흐름]     이 시각 현재 관련종목들도 상승이 우세한 가운데 통신장비업종은    1.40% 상승중이다. 우리로 3,155원▲105(+3.44%) 라이트론 9,820원▲1270(+14.85%)  삼영이엔씨 8,600원▲50(+0.58%) 에치디프로 4,735원▼20(-0.42%)    [재무특징]     영업이익률 현재 2.8%로 업종평균 수준. PBR은 2.19임."
헤럴드경제,046310,/news/news_read.nhn?article_id=0001424862&office_id=016&mode=search&query=백금T&amp;A&page=1,2018-08-01 14:24,"[생생코스닥]백금T&amp;A, 2분기 영업익 22.4억&hellip;전년비 155.6%&uarr;",[헤럴드경제=증권팀] 백금T&A는 2분기 연결기준 영업이익이 22억4000만원으로 전년동기대비 155.6% 증가했다고 1일 공시했다. 같은 기간 매출액은 295억5300만원으로 36.7% 늘어난 것으로 나타났다. 당기순이익은 25억9600만원으로 126.2% 증가한 것으로 집계됐다.
뉴시스,046310,/news/news_read.nhn?article_id=0007750069&office_id=003&mode=search&query=백금T&amp;A&page=1,2017-02-03 15:44,백금T&amp;A &quot;주가급등 관련 공시할 중요 정보 없어&quot;,"【서울=뉴시스】최예린 기자 = 백금T&A(046310)는 최근의 현저한 주가급등 관련 조회공시 요구에 ""답변 공시할 중요한 정보가 없다""며 ""다만 매출액 또는 손익구조 30%(대규모법인은 15%) 이상 변동 해당 시 공시할 예정이며 정기주주총회 관련 공시가 있을 수 있다""고 3일 공시했다."
한국경제,046310,/news/news_read.nhn?article_id=0003890723&office_id=015&mode=search&query=백금T&amp;A&page=1,2018-02-07 13:19,"백금T&amp;A, 지난해 영업이익 57억&hellip;흑자전환",백금T&A는 지난해 연결 기준 영업이익 57억4900만원과 매출 1019억9800만원을 기록했다고 7일 공시했다. 2016년과 비교하면 영업이익은 흑자전환했으며 매출은 69.4% 증가했다.
파이낸셜뉴스,046310,/news/news_read.nhn?article_id=0003770900&office_id=014&mode=search&query=백금T&amp;A&page=1,2017-02-02 14:32,"[fnRASSI]백금T&amp;A, 52주 신고가...24.49% &uarr;","백금T&A(046310)은 52주신고가를 기록하고 있어 주목할만하다. 동종목의 현재 주가는 7,350원 선에서 이루어지고 있다. 거래일을 기준으로 최근 3일간 평균 거래량은 1213만 주이다. 이는 60일 일 평균 거래량 56만 주와 비교해보면 최근 거래량이 급격히 늘어났다는 것을 알 수 있다. 외국인과 기관은 순매도, 개인은 순매수(한달누적)  전일 외국인이 48,633주를 순매수했다. 4주간을 기준으로 보면 외국인이 매도 우위로 반전되면서 39,096주를 순매도했고, 기관도 근래에 동종목을 매도하면서 3,600주를 순매도했지만, 개인은 오히려 순매도를 기록하다가 다시 순매수로 돌아서면서 42,696주를 순매수했다. 주가등락폭 크고, 주주들의 손바뀜도 잦아 최근 한달간 백금T&A의 매매회전율을 분석한 결과 19일에 1번 꼴로 주식의 주인이 바뀐 것으로 나타났다. 회전율이 높은 경우 유동성이 좋다고 할 수 있으나 이런경우 주가변동이 심한 경우가 많아 주의가 요구된다. 동종목의 경우도 일평균 주가변동률이 8.75%에 달해 장중 주가변동이 상당히 크다는 것을 알 수 있다.   'fnRASSI'는 증권전문 기업 씽크풀과 파이낸셜뉴스의 협업으로 로봇기자가 실시간으로 생산하는 기사입니다."
머니투데이,046310,/news/news_read.nhn?article_id=0003754294&office_id=008&mode=search&query=백금T&amp;A&page=1,2016-10-10 17:35,"백금T&amp;A, 유상증자 최종발행가액 3400원 확정",[머니투데이 최민지 기자] 백금T&A는 유상증자 최종발행가액이 3400원으로 확정됐다고 10일 공시했다. textlinktopstart textlinktopend textlinkstart
파이낸셜뉴스,046310,/news/news_read.nhn?article_id=0003910307&office_id=014&mode=search&query=백금T&amp;A&page=1,2017-11-21 15:38,"[fnRASSI]장마감, 코스닥 하락 종목(백금T&amp;A -13.18%&darr;)","21일 코스닥 시장에서 하락한 종목으로 백금T&A(046310) -13.18%, 대주산업(003310) -9.85%, 뉴트리바이오텍(222040) -8.46% 등이 있다. 'fnRASSI'는 증권전문 기업 씽크풀과 파이낸셜뉴스의 협업으로 로봇기자가 실시간으로 생산하는 기사입니다."
연합뉴스,046310,/news/news_read.nhn?article_id=0009700279&office_id=001&mode=search&query=백금T&amp;A&page=1,2017-11-21 18:13,"백금T&amp;A, 공매도 과열종목 지정","(서울=연합뉴스) 권수현 기자 = 한국거래소는 백금T&A를 공매도 과열종목으로 지정했다고 21일 공시했다. 이에 따라 백금T&A는 다음 거래일인 22일 하루 공매도 거래가 금지된다. 주식시장의 유동성 공급과 시장조성호가, 주식워런트증권(ELW)·상장지수펀드(ETF)·상장지수증권(ETN) 상품의 유동성 공급을 위한 헤지거래 호가, 파생상품시장 시장조성을 위한 헤지거래 목적의 호가는 금지일에도 예외적으로 공매도를 허용한다."
한국경제TV,046310,/news/news_read.nhn?article_id=0000604102&office_id=215&mode=search&query=백금T&amp;A&page=1,2018-02-20 11:43,"백금T&amp;A, 전일 대비 약 7% 상승한 5,270원","[한국경제TV 라이온봇 기자] 백금T&A는 2월 20일 11시 43분 전일 대비 약 7% 상승한 5,270원에 거래되고 있다. 백금T&A는 코스닥 상장 기업으로 통신장비 업종에 속해 있다. 시가총액은 706억원으로 코스닥 상장기업 중 819위에 위치 해 있다. [종목 성향 진단] [그림 1] 종목 성향 진단 백금T&A의 투자 스타일은 성장주에 가깝다. 주가 고평가 우려가 공존하지만 높은 성장성이 기대되는 기업이다. 주가 모멘텀은 부진한 편이었다. 최근 1개월 수익률은 -11.08%의 하락폭을 기록했다. 백금T&A 종목에 대한 투자자의 관심도는 평범한 수준이었다. [투자 점수 진단] [그림 2] 투자 점수 진단 백금T&A는 성장성(매출증가율(YoY)) 측면에서 두각을 나타내고 있다. 최근 매출증가율(YoY)은 95점으로 6개의 핵심 팩터 중 가장 높은 점수를 기록했다. 매출증가율(YoY)은  전체 시장 내 92위를 기록하며 상위 5.06%에 위치했다. 업종별로는 49위를 기록하며 상위 9.3%에 위치했다. 그리고 효율성(ROA) 역시 도드라지는 편이다. 효율성 점수는 71점으로 두번째로 높은 점수를 기록했다. ROA는 전체 시장 내 566위를 기록하며 상위 29.41%에 위치했다. 업종별로는 215위를 기록하며 상위 37.74%에 위치했다. 그러나 부채비율과 PBR은  아쉬움을 나타냈다. [종합 투자점수] [그림 3] 종합 투자점수 AI 인공지능 분석을 통한 백금T&A의 종목 종합 스코어는 64점을 기록했다. 이는 동일 업종 평균점수인 57점과 시장 평균점수인 57점를 상회하는 수치였다. (위의 AI인공지능 점수는 재무 데이터를 기반으로 전체 상장 종목과 비교/분석하여 도출한 점수로 높은 점수가 반드시 높은 수익률을 보장하지 않습니다. 위의 자료는 당사의 추천 종목이 아니며, 투자 시 참고용으로 제시해드리는 것입니다.) 라이온봇 기자 -한국경제TV※ 본 기사는 한국경제TV와 '거장들의 투자공식이'자체 개발한 '라이온봇 기자'가 실시간으로 작성한 기사입니다. 라이온봇기자 ⓒ 한국경제TV, 무단 전재 및 재배포 금지 한국경제TV 관련뉴스해당 언론사에서 선정하며 언론사 페이지(아웃링크)로 이동해 볼 수 있습니다.고속도로 교통상황 아직 원활, 인천공항 출국장은 '북적'홍진영 근황, 물오른 미모…""30대 몸매 비결은""박지헌만의 성교육 ""야동 보는 게 나쁜 거 아냐""김수희 누구?…서태지 제치고 가요대상 받은 전설윤정수 다이어트, '홀쭉해진' 비결은?"
머니투데이,046310,/news/news_read.nhn?article_id=0004005068&office_id=008&mode=search&query=백금T&amp;A&page=1,2018-02-07 11:46,"백금T&amp;A, 지난해 영업익 57.5억원&hellip;흑자전환","[머니투데이 권혜민 기자] 백금T&A는 지난해 연결재무제표 기준 영업이익이 57억5000만원으로 전년대비 흑자전환했다고 7일 공시했다. 매출액은 같은 기간 69.4% 늘어난 1019억9900만원으로 집계됐다. 당기순이익은 31억6400만원으로 전년대비 흑자전환했다. 회사 측은 ""매출액이 늘었고 생산원가 절감으로 수익성도 개선됐다""고 설명했다."
머니투데이,046310,/news/news_read.nhn?article_id=0003929832&office_id=008&mode=search&query=백금T&amp;A&page=1,2017-09-04 17:35,백금T&amp;A &quot;올해 목표 매출액 1027억원 전망&quot;,"[머니투데이 고석용 기자] 백금T&A가 최근 경영환경 및 계획을 근거로 올해 연결기준 매출액을 1027억원, 영업이익을 28억원으로 전망한다고 4일 공시했다."
파이낸셜뉴스,046310,/news/news_read.nhn?article_id=0003862436&office_id=014&mode=search&query=백금T&amp;A&page=1,2017-08-23 10:49,"[fnRASSI]백금T&amp;A, 2.97% 오르며 거래량 증가","백금T&A(046310)의 당일 거래량이 최근 5거래일 거래량의 최고치를 경신하며 투자자들의 관심을 받고 있다. 그리고 백금T&A는 7일 연속 상승흐름을 보이며, 10시 45분 현재 2.97% 증가한 4,505원에 거래중이다. 거래비중은 개인투자자가 가장 높아 최근 한달간 주체별 거래비중을 살펴보면 개인이 91.7%, 외국인이 8.28%, 기관은 0.01%를 기록했다. 그리고 최근 5일간 거래비중은 개인이 88.7%, 외국인이 11.29%를 보였고, 기관은 거래참여가 없었다. 퀀트 재무분석, 종합점수 8점으로 상승                    지표               항목               값               종합점수                 성장성               매출액증가율               -0.16               1.74                 자기자본증가율               -0.22                 안정성               부채비율               160.79               6.26                 유동비율               141.76                 이익안정성               6.94                 수익성               ROA               -1.14               2.34                 ROE               -2.97                 영업이익율               0.06          백금T&A의 퀀트 재무 점수는 10.34점으로 3개월 이전 8.87점보다 올랐다. 지난 분기에 비해 성장성 점수가 상승했다. 이는 매출액 증가율과 자기자본 증가율이 증가하였기 때문이다. 안정성 종합 점수는 유동비율 증가, 실적 안정성 증가로 상승했다. 수익성 측면에서 볼때 ROA, ROE, 영업이익률 모두 개선되어 이전보다 좋은 점수를 받았다. 'fnRASSI'는 증권전문 기업 씽크풀과 파이낸셜뉴스의 협업으로 로봇기자가 실시간으로 생산하는 기사입니다."
서울경제,046310,/news/news_read.nhn?article_id=0003226217&office_id=011&mode=search&query=백금T&amp;A&page=1,2018-02-20 10:38,"(코)백금T&amp;A, 전일 대비 7.40% 상승.. 일일회전율은 4.34% 기록","[서울경제] 백금T&amp;A(046310) 는 20일 오전 10시 38분 현재 7.40% 오른 5,300원에 거래되고 있으며, 32(매도):68(매수)의 매수우위를 기록하고 있다. 거래대금은 32억327만, 거래량은 62만665주로 거래량회전율은 4.34%로 나타났다. 지난 1개월간 백금T&A는 상승 13회, 하락 17회를 기록했고, 주가수익률은 0.38% 표준편차는 2.32%를 기록했다. 이 기간 ' 통신장비업 ' 업종 평균 주가수익률은 -8.63%로 나타났으며, 변동성은 2.02%를 기록했다. 이 시각 현재 ' 통신장비업 '은 1.25% 상승 중이며, 51(매도):49(매수)의 매도우위를 기록하고 있다."
한국경제TV,046310,/news/news_read.nhn?article_id=0000671133&office_id=215&mode=search&query=백금T&amp;A&page=1,2018-08-13 09:50,"백금T&amp;A, 전일 대비 약 -6% 하락한 3,210원","[한국경제TV 라이온봇 기자] [그림 1] 최근 3개월 간 주가 추세 및 기간별 수익률 백금T&A는 8월 13일 9시 49분 전일 대비 약 -6% 하락한 3,210원에 거래되고 있다. 백금T&A는 코스닥 상장 기업으로 통신장비 업종에 속해 있다. 시가총액은 516억원으로 코스닥 상장기업 중 1,000위에 위치 해 있다. [종목 성향 진단] [그림 2] 종목 성향 진단 백금T&A의 투자 스타일은 가치주에 가깝다. 기업 가치 대비 낮은 주가가 매력적인 기업이다. 주가 모멘텀은 평범한 수준이었다. 최근 1개월 수익률이 2.87%, 3개월 수익률은 -2.15%, 6개월 수익률은 -31.35%를 기록했다. 백금T&A 종목에 대한 투자자의 관심도는 상대적으로 낮은 편이었다. [투자 점수 진단] [그림 3] 투자 점수 진단 백금T&A는 어느 측면에서 투자 매력도가 높은 종목일까? AI 인공지능 종목 분석 시스템을 이용해 성장성, 수익성, 효율성, 안전성, 저평가성, 추세 등 주가 수익률에 영향을 줄 수 있는 6가지 핵심 투자 지표를 점수화하여 종목의 투자 매력도를 계산해보았다. 그 결과 백금T&A는 상대적으로 수익성 측면에서 두각을 드러내고 있었다. 수익성 점수는 기업이 가진 자산과 자본을 활용하여 얼마나 이익을 실현했는지를 나타낸다. 백금T&A는 특히 ROE 측면에서 가장 높은 점수는 기록했는데, 전체 시장 내 64위를 기록하며 상위 3.16%에 위치했다. 업종별로는 27위를 기록하며 상위 4.44%에 위치했다. 그러나 기업의 자산 활용도를 나타내는 효율성 측면에서는 아쉬움을 나타냈다. (위의 AI인공지능 점수는 재무 데이터를 기반으로 전체 상장 종목과 비교/분석하여 도출한 점수로 높은 점수가 반드시 높은 수익률을 보장하지 않습니다. 위의 자료는 당사의 추천 종목이 아니며, 투자 시 참고용으로 제시해드리는 것입니다. 핵심투자지표를 결합해 종목의 투자매력도를 종합 계산한 ""인공지능 투자점수""는 ""거장들의 투자공식"" 앱에서 확인하실 수 있습니다.) 라이온봇 기자 -한국경제TV※ 본 기사는 한국경제TV와 '거장들의 투자공식이'자체 개발한 '라이온봇 기자'가 실시간으로 작성한 기사입니다. 라이온봇기자"
뉴시스,046310,/news/news_read.nhn?article_id=0007515167&office_id=003&mode=search&query=백금T&amp;A&page=1,2016-10-10 17:57,"백금T&amp;A, 유상증자 최종 발행가액 3400원 확정",【서울=뉴시스】최예린 기자 = 방송·무선 통신장비 제조업체 백금T&A(046310)는 유상증자 최종 발행가액을 1주당 3400원으로 확정했다고 10일 공시했다.
이데일리,046310,/news/news_read.nhn?article_id=0003569267&office_id=018&mode=search&query=백금T&amp;A&page=1,2016-06-21 14:26,"백금T&amp;A, 필리핀 계열사에 26억 출자결정",[이데일리 김용갑 기자] 백금T&A(046310)는 종속회사의 재무구조 개선 및 생산시설 증설투자 등을 지원하기 위해 계열사 백금 필리핀(BAEK GEUM PHILIPPINES CORP)의 주식 101만8726주를 25억5904만원에 취득하기로 했다고 21일 공시했다. 취득 후 지분율은 99.98%가 된다.
전자신문,046310,/news/news_read.nhn?article_id=0002656368&office_id=030&mode=search&query=백금T&amp;A&page=1,2017-11-10 13:45,"[ET투자뉴스]백금T&amp;A, 17년3분기 실적 발표",11월 10일 백금T&amp;A(046310)의 2017년 3분기 연결 확정 실적이 발표됐다. 전년 동기 대비해서 매출액은 93.54% 상승하여 259억원을 기록했다. 영업이익은 -6.6억원에서 16.5억원으로 흑자전환되었다. 당기순이익은 12.2억원으로 -9.2억원에서 흑자전환되었다.이번분기 기준으로 추정되는 백금T&amp;A의 자기자본이익률(ROE)은 15.6%로 나타났다. ROE는 최근 3분기 이상 꾸준히 상승하다가 이번 분기에 하락했다. 전년 동기인 2016년 3분기 ROE는 -17.6%로 이번 분기에 33.2%p 상승했다. 한편 동종목의영업이익률은 6.4%이다. 최근 4분기 이상 꾸준히 상승하는 추세이다. 지난해 동기 영업이익률은 -4.9%로 이번 3분기가 11.3%p 상승했다.주가가 1주당 수익의 몇배가 되는지 나타내는 주가수익비율(PER)은 62.9배로 나타났다. 직전분기 PER은 30.19배로 이번 분기에 상승했다.주가가 1주당 순자산의 몇배인지 알려주는 주가순자산비율인 PBR은 2.4배이다. 지난해 동기 PBR은 3.03배로 이번 3분기 PBR이 하락했다.다음은 백금T&amp;A와 동일 업종 내 비교 그룹 종목의 각각 최근 실적의 전년 동기 대비 성장률이다. 백금T&amp;A의 매출액 증감율은 타 종목 대비 가장 우수한 편이다. 그리고 주가의 하락율이 가장 큰 편으로 나타났다.
뉴시스,046310,/news/news_read.nhn?article_id=0007440790&office_id=003&mode=search&query=백금T&amp;A&page=1,2016-08-31 11:25,"백금T&amp;A, 유상증자 1차 발행가액 3400원",【서울=뉴시스】최예린 기자 = 방송·무선 통신장비 제조업체 백금T&A(046310)는 유상증자 1차 발행가액을 1주당 3400원으로 결정했다고 31일 공시했다. 유상증자로 발행되는 신주는 286만2750주다.
아시아경제,046310,/news/news_read.nhn?article_id=0004068274&office_id=277&mode=search&query=백금T&amp;A&page=1,2017-09-04 17:58,"백금T&amp;A, 올해 매출액 1027억원 전망","[아시아경제 김세영 기자] 레이더디텍터 개발 생산업체인 백금T&A가 경영환경 및 계획을 근거로 올해 매출액을 1027억원, 영업이익을 28억원으로 전망한다고 4일 공시했다."
머니투데이,046310,/news/news_read.nhn?article_id=0003735013&office_id=008&mode=search&query=백금T&amp;A&page=1,2016-08-31 16:11,"백금T&amp;A, 오는 1일 유상증자로 권리락",[머니투데이 구유나 기자] 한국거래소는 백금T&A가 유상증자로 인해 오는 1일부터 기준가 4760원으로 권리락된다고 31일 공시했다. textlinktopstart textlinktopend textlinkstart
매일경제,046310,/news/news_read.nhn?article_id=0003815445&office_id=009&mode=search&query=백금T&amp;A&page=1,2016-10-10 17:52,[코스닥 공시] 넥스트바이오홀딩스 / 백금T&amp;A / 영우디에스피 등,◇넥스트바이오홀딩스=조승연 단독 대표이사 체제에서 조승연·왕석우 대표이사 체제로 변경. ◇백금T&A=유상증자 최종 발행가액을 주당 3400원으로 확정. ◇영우디에스피=150억원 규모의 전환사채 및 신주인수권부사채 발행 결정. ◇아리온=12억원 규모의 전환사채 발행 결정. ◇이베스트기업인수목적2호=비상장사인 켐온 흡수합병 결정. 신주 상장 예정일은 내년 4월 3일. ◇메디톡스=분기배당으로 보통주 1주당 700원의 현금배당 결정. ◇이루온=유상증자 최종 발행가액을 주당 2170원으로 확정. r_start // r_end //
연합뉴스,046310,/news/news_read.nhn?article_id=0008652880&office_id=001&mode=search&query=백금T&amp;A&page=1,2016-08-31 10:52,"백금T&amp;A, 유상증자 1차 발행가액 3천400원",(서울=연합뉴스) 유현민 기자 = 코스닥 상장 방송·무선통신 장비 제조업체인 백금T&A는 유상증자 1차 발행가액을 주당 3천400원으로 결정했다고 31일 공시했다. 발행 예정 주식수는 286만2천750원이다.
한국경제TV,046310,/news/news_read.nhn?article_id=0000664077&office_id=215&mode=search&query=백금T&amp;A&page=1,2018-07-23 14:51,"백금T&amp;A, 전일 대비 약 -5% 하락한 3,260원","[한국경제TV 라이온봇 기자] [그림 1] 최근 3개월 간 주가 추세 및 기간별 수익률 백금T&A는 7월 23일 14시 51분 전일 대비 약 -5% 하락한 3,260원에 거래되고 있다. 백금T&A는 코스닥 상장 기업으로 통신장비 업종에 속해 있다. 시가총액은 518억원으로 코스닥 상장기업 중 993위에 위치 해 있다. [종목 성향 진단] [그림 2] 종목 성향 진단 백금T&A의 투자 스타일은 가치주에 가깝다. 기업 가치 대비 낮은 주가가 매력적인 기업이다. 주가 모멘텀은 부진한 편이었다. 최근 6개월 수익률은 -38.6%의 하락폭을 기록했다. 최근 1개월 수익률 또한 -1.44% 하락하며 부진한 모멘텀을 이어가고 있다. 백금T&A 종목에 대한 투자자의 관심도는 평범한 수준이었다. [투자 점수 진단] [그림 3] 투자 점수 진단 백금T&A는 어느 측면에서 투자 매력도가 높은 종목일까? AI 인공지능 종목 분석 시스템을 이용해 성장성, 수익성, 효율성, 안전성, 저평가성, 추세 등 주가 수익률에 영향을 줄 수 있는 6가지 핵심 투자 지표를 점수화하여 종목의 투자 매력도를 계산해보았다. 그 결과 백금T&A는 상대적으로 수익성 측면에서 두각을 드러내고 있었다. 수익성 점수는 기업이 가진 자산과 자본을 활용하여 얼마나 이익을 실현했는지를 나타낸다. 백금T&A는 특히 ROE 측면에서 가장 높은 점수는 기록했는데, 전체 시장 내 62위를 기록하며 상위 3.07%에 위치했다. 업종별로는 27위를 기록하며 상위 4.46%에 위치했다. 그러나 기업의 자산 활용도를 나타내는 효율성 측면에서는 아쉬움을 나타냈다. (위의 AI인공지능 점수는 재무 데이터를 기반으로 전체 상장 종목과 비교/분석하여 도출한 점수로 높은 점수가 반드시 높은 수익률을 보장하지 않습니다. 위의 자료는 당사의 추천 종목이 아니며, 투자 시 참고용으로 제시해드리는 것입니다. 핵심투자지표를 결합해 종목의 투자매력도를 종합 계산한 ""인공지능 투자점수""는 ""거장들의 투자공식"" 앱에서 확인하실 수 있습니다.) 라이온봇 기자 -한국경제TV※ 본 기사는 한국경제TV와 '거장들의 투자공식이'자체 개발한 '라이온봇 기자'가 실시간으로 작성한 기사입니다. 라이온봇기자"
머니투데이,046310,/news/news_read.nhn?article_id=0003641698&office_id=008&mode=search&query=백금T&amp;A&page=1,2016-03-04 11:24,"백금T&amp;A, 30일 주총",[머니투데이 고석용 기자]      백금T&A는 오는 30일 오전 10시 경기도 군포시 고산로 599(산본동 1101) 군포시문화예술회관 국제회의장에서 정기주주총회를 연다고 4일 공시했다. textlinktopstart textlinktopend textlinkstart
매일경제,046310,/news/news_read.nhn?article_id=0004005407&office_id=009&mode=search&query=백금T&amp;A&page=1,2017-08-30 15:45,"백금T&amp;A, 美수출 호조로 매출 급증세&hellip;올해 1천억원 예상","자회사 엠티오메가 러시아시장 개척도 한몫 백금T&A는 자회사인 엠티오메가의 러시아 수출 호조 등에 힘입어 올해 매출 실적이 증가할 것이라고 30일 밝혔다. 엠티오메가는 러시아에 레이더디텍터와 DVR을 결합한 '콤보' 수출에 힘입어 지난 2015년 이후 매출·순익이 현저히 늘어난 것으로 나타났다. 매출액은 2015년 194억원에서 2016년 235억원으로 증가했고 올해는 작년 대비 51% 증가한 350억원의 실적을 예상하고 있다. 순익 또한 개선돼 2015년에 3억5000만원, 2016년 1억4000만원에 이어 올해에는 15억원으로 크게 늘어날 것으로 전망된다. 백금T&A는 차량 속도측정기인 레이더 디텍터의 미국 시장 점유율 1위 업체로 엠티오메가의 지분 82% 가량을 갖고 있다.  지난 1996년 설립한 이 회사는 레이더디텍터, 산업용 무전기, DVR(블랙박스 삭제) 등을 주력으로 제조하고 있다. 모토롤라, 코브라 등 관련 분야 글로벌기업에 ODM(제조사 개발생산)으로 제품을 공급하면서 매출의 95%가 수출에서 나오고 있다. 한편 백금T&A는 올해 자회사인 엠티오메가의 러시아 시장 개척과 주력 아이템인 레이더디텍터의 미국 시장 수출 호조로 1년만에 흑자 전환과 함께 1000억원대 매출을 기대하고 있다. [디지털뉴스국 이상규 기자] r_start // r_end //"
아시아경제,046310,/news/news_read.nhn?article_id=0003771377&office_id=277&mode=search&query=백금T&amp;A&page=1,2016-06-21 14:21,"백금T&amp;A, 증설 위해 필리핀 계열사 인수","[아시아경제 김민영 기자] 백금T&A는 생산시설 증설을 위해 필리핀 계열사(BAEK GEUM PHILIPPINES CORP)의 주식 101만8726주를 취득한다고 21일 공시했다. 취득 금액은 25억5900만원 규모며, 이는 최근 백금T&A의 자기자본 대비 11.08%에 해당한다. 취득 후 소유 지분율은 99.98%이며, 인수를 위해 유상증자에 참여할 예정이다."
서울경제,046310,/news/news_read.nhn?article_id=0003230567&office_id=011&mode=search&query=백금T&amp;A&page=1,2018-02-26 09:31,"(코)백금T&amp;A, 전일 대비 7.98% 상승.. 일일회전율은 7.26% 기록","[서울경제] 백금T&amp;A(046310) 는 26일 오전 9시 30분 현재 7.98% 오른 5,550원에 거래되고 있으며, 44(매도):56(매수)의 매수우위를 기록하고 있다. 거래대금은 57억7,631만, 거래량은 103만9,233주로 거래량회전율은 7.26%로 나타났다. 지난 1개월간 백금T&A는 상승 13회, 하락 17회를 기록했고, 주가수익률은 0.00% 표준편차는 2.72%를 기록했다. 이 기간 ' 통신장비업 ' 업종 평균 주가수익률은 -3.15%로 나타났으며, 변동성은 1.91%를 기록했다. 이 시각 현재 ' 통신장비업 '은 0.65% 상승 중이며, 49(매도):51(매수)의 매수우위를 기록하고 있다."
파이낸셜뉴스,046310,/news/news_read.nhn?article_id=0003859766&office_id=014&mode=search&query=백금T&amp;A&page=1,2017-08-17 11:17,"[fnRASSI]백금T&amp;A, 3.62% 오르며 거래량 증가","백금T&A(046310)의 당일 거래량이 최근 5거래일 거래량의 최고치를 경신했다. 그리고 백금T&A는 3일 연속 상승흐름을 보이며, 11시 14분 현재 3.62% 증가한 4,150원에 거래중이다. 퀀트 재무분석, 종합점수 7점으로 상승                    지표               항목               값               종합점수                 성장성               매출액증가율               -0.16               1.68                 자기자본증가율               -0.28                 안정성               부채비율               141.94               6.01                 유동비율               122.52                 이익안정성               6.94                 수익성               ROA               -1.3               2.37                 ROE               -3.14                 영업이익율               0.06          백금T&A의 퀀트 재무 점수는 10.06점으로 3개월 이전 8.72점보다 올랐다. 지난 분기에 비해 성장성 점수가 상승했다. 이는 매출액 증가율이 증가하였기 때문이다. 실적 안정성이 개선되어 안정성 종합 점수는 상승했다. 수익성 측면에서 볼때 ROA, ROE, 영업이익률 모두 개선되어 이전보다 좋은 점수를 받았다. 주요 매매주체는 개인투자자  최근 한달간 주체별 거래비중을 살펴보면 개인 비중이 93.3%로 가장 높았고, 외국인이 6.68%로 그 뒤를 이었다. 기관은 0.01%를 나타냈다. 그리고 최근 5일간 거래비중은 개인이 전체 거래의 90.61%를 차지하며 가장 적극적인 모습을 보여줬고, 외국인은 9.37%를 나타냈으며 기관은 0.01%를 나타냈다. 'fnRASSI'는 증권전문 기업 씽크풀과 파이낸셜뉴스의 협업으로 로봇기자가 실시간으로 생산하는 기사입니다."
파이낸셜뉴스,046310,/news/news_read.nhn?article_id=0003922054&office_id=014&mode=search&query=백금T&amp;A&page=1,2017-12-11 13:27,[fnRASSI]백금T&amp;A(046310) 현재 +8.45%,"백금T&A(046310)는 현재 주가가 전일 대비 8.45% 상승한 6,290원 선에서 거래가 이루어지고 있다. 기관투자자 연속 1일 순매도 최근 5일간 동종목의 외국인 투자자는 34,177주 순매수하였고 마찬가지로 기관은 10,002주 순매수하였다. 전날 두 주체 각각 61,369주, 10,002주 순매수하며 보유 비율을 늘렸다. 다음 표는 동종목의 외국인, 기관의 일별 순매수량을 나타낸 것이다. 상장주식수 대비 거래량은 3.06%로 적정수준 최근 한달간 백금T&A의 상장주식수 대비 거래량을 비교해보니 일별 매매회전율이 3.06%로 집계됐다. 그리고 동기간 장중 저점과 고점의 차이인 일평균 주가변동률을 4.65%를 나타내고 있다. 'fnRASSI'는 증권전문 기업 씽크풀과 파이낸셜뉴스의 협업으로 로봇기자가 실시간으로 생산하는 기사입니다."
파이낸셜뉴스,046310,/news/news_read.nhn?article_id=0003771324&office_id=014&mode=search&query=백금T&amp;A&page=1,2017-02-03 09:35,"[fnRASSI]백금T&amp;A, 52주 신고가...4.09% &uarr;","백금T&A(046310)은 52주신고가를 기록하고 있어 주목할만하다. 동종목의 현재 주가는 7,600원 선에서 이루어지고 있다. 거래일을 기준으로 최근 3일간 평균 거래량은 1494만 주이다. 이는 60일 일 평균 거래량 62만 주와 비교해보면 최근 거래량이 급격히 늘어났다는 것을 알 수 있다. 주주들의 손바뀜이 잦은 가운데 주가등락도 심해 최근 한달간 백금T&A의 매매회전율을 분석한 결과 12일에 1번 꼴로 주식의 주인이 바뀐 것으로 나타났다. 이와 같이 회전율이 너무 높은 종목들은 투자시 주의가 필요하다. 동종목의 경우도 일평균 주가변동률이 10.38%로 장중 주가등락이 상담히 심하다는 것을 알 수 있다. 외국인, 기관 모두 보유량 감소 (5일 누적) 최근 5일간 동종목의 외국인 투자자는 94,050주 매도하였고 마찬가지로 기관은 15,981주 매도하였다. 전날 두 주체 각각 39,839주, 15,981주 순매도하며 보유 비율을 줄였다. 다음 표는 동종목의 외국인, 기관의 일별 순매수량을 나타낸 것이다.   'fnRASSI'는 증권전문 기업 씽크풀과 파이낸셜뉴스의 협업으로 로봇기자가 실시간으로 생산하는 기사입니다."
매일경제,046310,/news/news_read.nhn?article_id=0004195762&office_id=009&mode=search&query=백금T&amp;A&page=1,2018-08-03 15:10,"백금T&amp;A, 상반기 매출&middot;영업이익 큰 폭 상승","레이더디텍터·블랙박스 수출 호조매출 45%·영업익 207% 뛰어 통신기기 제조 수출 전문기업 백금T&A(대표 임학규)가 올 상반기 레이더 디텍터와 블랙박스 수출 호조로 매출과 영업이익 모두 큰 폭으로 신장했다고 3일 밝혔다. 백금T&A의 상반기 매출은 566억1800만원, 영업이익은 39억7500만원으로 지난해 상반기 대비 매출은 45%, 영업이익은 207.2% 증가했다. 상반기 실적 상승은 주요 시장인 미국에서 롱런 챔피언 품목인 레이더 디텍터와 블랙박스의 일본 시장 수요 급증으로 인한 것이다. 백금T&A의 주력제품인 차량 속도 측정기 레이더디텍터는 지난해 이후 미국 시장의 회복세로 수요가 꾸준히 발생하고 있다. 백금T&A의 레이더디텍터 매출은 지난해 상반기 대비 110% 증가했다. 블랙박스의 경우 일본 시장의 신규 수요가 크게 늘어나면서 매출은 지난해 상반기 대비 80% 증가한 243억원을 기록했다. 백금T&A는 하반기 레이더디텍터와 산업용 무전기의 미국시장 판매를 강화하면서 러시아 등으로 수출 시장의 다변화에 나설 예정이다. 블랙박스 제품의 경우 신규 제품을 개발해 일본 시장에서 입지를 더욱 다진다는 계획이다. 임학규 백금T&A 대표는 ""상반기 매출 증가세가 하반기에도 지속될 것으로 전망된다""고 밝혔다. [이영욱 기자] r_start // r_end //"
아시아경제,046310,/news/news_read.nhn?article_id=0003685717&office_id=277&mode=search&query=백금T&amp;A&page=1,2016-02-12 14:56,"백금T&amp;A, 작년 매출액 1.8% 감소",[아시아경제 박선미 기자]백금T&A는 지난해 매출액이 전년 대비 1.8% 감소한 925억8451만원을 기록했다고 12일 공시했다. 영업이익은 69% 증가한 11억2895만원으로 집계됐다.
한국경제TV,046310,/news/news_read.nhn?article_id=0000658837&office_id=215&mode=search&query=백금T&amp;A&page=1,2018-07-09 14:51,"백금T&amp;A, 5거래일 연속 상승... 전일 대비 1% 상승","[한국경제TV 라이온봇 기자] [그림 1] 최근 3개월 간 주가 추세 및 기간별 수익률 백금T&A는 현재 5거래일 연속 상승세를 기록하고 있어 주목할 만하다. 백금T&A는 7월 9일 14시 50분 전일 대비 약 1% 상승한 3,280원에 거래되고 있다. 백금T&A는 코스닥 상장 기업으로 통신장비 업종에 속해 있다. 시가총액은 492억원으로 코스닥 상장기업 중 1,012위에 위치 해 있다. [종목 성향 진단] [그림 2] 종목 성향 진단 백금T&A의 투자 스타일은 가치주에 가깝다. 기업 가치 대비 낮은 주가가 매력적인 기업이다. 주가 모멘텀은 좋지 못했다. 최근 6개월 수익률은 -42.78%의 하락폭을 기록했다. 최근 1개월 수익률 또한 -23.37% 하락하며 부진한 모멘텀을 이어가고 있다. 백금T&A 종목에 대한 투자자의 관심도는 평범한 수준이었다. [투자 점수 진단] [그림 3] 투자 점수 진단 백금T&A는 어느 측면에서 투자 매력도가 높은 종목일까? AI 인공지능 종목 분석 시스템을 이용해 성장성, 수익성, 효율성, 안전성, 저평가성, 추세 등 주가 수익률에 영향을 줄 수 있는 6가지 핵심 투자 지표를 점수화하여 종목의 투자 매력도를 계산해보았다. 그 결과 백금T&A는 상대적으로 수익성 측면에서 두각을 드러내고 있었다. 수익성 점수는 기업이 가진 자산과 자본을 활용하여 얼마나 이익을 실현했는지를 나타낸다. 백금T&A는 특히 ROE 측면에서 가장 높은 점수는 기록했는데, 전체 시장 내 61위를 기록하며 상위 3.02%에 위치했다. 업종별로는 27위를 기록하며 상위 4.46%에 위치했다. 그러나 기업의 자산 활용도를 나타내는 효율성 측면에서는 아쉬움을 나타냈다. (위의 AI인공지능 점수는 재무 데이터를 기반으로 전체 상장 종목과 비교/분석하여 도출한 점수로 높은 점수가 반드시 높은 수익률을 보장하지 않습니다. 위의 자료는 당사의 추천 종목이 아니며, 투자 시 참고용으로 제시해드리는 것입니다. 핵심투자지표를 결합해 종목의 투자매력도를 종합 계산한 ""인공지능 투자점수""는 ""거장들의 투자공식"" 앱에서 확인하실 수 있습니다.) 라이온봇 기자 -한국경제TV※ 본 기사는 한국경제TV와 '거장들의 투자공식이'자체 개발한 '라이온봇 기자'가 실시간으로 작성한 기사입니다. 라이온봇기자 ⓒ 한국경제TV, 무단 전재 및 재배포 금지 한국경제TV 관련뉴스해당 언론사에서 선정하며 언론사 페이지(아웃링크)로 이동해 볼 수 있습니다.고혈압약에 '발암 물질'…판매중지 리스트는11시에 무슨 일이...매출 50% 급증한다발표하자 마자 급락...코스닥 25개사 '난감하네'계산대 의자 '이렇게' 바꾼다…이마트 10년 만의 변화""당신 차 긁었다"" 문 열어주니 강도로 돌변"
파이낸셜뉴스,046310,/news/news_read.nhn?article_id=0003769188&office_id=014&mode=search&query=백금T&amp;A&page=1,2017-01-31 10:43,[fnRASSI]백금T&amp;A(046310) 현재 +15.95%,"현재 백금T&A(046310)는 전일대비 15.95% 상승하여 5,780원 선에서 거래가 이루어지고 있다. 상장주식수 대비 거래량은 2.58%로 적정수준 최근 한달간 백금T&A의 상장주식수 대비 거래량을 비교해보니 일별 매매회전율이 2.58%로 집계됐다. 그리고 동기간 장중 저점과 고점의 차이인 일평균 주가변동률을 7.09%를 나타내고 있다. 외국인, 기관 모두 보유량 감소 (5일 누적) 최근 5일간 동종목의 외국인 투자자는 5,374주 매도하였고 마찬가지로 기관은 3,600주 매도하였다. 전날 두 주체 각각 9,400주, 3,600주 순매도하며 보유 비율을 줄였다. 다음 표는 동종목의 외국인, 기관의 일별 순매수량을 나타낸 것이다.   'fnRASSI'는 증권전문 기업 씽크풀과 파이낸셜뉴스의 협업으로 로봇기자가 실시간으로 생산하는 기사입니다."
서울경제,046310,/news/news_read.nhn?article_id=0002969199&office_id=011&mode=search&query=백금T&amp;A&page=1,2017-02-06 14:15,"&lsquo;안희정 테마주&rsquo; 백금T&amp;A, 어닝쇼크에 주가 하락","‘안희정 테마주’ 백금T&A(046310), 어닝쇼크에 주가 하락 안희정 테마주로 분류돼 최근 급등세를 나타난 백금T&A가 부진한 실적을 발표하면서 주가도 하락 중이다. 6일 오후 2시10분 현재 백금T&A는 전 거래일 대비 1.68% 하락한 7,610원에 거래되고 있다. 이 회사는 대표이사가 안희정 충남지사와 대학 동문이라는 이유로 테마주에 묶여 주가 상승세를 나타냈다. 특히 안 지사의 지지율이 상승하기 시작하면서 최근 7거래일 연속 상승해 지난 달 4,620원이었던 주가가 최근 40% 가까이 올랐다. 하지만 이 날 부진한 실적을 발표하면서 주가가 하락세로 돌아섰다. 백금T&A는 연결 기준 지난해 영업이익이 21억1,828만원의 손실을 기록해적자전환했다고 공시했따. 같은 기간 매출액은 602억1,685만원으로 35.0% 줄어든 것으로 나타났다. 당기순이익은 18억5,728만원의 손실을 기록해 적자전환했다."
머니투데이,046310,/news/news_read.nhn?article_id=0003680853&office_id=008&mode=search&query=백금T&amp;A&page=1,2016-05-17 16:56,"거래소, 백금T&amp;A 주가급등 관련 조회공시 요청",[머니투데이 김평화 기자] 한국거래소는 백금T&A에 최근 주가급등 관련 조회공시를 17일 요청했다. 답변시한은 18일 오후 6시까지다. textlinktopstart textlinktopend textlinkstart
아시아경제,046310,/news/news_read.nhn?article_id=0003818306&office_id=277&mode=search&query=백금T&amp;A&page=1,2016-08-31 11:11,"백금T&amp;A, 유상증자 1차발행가액 3400원",[아시아경제 박선미 기자]백금T&A는 유상증자 1차발행가액을 주당 3400원으로 결정했다고 31일 공시했다.
헤럴드경제,046310,/news/news_read.nhn?article_id=0001051224&office_id=016&mode=search&query=백금T&amp;A&page=1,2016-05-17 16:58,"에스앤더블류ㆍ백금T&amp;A, 주가급등 관련 조회공시",[헤럴드경제=박영훈 기자] 한국거래소는 17일 에스앤더블류와 백금T&A에 최근의 현저한 시황변동(주가급등) 관련 조회공시를 요구했다. 답변시한은 18일 오후 6시까지다.
서울경제,046310,/news/news_read.nhn?article_id=0002844914&office_id=011&mode=search&query=백금T&amp;A&page=1,2016-06-21 14:06,"백금T&amp;A, 필리핀 계열사에 25억 출자","백금T&A(046310)는 생산시설 증설투자 및 종속회사 재무구조 개선을 위해 필리핀 계열사인 백금필리핀(BAEK GEUM PHILIPPINES CORP) 주식 101만여주를 25억5,900만원에 취득한다고 21일 밝혔다. 취득후 지분비율은 99.98%다."
파이낸셜뉴스,046310,/news/news_read.nhn?article_id=0003770724&office_id=014&mode=search&query=백금T&amp;A&page=1,2017-02-02 11:05,"[fnRASSI]백금T&amp;A, 52주 신고가...13.68% &uarr;","백금T&A(046310)은 52주신고가를 기록하고 있어 주목할만하다. 동종목의 현재 주가는 6,730원 선에서 이루어지고 있다. 거래일을 기준으로 최근 3일간 평균 거래량은 1008만 주이다. 이는 60일 일 평균 거래량 51만 주와 비교해보면 최근 거래량이 급격히 늘어났다는 것을 알 수 있다. 외국인과 기관은 순매도, 개인은 순매수(한달누적)  전일 외국인이 48,633주를 순매수했다. 4주간을 기준으로 보면 외국인이 순매도로 돌아서면서 39,096주를 순매도했고, 기관도 최근 매도관점을 가지면서 3,600주를 순매도했지만, 개인은 오히려 매수반전의 모습을 보이며 42,696주를 순매수했다. 주가등락폭 크고, 주주들의 손바뀜도 잦아 최근 한달간 백금T&A의 매매회전율을 분석한 결과 19일에 1번 꼴로 주식의 주인이 바뀐 것으로 나타났다. 회전율이 높은 경우 유동성이 좋다고 할 수 있으나 이런경우 주가변동이 심한 경우가 많아 주의가 요구된다. 동종목의 경우도 일평균 주가변동률이 8.75%에 달해 장중 주가변동이 상당히 크다는 것을 알 수 있다.   'fnRASSI'는 증권전문 기업 씽크풀과 파이낸셜뉴스의 협업으로 로봇기자가 실시간으로 생산하는 기사입니다."
머니투데이,046310,/news/news_read.nhn?article_id=0003734776&office_id=008&mode=search&query=백금T&amp;A&page=1,2016-08-31 11:03,"백금T&amp;A, 유증 1차 발행가액 3400원으로 결정",[머니투데이 구유나 기자] 백금T&A가 유상증자 1차 발행가액을 주당 3400원으로 결정했다고 31일 공시했다. 유상증자로 발행되는 신주는 286만2750주다. textlinktopstart textlinktopend textlinkstart
서울경제,046310,/news/news_read.nhn?article_id=0003364306&office_id=011&mode=search&query=백금T&amp;A&page=1,2018-08-03 13:24,"백금T&amp;A, 지난해보다 상반기 영업이익 200% 이상 점프","美 레이더디텍터 수요 늘고日 블랙박스 고객 늘어난 영향 [서울경제] 통신기기 제조업체 백금T&amp;A(046310) 가 레이더 디텍터와 블랙박스 수출 호조로 매출, 영업이익이 대폭 올랐다고 3일 밝혔다. 백금T&A의 상반기 매출은 566억1,800만원으로 지난해 상반기 대비 45% 증가했다. 올 상반기 영업이익은 39억7,500만원으로 전년 동기대비 207.2% 올랐다. 지난해부터 미국에서 레이더디텍터 수요가 회복된 게 매출 신장에 영향을 끼쳤다는 설명이다. 실제로 올 상반기 백금T&A의 레이더디텍터 매출은 지난해 같은 기간 대비 110% 증가했다. 레이더디텍터는 차량 속도 측정기를 뜻한다. 일본 시장에서 블랙박스를 찾는 고객이 늘어난 것도 영향을 끼친 것으로 풀이된다. 백금T&A는 블랙박스를 신규 주력 사업으로 삼으며 일본 시장을 공략하고 있다. 백금T&A의 블랙박스 매출은 작년 상반기보다 80% 늘어난 243억원을 기록했다. 백금T&A는 올 하반기에도 미국시장을 중심으로 레이더디텍터와 산업용 무전기 판매를 확대하고 일본 블랙박스 시장에서 지배력을 공고화할 계획이다. 동시에 러시아에도 진출해 판로를 다양화한다는 복안이다."
뉴시스,046310,/news/news_read.nhn?article_id=0007302346&office_id=003&mode=search&query=백금T&amp;A&page=1,2016-06-21 14:28,"백금T&amp;A, 필리핀 계열사 주식 101만8726주 26억에 취득","【서울=뉴시스】김주아 기자 = 방송 및 무선 통신장비 제조업체 백금T&A(046310)는 필리핀 계열사 BAEK GEUM PHILIPPINES CORP 주식 101만8726주를 25억5904만원에 현금취득키로 했다고 21일 공시했다. 이는 자기자본대비 11.08% 규모다. 취득후 소유 주식수는 235만5096주(99.98%)다. 회사 측은 취득 목적에 대해 ""생산시설 증설 투자 및 종속회사 재무구조 개선""이라고 설명했다."
아시아경제,046310,/news/news_read.nhn?article_id=0004174306&office_id=277&mode=search&query=백금T&amp;A&page=1,2018-02-07 13:49,"백금T&amp;A, 지난해 영업익 57억&hellip;흑자전환",[아시아경제 박나영 기자]백금T&A는 지난해 연결 기준 영업이익이 57억원으로 흑자전환했다고 7일 공시했다.
머니투데이,046310,/news/news_read.nhn?article_id=0003628955&office_id=008&mode=search&query=백금T&amp;A&page=1,2016-02-12 14:40,"백금T&amp;A, 2015년 영업익 11억&hellip; 전년比 69%&uarr;","[머니투데이 서진욱 기자] 백금T&A는 2015년 매출 926억원, 영업이익 11억원을 기록했다고 12일 공시했다. 전년보다 매출은 1.8% 줄었고, 영업이익은 69% 늘었다. 순이익은 7022만원으로 전년보다 72.1% 감소했다. textlinktopstart textlinktopend textlinkstart"
파이낸셜뉴스,046310,/news/news_read.nhn?article_id=0003770512&office_id=014&mode=search&query=백금T&amp;A&page=1,2017-02-02 09:11,[fnRASSI]백금T&amp;A(046310) 현재 13.18% &uarr;,"백금T&A(046310)는 현재 주가가 전일 대비 13.18% 상승한 6,700원 선에서 거래가 이루어지고 있다.                     지표               항목               값               종합점수                 성장성               매출액증가율               -0.39               1.26                 자기자본증가율               -0.12                 안정성               부채비율               148.36               5.28                 유동비율               102.27                 이익안정성               6.67                 수익성               ROA               -0.18               2.92                 ROE               -0.46                 영업이익율               1.04          백금T&A의 퀀트 재무 점수는 9.46점으로 지난 분기에 비해 성장성 점수가 하락했다. 이는 매출액 증가율이 감소하였기 때문이다. 안정성 종합 점수는 부채비율 증가, 유동비율 감소로 하락했다. 수익성 측면에서 볼때 ROA, ROE, 영업이익률 모두 하락하여 이전보다 낮은 점수를 받았다. 외국인, 기관 모두 보유량 감소 (5일 누적) 최근 5일간 동종목의 외국인 투자자는 40,140주 매도하였고 마찬가지로 기관은 0주 매도하였다. 전날 외국인은 49,233주 매수했지만 기관은 순매수량이 0으로 보유비율 그대로 유지했다. 다음 표는 동종목의 외국인, 기관의 일별 순매수량을 나타낸 것이다. 'fnRASSI'는 증권전문 기업 씽크풀과 파이낸셜뉴스의 협업으로 로봇기자가 실시간으로 생산하는 기사입니다."
파이낸셜뉴스,046310,/news/news_read.nhn?article_id=0003926338&office_id=014&mode=search&query=백금T&amp;A&page=1,2017-12-18 11:31,"[fnRASSI]백금T&amp;A, 거래량 확대되며 3거래일 연속 하락","백금T&A(046310)는 당일 거래량 증가로 최근 5거래일 거래량의 최고치를 넘어섰다. 그리고 현재 전 거래일보다 13.71% 감소하여 3일 연속 하락흐름을 보이고 있다. 개인투자자의 거래비중이 가장 높아 최근 한달간 주체별 거래비중을 살펴보면 개인이 전체 거래량의 87.88%를 차지하며 가장 활발한 참여를 보였고, 외국인은 12.02%, 기관은 0.09%의 거래 참여율을 보였다. 그리고 최근 5일간 거래비중은 개인이 87.53%, 외국인이 12.32%, 기관은 0.13%를 기록한 것으로 나타났다. 외국인과 개인은 순매도, 기관은 순매수(한달누적)  12월12일부터 전일까지 외국인이 4거래일 연속 순매도했다. 4주간을 기준으로 보면 기관이 초반에 동종목을 순매수한 이후에 기세를 이어가며 20,067주를 순매수한 반면, 외국인은 초반에 동종목을 순매도한 이후에 근래에는 순매도량을 줄이면서 2,274주를 순매도했고, 개인들도 순매수에서 순매도로 반전되면서 17,793주를 순매도했다. 'fnRASSI'는 증권전문 기업 씽크풀과 파이낸셜뉴스의 협업으로 로봇기자가 실시간으로 생산하는 기사입니다."
머니투데이,046310,/news/news_read.nhn?article_id=0003735385&office_id=008&mode=search&query=백금T&amp;A&page=1,2016-09-01 09:15,"[특징주]백금T&amp;A, 유상증자 권리락에 '상승'",[머니투데이 구유나 기자] 백금T&A가 유상증자 권리락 효과로 장 초반 오름세다. 증자 후 구주주와 새주주 사이의 형평을 맞추기 위해 주가가 하향 조정되면서 투자수요가 몰린 것으로 풀이된다. 1일 오전 9시15분 현재 백금T&A는 코스닥 시장에서 250원(5.25%) 오른 5010원에 거래되고 있다. 백금T&A는 유상증자로 인한 권리락이 이날 발생한다고 전날 공시했다. 기준가는 4760원이다. textlinktopstart textlinktopend textlinkstart
한국경제TV,046310,/news/news_read.nhn?article_id=0000659416&office_id=215&mode=search&query=백금T&amp;A&page=1,2018-07-10 14:51,"백금T&amp;A, 5거래일 연속 상승... 전일 대비 2% 상승","[한국경제TV 라이온봇 기자] [그림 1] 최근 3개월 간 주가 추세 및 기간별 수익률 백금T&A는 현재 5거래일 연속 상승세를 기록하고 있어 주목할 만하다. 백금T&A는 7월 10일 14시 51분 전일 대비 약 2% 상승한 3,375원에 거래되고 있다. 백금T&A는 코스닥 상장 기업으로 통신장비 업종에 속해 있다. 시가총액은 502억원으로 코스닥 상장기업 중 999위에 위치 해 있다. [종목 성향 진단] [그림 2] 종목 성향 진단 백금T&A의 투자 스타일은 가치주에 가깝다. 기업 가치 대비 낮은 주가가 매력적인 기업이다. 주가 모멘텀은 좋지 못했다. 최근 6개월 수익률은 -42.78%의 하락폭을 기록했다. 최근 1개월 수익률 또한 -23.37% 하락하며 부진한 모멘텀을 이어가고 있다. 백금T&A 종목에 대한 투자자의 관심도는 평범한 수준이었다. [투자 점수 진단] [그림 3] 투자 점수 진단 백금T&A는 어느 측면에서 투자 매력도가 높은 종목일까? AI 인공지능 종목 분석 시스템을 이용해 성장성, 수익성, 효율성, 안전성, 저평가성, 추세 등 주가 수익률에 영향을 줄 수 있는 6가지 핵심 투자 지표를 점수화하여 종목의 투자 매력도를 계산해보았다. 그 결과 백금T&A는 상대적으로 수익성 측면에서 두각을 드러내고 있었다. 수익성 점수는 기업이 가진 자산과 자본을 활용하여 얼마나 이익을 실현했는지를 나타낸다. 백금T&A는 특히 ROE 측면에서 가장 높은 점수는 기록했는데, 전체 시장 내 61위를 기록하며 상위 3.02%에 위치했다. 업종별로는 27위를 기록하며 상위 4.46%에 위치했다. 그러나 기업의 자산 활용도를 나타내는 효율성 측면에서는 아쉬움을 나타냈다. (위의 AI인공지능 점수는 재무 데이터를 기반으로 전체 상장 종목과 비교/분석하여 도출한 점수로 높은 점수가 반드시 높은 수익률을 보장하지 않습니다. 위의 자료는 당사의 추천 종목이 아니며, 투자 시 참고용으로 제시해드리는 것입니다. 핵심투자지표를 결합해 종목의 투자매력도를 종합 계산한 ""인공지능 투자점수""는 ""거장들의 투자공식"" 앱에서 확인하실 수 있습니다.) 라이온봇 기자 -한국경제TV※ 본 기사는 한국경제TV와 '거장들의 투자공식이'자체 개발한 '라이온봇 기자'가 실시간으로 작성한 기사입니다. 라이온봇기자 ⓒ 한국경제TV, 무단 전재 및 재배포 금지 한국경제TV 관련뉴스해당 언론사에서 선정하며 언론사 페이지(아웃링크)로 이동해 볼 수 있습니다.최은주, 다이어트 전후 공개 '놀라운 변화'…""양치승 작품""90도 숙인 이재용...文의 한마디 ""한국서도 일자리를...""고개드는 美 금리인상 신중론…'무역전쟁' 부메랑 되나계산대 의자 '이렇게' 바꾼다…이마트 10년 만의 변화'퇴사학교 가 볼까'…신입 절반이 떠난다는데"
한국경제TV,046310,/news/news_read.nhn?article_id=0000605764&office_id=215&mode=search&query=백금T&amp;A&page=1,2018-02-26 09:44,"백금T&amp;A, 전일 대비 약 7% 상승한 5,520원","[한국경제TV 라이온봇 기자] 백금T&A는 2월 26일 9시 43분 전일 대비 약 7% 상승한 5,520원에 거래되고 있다. 백금T&A는 코스닥 상장 기업으로 통신장비 업종에 속해 있다. 시가총액은 735억원으로 코스닥 상장기업 중 808위에 위치 해 있다. [종목 성향 진단] [그림 1] 종목 성향 진단 백금T&A의 투자 스타일은 성장주에 가깝다. 주가 고평가 우려가 공존하지만 높은 성장성이 기대되는 기업이다. 주가 모멘텀은 부진한 편이었다. 최근 1개월 수익률은 -7.89%의 하락폭을 기록했다. 백금T&A 종목에 대한 투자자의 관심도는 평범한 수준이었다. [투자 점수 진단] [그림 2] 투자 점수 진단 백금T&A는 성장성(매출증가율(YoY)) 측면에서 두각을 나타내고 있다. 최근 매출증가율(YoY)은 95점으로 6개의 핵심 팩터 중 가장 높은 점수를 기록했다. 매출증가율(YoY)은  전체 시장 내 92위를 기록하며 상위 5.06%에 위치했다. 업종별로는 49위를 기록하며 상위 9.3%에 위치했다. 그리고 효율성(ROA) 역시 도드라지는 편이다. 효율성 점수는 71점으로 두번째로 높은 점수를 기록했다. ROA는 전체 시장 내 566위를 기록하며 상위 29.41%에 위치했다. 업종별로는 215위를 기록하며 상위 37.74%에 위치했다. 그러나 부채비율과 PBR은  아쉬움을 나타냈다. [종합 투자점수] [그림 3] 종합 투자점수 AI 인공지능 분석을 통한 백금T&A의 종목 종합 스코어는 64점을 기록했다. 이는 동일 업종 평균점수인 57점과 시장 평균점수인 57점를 상회하는 수치였다. (위의 AI인공지능 점수는 재무 데이터를 기반으로 전체 상장 종목과 비교/분석하여 도출한 점수로 높은 점수가 반드시 높은 수익률을 보장하지 않습니다. 위의 자료는 당사의 추천 종목이 아니며, 투자 시 참고용으로 제시해드리는 것입니다.) 라이온봇 기자 -한국경제TV※ 본 기사는 한국경제TV와 '거장들의 투자공식이'자체 개발한 '라이온봇 기자'가 실시간으로 작성한 기사입니다. 라이온봇기자 ⓒ 한국경제TV, 무단 전재 및 재배포 금지 한국경제TV 관련뉴스해당 언론사에서 선정하며 언론사 페이지(아웃링크)로 이동해 볼 수 있습니다.판커신 나쁜손 ""인정 못해""…中누리꾼 최민정 SNS에 악플테러'원조 청순女' 강수지 성형고백…'자연 미인 아니었나?'이윤택 기자회견 리허설, 짜고치기 고스톱?""법적 대응한다더니..."" 송하늘 조민기 성추행 폭로 '반전'왁스, 절친 홍석천 사생활 폭로? ""클럽 가면 사라진다"""
파이낸셜뉴스,046310,/news/news_read.nhn?article_id=0003890867&office_id=014&mode=search&query=백금T&amp;A&page=1,2017-10-18 16:59,"[2017 중기 희망 리포트] 백금 T&amp;A, 산업용 무전기 제품 2개 '밀리언셀러...",올해 수출 다변화로 매출 1000억 자신Alpha-L.CP1300모델 각각 200만.100만대 판매.. 러.일 등서도 긍정적 신호
파이낸셜뉴스,046310,/news/news_read.nhn?article_id=0004069915&office_id=014&mode=search&query=백금T&amp;A&page=1,2018-08-04 11:41,"백금T&amp;A, 상반기 매출액 '566억원'..수출 호조로 영업이익도 올라","통신기기 제조 수출 전문 기업 백금T&A는 올해 상반기 매출액 566억 1800만원을 기록했다고 4일 밝혔다. 영업이익은 39억 7500만원으로 집계됐다. 올해 상반기 매출액과 영업이익은 각각 전년 대비 45%, 207.2% 증가한 수치다. 백금T&A는 레이더디텍터와 블랙박스 수출 호조가 큰 영향을 미친 것으로 분석하고 있다. 백금T&A 관계자는 ""올해 통신기기 주요 시장인 미국에서 `롱-런 챔피언’ 품목인 레이더디텍터와 블랙박스의 일본 시장 수요 급증해 매출 신장을 견인 했다""고 평가했다. 미국 시장에서 시장 점유율을 높여가고 있는 백금T&A 주력 제품 차량 속도 측정기 레이더디텍터는 지난해 이후 미국시장에서 매출 회복세로 돌아서 꾸준한 수요가 발생하고 있다. 백금T&A의 레이더디텍터 매출은 지난해 상반기 대비 110% 증가했다. 블랙박스는 일본 시장의 신규 수요가 크게 늘어나 작년 상반기 대비 80% 늘어난 243억원의 매출을 기록했다. 백금T&A는 올 하반기와 내년부터 블랙박스 매출 증가가 본격화할 것으로 전망하고 있다. 백금T&A는 올해 하반기에도 레이더디텍터와 산업용 무전기 시장을 넓혀갈 계획이다. 백금T&A 관계자는 ""미국시장을 중심으로 판매 확대를 강화함과 동시에 러시아 등으로 수출 시장의 다변화를 꾀할 것""이라며 ""블랙박스 제품은 신규 개발제품 개발로 일본 시장의 지배력을 더욱 강화해 나갈 계획:이라고 말했다. 이어 ""올해 상반기 매출 증가세가 하반기에도 지속될 것으로 보인다""면서 ""올해 세운 목표치는 무난히 달성할 것으로 전망하고 있다”고 말했다. 한편 백금T&A는 종합상사맨으로 활약하던 임학규 대표가 통신기기 분야 글로벌 진출을 목표로 지난 1996년 설립했다. 사명 백금T&A는 임 대표의 어머니가 직접 만들어준 것이다. `백금’은 별이 3개란 뜻인 '삼성'에서 힌트를 얻어 '금덩어리 100개'를 쌓아놓을 정도로 사업이 번창하라는 소망을 담았다. 지난 2000년에는 백금정보통신으로 사명을 바꿨다. 이 시기부터 레이더디텍터와 산업용 무전기를 제조자개발생산(ODM) 방식으로 미국에 수출하기 시작했다. 레이더디텍터는 차량에 설치해 경찰의 속도 측정기를 감지하는 장치로 미국이 가장 큰 시장이다. 2016년에는 미국 기업 코브라와 `에스코트` `벨` 제품을 7년간 독점 공급하는 계약을 체결하기도 했다. 산업용 무전기는 세계 1위 글로벌 업체인 모토롤라에 제조자개발생산(ODM) 방식으로 공급하고 있는 Alpha-L 모델과 BEACON 모델이 각각 누적 판매 200만대와 100만대를 돌파했다."
전자신문,046310,/news/news_read.nhn?article_id=0002733456&office_id=030&mode=search&query=백금T&amp;A&page=1,2018-08-16 09:34,[ET투자뉴스]백금T&amp;A_기관과 외국인의 매도물량이 흘러나오며 현재 -2.36%,"기관과 외국인 투자자의 동반 순매도에 힘입어 주가가 계속 밀리고 있다. 어제까지 2일 연속 동시 순매도를 기록한 백금T&amp;A는 오늘도 75원(2.36%) 내린 3,100원을 기록하며 약세를 면치 못하고 있다.    [종목동향]     * 8월1일에 백금T&amp;A의 2/4분기(2018년 4월 ~ 6월) 실적 발표됨매출액 296.0억, 영업이익 22.0억, 당기순이익 26.0억 *전년동기대비 매출액 37.0%증가,영업이익 150.0%증가,당기순이익 65.6%증가 *전분기대비 매출액 9.3%증가,영업이익 26.4%증가,당기순이익 19.0%감소    [주가/수급동향]     전일까지 외국인이 2일 연속, 기관이 5일 연속 각각 동종목을 순매도 했다. 최근 한달간 백금T&amp;A의 상장주식수 대비 거래량을 비교해보니 일별 매매회전율이 2.26%로 집계됐다.  동기간 일평균 주가변동률은 8.34%로 장중 저점과 고점의 차이가 매우 컸음을 알 수 있다.  그리고 최근 5일간 거래비중은 개인 비중이 91.28%로 가장 높았고, 외국인이 7.63%로 그 뒤를 이었다.  기관은 1.07%를 나타냈다.     [차트신호]     최근 주가변화를 기준으로 살펴보면 현주가는 약세패턴은 지속되고 있고,거래량 지표로 볼 때는 수급상황이 현격히 위축되고 있다.투자심리도를 분석해보면 주가흐름과 같이 투자심리도 호전적이지 못하고 이동평균선들의 배열도를 분석을 해보면 단기, 중기, 장기 이동평균선이 역배열을 이루고 있는 전형적인 약세국면에 머물러 있다.     [업종내 종목흐름]     이 시각 현재 관련종목들도 일제히 하락하면서 통신장비업종은    2.18% 하락하고 있다. 디엠티 4,210원▼90(-2.09%) 기산텔레콤 2,885원▼115(-3.83%)  아이엠텍 2,365원▼100(-4.06%) 에치디프로 3,065원▼15(-0.49%)    [재무특징]     영업이익률 현재 5.65%로 업종평균 상회. PER은 13.44로 업종평균보다 높으며, PBR은 1.26임."
한국경제TV,046310,/news/news_read.nhn?article_id=0000671750&office_id=215&mode=search&query=백금T&amp;A&page=1,2018-08-14 09:51,"백금T&amp;A, 전일 대비 약 3% 상승한 3,280원","[한국경제TV 라이온봇 기자] [그림 1] 최근 3개월 간 주가 추세 및 기간별 수익률 백금T&A는 8월 14일 9시 50분 전일 대비 약 3% 상승한 3,280원에 거래되고 있다. 백금T&A는 코스닥 상장 기업으로 통신장비 업종에 속해 있다. 시가총액은 482억원으로 코스닥 상장기업 중 1,022위에 위치 해 있다. [종목 성향 진단] [그림 2] 종목 성향 진단 백금T&A의 투자 스타일은 가치주에 가깝다. 기업 가치 대비 낮은 주가가 매력적인 기업이다. 주가 모멘텀은 평범한 수준이었다. 최근 1개월 수익률이 0.3%, 3개월 수익률은 -5.55%, 6개월 수익률은 -31.35%를 기록했다. 백금T&A 종목에 대한 투자자의 관심도는 평범한 수준이었다. [투자 점수 진단] [그림 3] 투자 점수 진단 백금T&A는 어느 측면에서 투자 매력도가 높은 종목일까? AI 인공지능 종목 분석 시스템을 이용해 성장성, 수익성, 효율성, 안전성, 저평가성, 추세 등 주가 수익률에 영향을 줄 수 있는 6가지 핵심 투자 지표를 점수화하여 종목의 투자 매력도를 계산해보았다. 그 결과 백금T&A는 상대적으로 수익성 측면에서 두각을 드러내고 있었다. 수익성 점수는 기업이 가진 자산과 자본을 활용하여 얼마나 이익을 실현했는지를 나타낸다. 백금T&A는 특히 ROE 측면에서 가장 높은 점수는 기록했는데, 전체 시장 내 64위를 기록하며 상위 3.16%에 위치했다. 업종별로는 27위를 기록하며 상위 4.44%에 위치했다. 그러나 주가 상승 모멘텀을 나타내는 추세 측면에서는 아쉬움을 나타냈다. (위의 AI인공지능 점수는 재무 데이터를 기반으로 전체 상장 종목과 비교/분석하여 도출한 점수로 높은 점수가 반드시 높은 수익률을 보장하지 않습니다. 위의 자료는 당사의 추천 종목이 아니며, 투자 시 참고용으로 제시해드리는 것입니다. 핵심투자지표를 결합해 종목의 투자매력도를 종합 계산한 ""인공지능 투자점수""는 ""거장들의 투자공식"" 앱에서 확인하실 수 있습니다.) 라이온봇 기자 -한국경제TV※ 본 기사는 한국경제TV와 '거장들의 투자공식이'자체 개발한 '라이온봇 기자'가 실시간으로 작성한 기사입니다. 라이온봇기자"
연합뉴스,046310,/news/news_read.nhn?article_id=0009861178&office_id=001&mode=search&query=백금T&amp;A&page=1,2018-02-05 15:06,백금T&amp;A 작년 연결 영업익 58억원&hellip;흑자전환,"(서울=연합뉴스) 유현민 기자 = 코스닥 상장사인 백금T&A는 지난해 연결기준 영업이익이 58억원으로 전년 적자에서 흑자로 돌아섰다고 5일 공시했다. 매출액은 1천20억원으로 69.4% 늘었고, 당기순이익은 32억원으로 흑자 전환했다."
머니투데이,046310,/news/news_read.nhn?article_id=0004019087&office_id=008&mode=search&query=백금T&amp;A&page=1,2018-03-06 15:18,백금T&amp;A &quot;안희정과 사업적 관련성 없다&quot;,"[머니투데이 김태현 기자] 백금T&A는 주요 언론매체에 게시된 '안희정 테마주' 등 기사와 관련해 ""대표이사와 안희정 충남도지사는 고려대 동문이라는 점 외 구체적인 일면식은 없고 현재 사업적 관련성이 없다""고 6일 공시했다."
이데일리,046310,/news/news_read.nhn?article_id=0004109621&office_id=018&mode=search&query=백금T&amp;A&page=1,2018-05-24 13:47,"백금T&amp;A, 올해 매출 1274억 달성 예상","[이데일리 박형수 기자] 백금T&A(046310)는 올해 매출액 1274억원, 영업이익 90억원을 달성할 것으로 예상한다고 24일 공시했다."
이데일리,046310,/news/news_read.nhn?article_id=0004093848&office_id=018&mode=search&query=백금T&amp;A&page=1,2018-05-03 14:18,"백금T&amp;A, 올해 1분기 영업이익 17억원..전년比 315.6%&uarr;",[이데일리 오희나 기자] 백금T&A(046310)는 연결기준 올해 1분기 영업이익이 17억원으로 작년 같은 분기보다 315.6% 증가했다고 3일 공시했다. 같은 기간 매출액은 271억원으로 54.5% 늘었고 당기순이익은 32억원으로 전년 동기 대비 흑자 전환한 것으로 잠정 집계됐다.
한국경제TV,046310,/news/news_read.nhn?article_id=0000617136&office_id=215&mode=search&query=백금T&amp;A&page=1,2018-03-30 12:52,"백금T&amp;A, 전일 대비 약 5% 상승한 3,280원","[한국경제TV 라이온봇 기자] 백금T&A는 3월 30일 12시 51분 전일 대비 약 5% 상승한 3,280원에 거래되고 있다. 백금T&A는 코스닥 상장 기업으로 통신장비 업종에 속해 있다. 시가총액은 445억원으로 코스닥 상장기업 중 1,071위에 위치 해 있다. [종목 성향 진단] [그림 1] 종목 성향 진단 백금T&A의 투자 스타일은 가치주에 가깝다. 기업 가치 대비 낮은 주가가 매력적인 기업이다. 주가 모멘텀은 좋지 못했다. 최근 6개월 수익률은 -41.78%의 하락폭을 기록했다. 최근 1개월 수익률 또한 -41.45% 하락하며 부진한 모멘텀을 이어가고 있다. 백금T&A 종목에 대한 투자자의 관심도는 평범한 수준이었다. [투자 점수 진단] [그림 2] 투자 점수 진단 백금T&A는 성장성(매출증가율(YoY)) 측면에서 두각을 나타내고 있다. 최근 매출증가율(YoY)은 95점으로 6개의 핵심 팩터 중 가장 높은 점수를 기록했다. 매출증가율(YoY)은  전체 시장 내 76위를 기록하며 상위 4.73%에 위치했다. 업종별로는 27위를 기록하며 상위 5.94%에 위치했다. 그리고 저평가성1(PER) 역시 도드라지는 편이다. 저평가성1 점수는 89점으로 두번째로 높은 점수를 기록했다. PER은 전체 시장 내 174위를 기록하며 상위 11.49%에 위치했다. 업종별로는 48위를 기록하며 상위 11.75%에 위치했다. 그러나 부채비율과 PBR은  아쉬움을 나타냈다. [종합 투자점수] [그림 3] 종합 투자점수 AI 인공지능 분석을 통한 백금T&A의 종목 종합 스코어는 77점을 기록했다. 이는 동일 업종 평균점수인 56점과 시장 평균점수인 57점를 상회하는 수치였다. (위의 AI인공지능 점수는 재무 데이터를 기반으로 전체 상장 종목과 비교/분석하여 도출한 점수로 높은 점수가 반드시 높은 수익률을 보장하지 않습니다. 위의 자료는 당사의 추천 종목이 아니며, 투자 시 참고용으로 제시해드리는 것입니다.) 라이온봇 기자 -한국경제TV※ 본 기사는 한국경제TV와 '거장들의 투자공식이'자체 개발한 '라이온봇 기자'가 실시간으로 작성한 기사입니다. 라이온봇기자 ⓒ 한국경제TV, 무단 전재 및 재배포 금지 한국경제TV 관련뉴스해당 언론사에서 선정하며 언론사 페이지(아웃링크)로 이동해 볼 수 있습니다.""자연미인"" 셋째 출산에도 여전히 아름다운 '리설주'신혼여행 살해 ""보험금 1억 때문에…""오연서, 서태지 부인 이은성 고아라 미모 대결 승자가…바다 남편, 9살 연하 아니다? ""민망함 때문에…""'재벌 3세' 정용진·정지선은 SNS를 어떻게 이용할까?"
한국경제TV,046310,/news/news_read.nhn?article_id=0000642360&office_id=215&mode=search&query=백금T&amp;A&page=1,2018-06-05 09:51,"백금T&amp;A, 전일 대비 약 -6% 하락한 4,190원","[한국경제TV 라이온봇 기자] 백금T&A는 6월 5일 9시 50분 전일 대비 약 -6% 하락한 4,190원에 거래되고 있다. 백금T&A는 코스닥 상장 기업으로 통신장비 업종에 속해 있다. 시가총액은 636억원으로 코스닥 상장기업 중 938위에 위치 해 있다. [종목 성향 진단] [그림 1] 종목 성향 진단 백금T&A의 투자 스타일은 가치주에 가깝다. 기업 가치 대비 낮은 주가가 매력적인 기업이다. 주가 모멘텀은 좋은 편에 속했다. 최근 1개월 수익률은 22.46%의 상승폭을 기록했다. 백금T&A 종목에 대한 투자자의 관심도는 굉장히 높은 편이다. [투자 점수 진단] [그림 2] 투자 점수 진단 백금T&A는 효율성(ROA) 측면에서 두각을 나타내고 있다. 최근 ROA는 95점으로 6개의 핵심 팩터 중 가장 높은 점수를 기록했다. ROA는  전체 시장 내 90위를 기록하며 상위 4.56%에 위치했다. 업종별로는 42위를 기록하며 상위 7.17%에 위치했다. 그리고 저평가성1(PER) 역시 도드라지는 편이다. 저평가성1 점수는 94점으로 두번째로 높은 점수를 기록했다. PER은 전체 시장 내 117위를 기록하며 상위 6.23%에 위치했다. 업종별로는 23위를 기록하며 상위 4.18%에 위치했다. 그러나 부채비율과 PBR은  아쉬움을 나타냈다. [종합 투자점수] [그림 3] 종합 투자점수 AI 인공지능 분석을 통한 백금T&A의 종목 종합 스코어는 61점을 기록했다. 이는 동일 업종 평균점수인 52점과 시장 평균점수인 52점를 상회하는 수치였다. (위의 AI인공지능 점수는 재무 데이터를 기반으로 전체 상장 종목과 비교/분석하여 도출한 점수로 높은 점수가 반드시 높은 수익률을 보장하지 않습니다. 위의 자료는 당사의 추천 종목이 아니며, 투자 시 참고용으로 제시해드리는 것입니다.) 라이온봇 기자 -한국경제TV※ 본 기사는 한국경제TV와 '거장들의 투자공식이'자체 개발한 '라이온봇 기자'가 실시간으로 작성한 기사입니다. 라이온봇기자 ⓒ 한국경제TV, 무단 전재 및 재배포 금지 한국경제TV 관련뉴스해당 언론사에서 선정하며 언론사 페이지(아웃링크)로 이동해 볼 수 있습니다.유인나 청순 뒤 반전…다이어트 비결?'골프' 이젠 대중 스포츠?…국민 57% ""사치스럽지 않다""기성용♥한혜진 딸 공개…보스니아 경기서 '센추리클럽' 가입 축하'상의 탈의 시위' 불꽃페미액션 어떤 단체? 옷 벗고 길거리로 나선 까닭[깡통전세 공포확산①] ""믿었던 강남마저""…커지는 깡통전세 우려"
파이낸셜뉴스,046310,/news/news_read.nhn?article_id=0003808637&office_id=014&mode=search&query=백금T&amp;A&page=1,2017-04-27 14:05,[fnRASSI]백금T&amp;A(046310) 5.29% 상승,"현재 백금T&A(046310)는 전일대비 5.29% 상승하여 2,985원 선에서 거래가 이루어지고 있다. 외국인 보유량 증가, 기관 변화 없음 (5일 누적) 최근 5일간 동종목의 외국인 투자자는 98,704주 순매수하였고 마찬가지로 기관은 0주 순매수하였다. 전날 외국인은 18,512주 순매수했지만 기관은 순매수량이 0으로 보유비율 그대로 유지했다. 다음 표는 동종목의 외국인, 기관의 일별 순매수량을 나타낸 것이다. 외국인/기관 순매수, 개인은 순매도(한달누적)  4월25일부터 전일까지 외국인이 2거래일 연속 순매수를 보였다. 4주간을 기준으로 보면 외국인이 초반에 동종목을 순매수한 이후에 기세를 이어가며 524,501주를 순매수했고, 기관도 방향성있는 매매를 하면서 42,776주를 순매수했다. 반면 개인들은 매도쪽으로 방향을 잡으면서 567,277주를 순매도한 것으로 나타났다. 'fnRASSI'는 증권전문 기업 씽크풀과 파이낸셜뉴스의 협업으로 로봇기자가 실시간으로 생산하는 기사입니다."
헤럴드경제,046310,/news/news_read.nhn?article_id=0001388950&office_id=016&mode=search&query=백금T&amp;A&page=1,2018-05-03 14:13,"[생생코스닥]백금T&amp;A, 1분기 영업익 17.3억&hellip;전년비 315.6%&uarr;",[헤럴드경제=증권팀] 백금T&A는 1분기 연결기준 영업이익이 17억3500만원으로 전년동기대비315.6%증가했다고 3일 공시했다. 같은 기간 매출액은 270억6500만원으로 54.5% 늘어난 것으로 나타났다. 당기순이익은 32억1400만원으로 흑자전환했다.
한국경제TV,046310,/news/news_read.nhn?article_id=0000635885&office_id=215&mode=search&query=백금T&amp;A&page=1,2018-05-18 10:50,"백금T&amp;A, 전일 대비 약 5% 상승한 3,650원","[한국경제TV 라이온봇 기자] 백금T&A는 5월 18일 10시 49분 전일 대비 약 5% 상승한 3,650원에 거래되고 있다. 백금T&A는 코스닥 상장 기업으로 통신장비 업종에 속해 있다. 시가총액은 497억원으로 코스닥 상장기업 중 1,052위에 위치 해 있다. [종목 성향 진단] [그림 1] 종목 성향 진단 백금T&A의 투자 스타일은 가치주에 가깝다. 기업 가치 대비 낮은 주가가 매력적인 기업이다. 주가 모멘텀은 평범한 수준이었다. 최근 1개월 수익률이 5.14%, 3개월 수익률은 -29.51%, 6개월 수익률은 -39.46%를 기록했다. 백금T&A 종목에 대한 투자자의 관심도는 평범한 수준이었다. [투자 점수 진단] [그림 2] 투자 점수 진단 백금T&A는 저평가성1(PER) 측면에서 두각을 나타내고 있다. 최근 PER은 99점으로 6개의 핵심 팩터 중 가장 높은 점수를 기록했다. PER은  전체 시장 내 6위를 기록하며 상위 1.35%에 위치했다. 업종별로는 4위를 기록하며 상위 3.19%에 위치했다. 그리고 성장성(매출증가율(YoY)) 역시 도드라지는 편이다. 성장성 점수는 94점으로 두번째로 높은 점수를 기록했다. 매출증가율(YoY)은 전체 시장 내 22위를 기록하며 상위 5.69%에 위치했다. 업종별로는 10위를 기록하며 상위 9.09%에 위치했다. 그러나 부채비율과 PBR은  아쉬움을 나타냈다. [종합 투자점수] [그림 3] 종합 투자점수 AI 인공지능 분석을 통한 백금T&A의 종목 종합 스코어는 70점을 기록했다. 이는 동일 업종 평균점수인 59점과 시장 평균점수인 59점를 상회하는 수치였다. (위의 AI인공지능 점수는 재무 데이터를 기반으로 전체 상장 종목과 비교/분석하여 도출한 점수로 높은 점수가 반드시 높은 수익률을 보장하지 않습니다. 위의 자료는 당사의 추천 종목이 아니며, 투자 시 참고용으로 제시해드리는 것입니다.) 라이온봇 기자 -한국경제TV※ 본 기사는 한국경제TV와 '거장들의 투자공식이'자체 개발한 '라이온봇 기자'가 실시간으로 작성한 기사입니다. 라이온봇기자 ⓒ 한국경제TV, 무단 전재 및 재배포 금지 한국경제TV 관련뉴스해당 언론사에서 선정하며 언론사 페이지(아웃링크)로 이동해 볼 수 있습니다.문가비 월드비키니대회 우승자 이력 '둔갑'""몸이 허락할 때까지 낳겠다"" 장윤정 둘째 임신정려원 고백, '불같았던' 열애 상대 누구?엄지원 남편, 엄친아에 빌딩 부자…엄지원 부친은 '더 대박'홍수아 올 망사?…'이쯤되면 대륙여신'"
뉴시스,046310,/news/news_read.nhn?article_id=0007406206&office_id=003&mode=search&query=백금T&amp;A&page=1,2016-08-12 17:24,"백금T&amp;A, 100억 규모 유상증자 결정",【서울=뉴시스】김주아 기자 = 무선 통신장비 제조업체 백금T&A(046310)는 99억6237만원 규모의 운영자금 조달을 위해 보통주 286만2750주를 유상증자하기로 결정했다고 12일 공시했다. 증자방식은 주주배정후 실권주 일반공모다. 1주당 신주배정주식수는 0.25주다. 구주주의 청약예정일은 오는 10월13일부터 10월14일까지다. 납입일은 10월20일이다.
한국경제,046310,/news/news_read.nhn?article_id=0003902705&office_id=015&mode=search&query=백금T&amp;A&page=1,2018-03-06 15:13,"백금T&amp;A &quot;당사 대표이사, 안희정과 구체적 일면식 없어&quot;&hellip;해명 공시","백금T&A는 6일 주요 언론매체에 '안희정 테마주'로 보도된 것과 관련해 ""당사의 대표이사와 안희정 충청남도 지사는 고려대 동문이라는 점 외에 구체적인 일면식이 없을 뿐더러 당사의 현재 사업적 관련성이 없다""고 해명 공시했다."
이데일리,046310,/news/news_read.nhn?article_id=0003609570&office_id=018&mode=search&query=백금T&amp;A&page=1,2016-08-16 09:28,"[특징주]백금T&amp;A, 100억 규모 주주배정 유증&hellip;하락",[이데일리 이명철 기자] 백금T&A(046310)가 주주배정 방식으로 100억원 규모의 유상증자를 결정했다는 소식에 하락세다. 16일 오전 9시26분 현재 백금T&A 주가는전거래일대비 13.01% 떨어진 4280원을 기록 중이다. 유상증자 신주가 대거 발행 시 주가 희석에 대한 부담감이 매도세로 나타나는 양상이다. 회사는 전거래일인 지난 12일 장을 마친 후 운영자금 조달을 위해 주주배정 후 실권주 일반공모 방식으로 99억6237만원 규모 유상증자를 결정했다고 공시했다. 주당 예정발행가는 3480원으로 현재 주가보다 크게 할인된 수준이다. 발행신주는 286만2750주다. 구주주 대상 청약 예정일은 오는 10월13~14일이다.
파이낸셜뉴스,046310,/news/news_read.nhn?article_id=0003747489&office_id=014&mode=search&query=백금T&amp;A&page=1,2016-12-13 10:30,[fnRASSI]백금T&amp;A 전일대비 5.11% 상승,"백금T&amp;A(046310)는 현재 주가가 전일 대비 5.11% 상승한 5,040원 선에서 거래가 이루어지고 있다.  외국인 보유량 증가, 기관 변화 없음 (5일 누적)최근 5일간 동종목의 외국인 투자자는 29,954주 매수하였고 마찬가지로 기관은 0주 매수하였다. 전날 외국인은 18,418주 매수했지만 기관은 순매수량이 0으로 보유비율 그대로 유지했다.다음 표는 동종목의 외국인, 기관의 일별 순매수량을 나타낸 것이다.  
 





 




       지표 
     


       항목 
     


       값 
     


       종합점수 
     




       성장성 
     


       매출액증가율 
     


       -0.39 
     


       1.26 
     




       자기자본증가율 
     


       -0.12 
     




       안정성 
     


       부채비율 
     


       148.36 
     


       5.28 
     




       유동비율 
     


       102.27 
     




       이익안정성 
     


       6.67 
     




       수익성 
     


       ROA 
     


       -0.18 
     


       2.92 
     




       ROE 
     


       -0.46 
     




       영업이익율 
     


       1.04 
     


 백금T&amp;A의 퀀트 재무 점수는 9.46점으로 지난 분기에 비해 성장성 점수가 하락했다. 이는 매출액 증가율이 감소하였기 때문이다. 안정성 종합 점수는 부채비율 증가, 유동비율 감소로 하락했다. 수익성 측면에서 볼때 ROA, ROE, 영업이익률 모두 하락하여 이전보다 낮은 점수를 받았다.  'fnRASSI'는 증권전문 기업 씽크풀과 파이낸셜뉴스의 협업으로 로봇기자가 실시간으로 생산하는 기사입니다."
파이낸셜뉴스,046310,/news/news_read.nhn?article_id=0003772078&office_id=014&mode=search&query=백금T&amp;A&page=1,2017-02-06 09:39,"[fnRASSI]백금T&amp;A, 52주 신고가...0.13% &uarr;","백금T&A(046310)은 52주신고가를 기록하고 있어 주목할만하다. 동종목의 현재 주가는 7,750원 선에서 이루어지고 있다. 거래일을 기준으로 최근 3일간 평균 거래량은 577만 주이다. 이는 60일 일 평균 거래량 69만 주와 비교해보면 최근 거래량이 급격히 늘어났다는 것을 알 수 있다. 거래참여는 개인투자자가 가장 활발 최근 한달간 주체별 거래비중을 살펴보면 개인이 전체 거래의 97.96%를 차지하며 가장 적극적인 모습을 보여줬고, 외국인은 1.99%를 나타냈으며 기관은 0.03%를 나타냈다. 그리고 최근 5일간 거래비중은 개인이 전체 거래의 98.11%를 차지하며 가장 적극적인 모습을 보여줬고, 외국인은 1.83%를 나타냈으며 기관은 0.04%를 나타냈다. 외국인, 기관 모두 보유량 감소 (5일 누적) 최근 5일간 동종목의 외국인 투자자는 111,207주 매도하였고 마찬가지로 기관은 196주 매도하였다. 전날 두 주체 각각 12,764주, 196주 순매도하며 보유 비율을 줄였다. 다음 표는 동종목의 외국인, 기관의 일별 순매수량을 나타낸 것이다.   'fnRASSI'는 증권전문 기업 씽크풀과 파이낸셜뉴스의 협업으로 로봇기자가 실시간으로 생산하는 기사입니다."
한국경제,046310,/news/news_read.nhn?article_id=0003942308&office_id=015&mode=search&query=백금T&amp;A&page=1,2018-05-18 12:30,"[백금T&amp;A] 5% 이상 상승, 전일 외국인 대량 순매수","18일 오후 12시 27분 현재 백금T&A은 전 거래일보다 6.33% 오른 3,695원에 거래되고 있다. 주가의 흐름을 살펴보면 3,490원으로 개장해서 장중 한때 3,450원(-0.72%)까지 소폭 밀렸다가 다시 3,700원(+6.47%)까지 상승 반전한 후, 현재는 3,695원(+6.33%)에서 머물면서 장중에 많이 상승한 모습이다. ◆ 주체별 매매동향 - 전일 외국인 대량 순매수 지난 한달을 기준으로 보면 외국인이 6,992주를 순매수했고, 기관도 4.0만주를 순매수했다. 반면 개인들은 4.7만주를 순매도한 것으로 나타났다. 같은 기간 이 종목의 거래비중은 외국인과 개인이 각각 15.5%, 84.3%로 비중이 높다. 더욱이 전일 외국인이 대량 순매수를 하고 있어 투자자들의 관심이 집중되고 있다. [표]백금T&amp;A 외국인/기관 매매동향 한경로보뉴스 이 기사는 한국경제신문과 씽크풀이 공동 개발한 기사 자동생성 알고리즘에 의해 실시간으로 작성된 것입니다.  - 기사관련문의 02-3277-9940 ["
아시아경제,046310,/news/news_read.nhn?article_id=0003959662&office_id=277&mode=search&query=백금T&amp;A&page=1,2017-03-23 17:32,"백금T&amp;A, 주가급락 관련 조회공시 요구",[아시아경제 이설 수습기자] 한국거래소 코스닥시장본부는 23일 백금T&A에 현저한 시황변동(주가급락)에 대한 조회공시를 요구했다. 답변시한은 24일 오후 6시까지다.
서울경제,046310,/news/news_read.nhn?article_id=0003300584&office_id=011&mode=search&query=백금T&amp;A&page=1,2018-05-18 12:45,"&lt;코&gt;백금T&amp;A, 전일 대비 7.63% 상승.. 일일회전율은 8.86% 기록","[서울경제] 백금T&amp;A(046310) 는 18일 오후 12시 44분 현재 7.63% 오른 3,740원에 거래되고 있으며, 32(매도):68(매수)의 매수우위를 기록하고 있다. 거래대금은 46억53만, 거래량은 126만8,302주로 거래량회전율은 8.86%로 나타났다. 지난 1개월간 백금T&A는 상승 15회, 하락 12회를 기록했고, 주가수익률은 17.06% 표준편차는 2.00%를 기록했다. 이 기간 ' 통신장비업 ' 업종 평균 주가수익률은 0.09%로 나타났으며, 변동성은 1.50%를 기록했다. 이 시각 현재 ' 통신장비업 '은 1.57% 상승 중이며, 53(매도):47(매수)의 매도우위를 기록하고 있다."
한국경제,046310,/news/news_read.nhn?article_id=0003933135&office_id=015&mode=search&query=백금T&amp;A&page=1,2018-05-03 14:10,"백금T&amp;A, 1Q 영업익 17억원&hellip;전년比 315%&uarr;",백금T&A는 연결기준 올해 1분기 영업이익이 17억원으로 작년 같은 분기보다 315.6% 증가했다고 3일 공시했다. 매출액은 271억원으로 54.5% 늘었고 당기순이익은 32억원으로 전년 동기 대비 흑자 전환한 것으로 잠정 집계됐다. 최수진 한경닷컴 기자
연합뉴스,046310,/news/news_read.nhn?article_id=0008609320&office_id=001&mode=search&query=백금T&amp;A&page=1,2016-08-12 17:06,"백금T&amp;A, 100억원 규모 유상증자 결정","(서울=연합뉴스) 성서호 기자 = 방송 및 무선 통신장비 제조업체 백금T&A는 운영자금 마련을 위해 99억6천만원 규모의 유상증자를 결정했다고 12일 공시했다. 증자 방식은 주주배정 후 실권주 일반공모다. 새롭게 발행되는 주식은 286만2천750주, 발행가액은 3천480원이다."
파이낸셜뉴스,046310,/news/news_read.nhn?article_id=0003836350&office_id=014&mode=search&query=백금T&amp;A&page=1,2017-06-29 15:21,[fnRASSI]백금T&amp;A(046310) 9.11% 상승,"현재 백금T&A(046310)는 전일대비 9.11% 상승하여 3,175원 선에서 거래가 이루어지고 있다. 개인투자자의 매매가 가장 활발 최근 한달간 주체별 거래비중을 살펴보면 개인이 90.52%, 외국인이 9.44%, 기관은 0.02%를 기록한 것으로 나타났다. 그리고 최근 5일간 거래비중은 개인이 전체 거래량의 90.07%를 차지하며 가장 활발한 참여를 보였고, 외국인은 9.82%, 기관은 0.1%의 거래 참여율을 보였다. 외국인 보유량 증가, 기관 감소 (5일 누적) 최근 5일간 동종목의 외국인 투자자는 34,307주 순매수하였고 반면 기관은 0주 순매도하였다. 전날 외국인은 50,120주 순매수했지만 기관은 순매수량이 0으로 보유비율 그대로 유지했다. 다음 표는 동종목의 외국인, 기관의 일별 순매수량을 나타낸 것이다. 'fnRASSI'는 증권전문 기업 씽크풀과 파이낸셜뉴스의 협업으로 로봇기자가 실시간으로 생산하는 기사입니다."
한국경제TV,046310,/news/news_read.nhn?article_id=0000648686&office_id=215&mode=search&query=백금T&amp;A&page=1,2018-06-15 12:55,"백금T&amp;A, 전일 대비 약 4% 상승한 3,885원","[한국경제TV 라이온봇 기자] 백금T&A는 6월 15일 12시 54분 전일 대비 약 4% 상승한 3,885원에 거래되고 있다. 백금T&A는 코스닥 상장 기업으로 통신장비 업종에 속해 있다. 시가총액은 542억원으로 코스닥 상장기업 중 1,013위에 위치 해 있다. [종목 성향 진단] [그림 1] 종목 성향 진단 백금T&A의 투자 스타일은 가치주에 가깝다. 기업 가치 대비 낮은 주가가 매력적인 기업이다. 주가 모멘텀은 평범한 수준이었다. 최근 1개월 수익률이 6.11%, 3개월 수익률은 8.1%, 6개월 수익률은 -42.54%를 기록했다. 백금T&A 종목에 대한 투자자의 관심도는 높은 편에 속한다. [투자 점수 진단] [그림 2] 투자 점수 진단 백금T&A는 저평가성1(PER) 측면에서 두각을 나타내고 있다. 최근 PER은 96점으로 6개의 핵심 팩터 중 가장 높은 점수를 기록했다. PER은  전체 시장 내 85위를 기록하며 상위 4.5%에 위치했다. 업종별로는 15위를 기록하며 상위 2.64%에 위치했다. 그리고 효율성(ROA) 역시 도드라지는 편이다. 효율성 점수는 95점으로 두번째로 높은 점수를 기록했다. ROA는 전체 시장 내 90위를 기록하며 상위 4.55%에 위치했다. 업종별로는 42위를 기록하며 상위 7.13%에 위치했다. 그러나 부채비율과 PBR은  아쉬움을 나타냈다. [종합 투자점수] [그림 3] 종합 투자점수 AI 인공지능 분석을 통한 백금T&A의 종목 종합 스코어는 56점을 기록했다. 이는 동일 업종 평균점수인 50점과 시장 평균점수인 50점를 상회하는 수치였다. (위의 AI인공지능 점수는 재무 데이터를 기반으로 전체 상장 종목과 비교/분석하여 도출한 점수로 높은 점수가 반드시 높은 수익률을 보장하지 않습니다. 위의 자료는 당사의 추천 종목이 아니며, 투자 시 참고용으로 제시해드리는 것입니다.) 라이온봇 기자 -한국경제TV※ 본 기사는 한국경제TV와 '거장들의 투자공식이'자체 개발한 '라이온봇 기자'가 실시간으로 작성한 기사입니다. 라이온봇기자 ⓒ 한국경제TV, 무단 전재 및 재배포 금지 한국경제TV 관련뉴스해당 언론사에서 선정하며 언론사 페이지(아웃링크)로 이동해 볼 수 있습니다.'키높이구두' 김정은 위원장…족저근막염 주의하세요공무원들, 대한항공 안 탄다…40년 된 GTR 뭘까바이오株가 남북경협주?...'네이처셀 쇼크' 넘는다장윤정 엄마, '4억원 사기 혐의'로 구속멸종위기 백운산 반달가슴곰, 숨진 채 발견…'올무'에 걸렸다"
뉴시스,046310,/news/news_read.nhn?article_id=0008578359&office_id=003&mode=search&query=백금T&amp;A&page=1,2018-05-03 15:24,"백금T&amp;A, 1분기 영업이익 17억원...전년比 315.6% &uarr;",【서울=뉴시스】이진영 기자 = 백금T&A(046310)은 연결 재무제표 기준 올해 1분기 영업이익이 17억원으로 전년 동기에 비해 315.6% 증가했다고 3일 공시했다. 같은 기간 매출은 271억원으로 54.5% 늘었다. 순이익은 32억원으로 흑자로 바뀌었다.
이데일리,046310,/news/news_read.nhn?article_id=0004049969&office_id=018&mode=search&query=백금T&amp;A&page=1,2018-03-06 15:05,백금T&amp;A &ldquo;안희정과 사업적 관련성 없어&rdquo;,[이데일리 이명철 기자] 백금T&A(046310)는 주요 언론매체에 게시된 ‘안희정 테마주’ 등 기사와 관련해 대표이사와 안희정 충남도지사는 고려대 동문이라는 점 외 구체적인 일면식은 없고 현재 사업적 관련성이 없다고 6일 공시했다. 이에 따라 해당 보도와 관련해 주가와 거래량에 영향을 미칠 수 있는 사실 역시 없다고 밝혔다.
뉴시스,046310,/news/news_read.nhn?article_id=0007414398&office_id=003&mode=search&query=백금T&amp;A&page=1,2016-08-17 14:49,"백금T&amp;A, 9월5일~7일 주주명부 폐쇄",【서울=뉴시스】최예린 기자 = 방송·무선 통신장비 제조업체 백금T&A(046310)는 유상증자(주주배정 후 실권주 일반공모)에 따른 권리주주확정을 사유로 오는 9월5일부터 7일까지 주주명부를 폐쇄한다고 17일 공시했다.
한국경제TV,046310,/news/news_read.nhn?article_id=0000641797&office_id=215&mode=search&query=백금T&amp;A&page=1,2018-06-04 09:53,"백금T&amp;A, 전일 대비 약 5% 상승한 4,195원","[한국경제TV 라이온봇 기자] 백금T&A는 6월 4일 9시 52분 전일 대비 약 5% 상승한 4,195원에 거래되고 있다. 백금T&A는 코스닥 상장 기업으로 통신장비 업종에 속해 있다. 시가총액은 569억원으로 코스닥 상장기업 중 996위에 위치 해 있다. [종목 성향 진단] [그림 1] 종목 성향 진단 백금T&A의 투자 스타일은 가치주에 가깝다. 기업 가치 대비 낮은 주가가 매력적인 기업이다. 주가 모멘텀은 좋은 편에 속했다. 최근 1개월 수익률은 22.46%의 상승폭을 기록했다. 백금T&A 종목에 대한 투자자의 관심도는 높은 편에 속한다. [투자 점수 진단] [그림 2] 투자 점수 진단 백금T&A는 효율성(ROA) 측면에서 두각을 나타내고 있다. 최근 ROA는 95점으로 6개의 핵심 팩터 중 가장 높은 점수를 기록했다. ROA는  전체 시장 내 90위를 기록하며 상위 4.56%에 위치했다. 업종별로는 42위를 기록하며 상위 7.18%에 위치했다. 그리고 저평가성1(PER) 역시 도드라지는 편이다. 저평가성1 점수는 95점으로 또한 가장 높은 점수를 기록했다. PER은 전체 시장 내 94위를 기록하며 상위 5%에 위치했다. 업종별로는 17위를 기록하며 상위 2.96%에 위치했다. 그러나 부채비율과 PBR은  아쉬움을 나타냈다. [종합 투자점수] [그림 3] 종합 투자점수 AI 인공지능 분석을 통한 백금T&A의 종목 종합 스코어는 65점을 기록했다. 이는 동일 업종 평균점수인 56점과 시장 평균점수인 56점를 상회하는 수치였다. (위의 AI인공지능 점수는 재무 데이터를 기반으로 전체 상장 종목과 비교/분석하여 도출한 점수로 높은 점수가 반드시 높은 수익률을 보장하지 않습니다. 위의 자료는 당사의 추천 종목이 아니며, 투자 시 참고용으로 제시해드리는 것입니다.) 라이온봇 기자 -한국경제TV※ 본 기사는 한국경제TV와 '거장들의 투자공식이'자체 개발한 '라이온봇 기자'가 실시간으로 작성한 기사입니다. 라이온봇기자 ⓒ 한국경제TV, 무단 전재 및 재배포 금지 한국경제TV 관련뉴스해당 언론사에서 선정하며 언론사 페이지(아웃링크)로 이동해 볼 수 있습니다.기성용♥한혜진 딸 공개…보스니아 경기서 '센추리클럽' 가입 축하'골프' 이젠 대중 스포츠?…국민 57% ""사치스럽지 않다""""다방커피·자장면 다 돼요""…당뇨 환자에게 '먹는 즐거움'을 주다'상의 탈의 시위' 불꽃페미액션 어떤 단체? 옷 벗고 길거리로 나선 까닭[깡통전세 공포확산①] ""믿었던 강남마저""…커지는 깡통전세 우려"
서울경제,046310,/news/news_read.nhn?article_id=0003311225&office_id=011&mode=search&query=백금T&amp;A&page=1,2018-05-31 12:28,"&lt;코&gt;백금T&amp;A, 전일 대비 7.22% 상승.. 일일회전율은 5.74% 기록","[서울경제] 백금T&amp;A(046310) 는 31일 오후 12시 27분 현재 7.22% 오른 3,860원에 거래되고 있으며, 24(매도):76(매수)의 매수우위를 기록하고 있다. 거래대금은 30억6,799만, 거래량은 82만1,148주로 거래량회전율은 5.74%로 나타났다. 지난 1개월간 백금T&A는 상승 15회, 하락 12회를 기록했고, 주가수익률은 16.79% 표준편차는 2.23%를 기록했다. 이 기간 ' 통신장비업 ' 업종 평균 주가수익률은 -6.51%로 나타났으며, 변동성은 1.51%를 기록했다. 이 시각 현재 ' 통신장비업 '은 0.04% 상승 중이며, 46(매도):54(매수)의 매수우위를 기록하고 있다."
전자신문,046310,/news/news_read.nhn?article_id=0002704871&office_id=030&mode=search&query=백금T&amp;A&page=1,2018-05-03 13:19,"[ET투자뉴스]백금T&amp;A, 18년1분기 실적 발표",05월 03일 백금T&amp;A(046310)의 2018년 1분기 연결 잠정 실적이 발표됐다. 전년 동기 대비해서 매출액은 54.5% 상승하여 271억원을 기록했다. 영업이익은 315.6% 증가하여 17.4억원을 달성했다. 당기순이익은 -8.7억원에서32.1억원으로 흑자전환되었다.이번분기 기준으로 추정되는 백금T&amp;A의 자기자본이익률(ROE)은 33.4%로 나타났다. ROE는 최근 6분기 이상 꾸준히 상승해왔다. 전년 동기인 2017년 1분기 ROE는 -11.6%로 이번 분기에 45%p 상승했다. 한편 동종목의영업이익률은 6.4%이다. 최근 5분기 이상 꾸준히 상승하다가 이번 분기에 하락했다. 지난해 동기 영업이익률은 2.4%로 이번 1분기가 4%p 상승했다.주가가 1주당 수익의 몇배가 되는지 나타내는 주가수익비율(PER)은 16.9배로 나타났다. 직전분기 PER은 53.54배로 이번 분기에 하락했다.주가가 1주당 순자산의 몇배인지 알려주는 주가순자산비율인 PBR은 1.42배이다. 지난해 동기 PBR은 1.4배로 이번 분기와 비슷한 수치이다.다음은 백금T&amp;A와 동일 업종 내 비교 그룹 종목의 각각 최근 실적의 전년 동기 대비 성장률이다. 백금T&amp;A의 매출액 증감율은 타 종목 대비 가장 우수한 편이다. 그리고 주가는 가장 높은 상승률을 보였다.
전자신문,046310,/news/news_read.nhn?article_id=0002610424&office_id=030&mode=search&query=백금T&amp;A&page=1,2017-05-19 16:09,"[ET투자뉴스][백금T&amp;A 지분 변동] 현대자산운용(주)5.97%p 증가, 5.9...","백금T&amp;A(046310)는 19일 주주 현대자산운용(주)의 보유주식이 증가되었다고 발표했다. 이는 직전 보고일보다 909,421주 증가하여 지분율은 5.97%로 상승했다. 이번 보고 사유는 5%이상신규로  알려졌다.   최대주주와 특수관계자의 지분 변동은 주가에 영향을 주는 요인이다. 특히 보유비율을 지속적으로 늘리거나 줄일 경우, 해당종목 투자시 유의할 필요가 있다.  다음은 백금T&amp;A의 지분 변동 내역과 보유 내역이다."
머니투데이,046310,/news/news_read.nhn?article_id=0003873429&office_id=008&mode=search&query=백금T&amp;A&page=1,2017-05-16 16:28,"백금T&amp;A, 70억원 상당 CB 발행 결정","[머니투데이 김성은 기자] 백금T&A는 운영자금 마련을 위해 70억원 상당의 사모 전환사채(CB) 발행을 결정했다고 16일 공시했다. 표면이자율은 0%, 만기이자율은 1%이고 사채만기일은 2022년 5월18일이다. 전환청구기간은 2018년 5월18일~2022년 4월18일까지다. textlinktopstart textlinktopend textlinkstart"
파이낸셜뉴스,046310,/news/news_read.nhn?article_id=0003788354&office_id=014&mode=search&query=백금T&amp;A&page=1,2017-03-13 10:54,[fnRASSI]백금T&amp;A(046310) 7.88% 상승,"현재 백금T&A(046310)는 전일대비 7.88% 상승하여 5,610원 선에서 거래가 이루어지고 있다. 기관/개인 순매수, 외국인은 순매도(한달누적)  3월8일부터 전일까지 외국인이 3거래일 연속 순매도했다. 4주간을 기준으로 보면 기관이 269주를 순매수했고, 개인들도 8,527주를 순매수했다. 반면 그 동안 외국인은 8,796주를 순매도했다.                   지표               항목               값               종합점수                 성장성               매출액증가율               -0.35               1.35                 자기자본증가율               -0.12                 안정성               부채비율               148.36               5.01                 유동비율               102.27                 이익안정성               6.11                 수익성               ROA               -3.53               1.56                 ROE               -8.76                 영업이익율               -3.59          백금T&A의 퀀트 재무 점수는 7.92점으로 지난 분기에 비해 성장성 점수가 상승했다. 이는 매출액 증가율이 증가하였기 때문이다. 실적 안정성이 악화되어 안정성 종합 점수는 하락했다. 수익성 측면에서 볼때 ROA, ROE, 영업이익률 모두 하락하여 이전보다 낮은 점수를 받았다. 'fnRASSI'는 증권전문 기업 씽크풀과 파이낸셜뉴스의 협업으로 로봇기자가 실시간으로 생산하는 기사입니다."
서울경제,046310,/news/news_read.nhn?article_id=0003236522&office_id=011&mode=search&query=백금T&amp;A&page=1,2018-03-06 09:05,"(코)백금T&amp;A, 하한가 진입.. -29.91% &darr;","[서울경제] 오전 9시 4분 현재 백금T&amp;A(046310) 가 -29.91% 내린 3,410원(▼-1,455)으로 장중 하한가에 진입했다. 거래대금은 1억5,264만, 거래량은 4만4,763주를 기록하고 있다. 백금T&A는 전일 하락(4,865원, ▼-465, -8.72%)한데 이어, 이틀 연속 약세를 이어가고 있다. 지난 1개월간 백금T&A는 상승 14회, 하락 15회를 기록했고, 주가수익률은 -38.56%였다. 이 기간 ' 통신장비업 ' 업종 평균 주가수익률은 -10.16%를 기록했다. 현재 ' 통신장비업 ' 총 54개 종목 중 하한가 종목은 1개, 하락 종목은 13개로, 일부 종목만이 하락세를 보이고 있다. ( 넥스트바이오홀딩스(051980) -5.70%, 파인디지털(038950) -1.93%, 파이오링크(170790) -1.66%)"
매일경제,046310,/news/news_read.nhn?article_id=0004158555&office_id=009&mode=search&query=백금T&amp;A&page=1,2018-05-28 17:27,"[중기, 세계로 날다] 美시장 장악한 백금T&amp;A &quot;이젠 러&middot;日 공략&quot;","경찰 차량속도측정기로 美서 20년간 점유율 1위임학규 대표 ""필리핀 공장 생산성 높여 매출 1천억 돌파"" ""레이더디텍터로 러시아와 일본을 공략할 겁니다. 올해 1000억원을 기록한 매출도 1270억원까지 늘 겁니다."" 정보통신기기 전문기업 백금T&A(대표 임학규·사진)가 미국 시장에서의 인지도를 바탕으로 신흥 시장인 러시아와 일본 공략에 나선다. 레이더디텍터는 차량에 설치해 경찰의 속도 측정기를 감지하는 장치다. 임학규 백금T&A 대표는 ""러시아와 일본은 디지털비디오레코더(DVR) 제품, DVR와 레이더디텍터를 결합한 '콤보' 제품 수요가 늘고 있다""며 ""신흥 시장을 중심으로 성장세를 이어 나갈 계획""이라고 밝혔다. 백금T&A는 세계에서 가장 큰 레이더디텍터 시장인 미국에서 20년 이상 시장 점유율 1위를 유지하고 있다. 2016년에는 미국 기업 코브라와 '에스코트' '벨' 제품을 7년간 독점 공급하는 계약을 체결하기도 했다. 백금T&A는 올해 매출 1274억원, 영업이익 90억원을 목표로 하고 있다. 백금T&A가 항상 승승장구했던 것은 아니다. 2012년 이후 미국 레이더디텍터 시장 정체와 해외 생산공장의 이전 비용 부담으로 어려움을 겪기도 했다. 연매출 900억원대를 꾸준히 유지해온 백금T&A는 2016년에 매출이 600억원대로 떨어지는 위기도 있었다. 임 대표는 ""중국 공장을 철수하고 새로 이전한 현재의 필리핀 생산기지를 빠르게 안정시켜 성장세를 회복했다""며 ""또한 미국 레이더디텍터 시장 점유율을 확대해 1년 만에 매출 1000억원을 회복했다""고 말했다. 임 대표는 빠른 경영 개선 비결로 연구개발(R&D) 역량 강화와 필리핀 공장 생산성 향상을 꼽았다. 임 대표는 ""R&D 인력 확대와 고도화로 필리핀 공장의 생산 수율을 끌어올리면서 품질을 향상시키고 낭비 요소를 제거했을 뿐만 아니라 수익성도 상승하고 있다""며 ""공장 가동률 또한 60% 수준에서 작년부터 90%대로 올라섰다""고 설명했다. 특히 레이더디텍터는 230여 개 부품을 직접 손으로 조립해야 하는 70여 가지 공정을 자동화 도입으로 10가지로 줄였고, 일부 부품은 모듈화했다. 그 결과 80% 안팎에 머물던 수율이 93%까지 상승했다. 임 대표는 필리핀 공장이 운영에 들어간 2014년 이후 1년 중 절반 이상을 현지에서 머물며 직접 진두지휘하고 있다. 이 같은 노력으로 품질, 납기, 가격 면에서 경쟁력 우위의 생산 거점을 탄탄하게 구축할 수 있게 됐다. 백금T&A는 실제로 지난해 미국 시장의 지속적인 호조와 함께 신규 시장 확대, 공장 생산성 제고 등 대내외 여건 개선으로 매출이 크게 늘었다. 특히 주력 제품인 레이더디텍터의 지난해 매출액은 3500만달러로 2016년 대비 3배가량 늘었다. 백금T&A의 또 다른 주력 생산 제품은 산업용 무전기다. 미국의 세계 1위 글로벌 업체인 모토롤라에 제조자개발생산(ODM) 방식으로 공급하고 있는 Alpha-L 모델과 BEACON 모델이 각각 누적 판매 200만대와 100만대를 돌파해 '밀리언셀러 제품'이 됐다. 두 효자 수출 품목인 레이더디텍터와 산업용 무전기의 수출 호조에 힘입어 백금T&A는 지난해 매출 1000억원을 돌파했다. 매출 1000억원 돌파의 자신감을 바탕으로 올해부터는 주력 제품을 축으로 블랙박스, 단속용 DVR, 콤보, 골프 관련 제품 등 사업 다각화로 도약의 날개를 달겠다는 전략이다. 작년을 기점으로 탄력을 받은 백금T&A는 지난 3월 예상 밖의 악재를 만났다. 성추문 파문을 일으킨 안희정 전 충남지사의 '테마주'로 지목돼 주가가 급락한 것. 임 대표는 ""안 전 지사와는 같은 대학을 나왔다는 점 외에는 일면식도 없다""고 부인했다. 백금T&A는 이 같은 돌발 악재에도 올해 1분기 경영 실적이 작년 동기 대비 큰 폭으로 늘었다. 환율 등 불리한 수출 여건에도 불구하고 달성한 수치란 점에서 의미가 크다. 2017년 1분기보다 매출액은 54% 증가한 271억원을, 영업이익은 315% 늘어난 17억원을, 순이익은 32억원 흑자를 기록했다. [군포 = 송민근 기자] r_start // r_end //"
아시아경제,046310,/news/news_read.nhn?article_id=0003994872&office_id=277&mode=search&query=백금T&amp;A&page=1,2017-05-16 16:44,"백금T&amp;A, 70억 전환사채 발행 결정","[아시아경제 박미주 기자]백금T&A는 운영자금 마련을 위해 70억원 규모의 제1회차 무기명식 이권부 무보증 무담보 사모 전환사채 발행을 결정했다고 16일 공시했다. 발행 대상자는 현대자산운용, 한국증권금융, 신한금융투자, 밸류시스템자산운용, 삼성증권, 미래에셋대우 등이다. 납입일은 오는 18일이다."
서울경제,046310,/news/news_read.nhn?article_id=0003257670&office_id=011&mode=search&query=백금T&amp;A&page=1,2018-03-30 11:35,"(코)백금T&amp;A, 전일 대비 7.38% 상승.. 일일회전율은 3.68% 기록","[서울경제] 백금T&amp;A(046310) 는 30일 오전 11시 34분 현재 7.38% 오른 3,345원에 거래되고 있으며, 40(매도):60(매수)의 매수우위를 기록하고 있다. 거래대금은 17억559만, 거래량은 52만6,921주로 거래량회전율은 3.68%로 나타났다. 지난 1개월간 백금T&A는 상승 12회, 하락 17회를 기록했고, 주가수익률은 -30.75% 표준편차는 5.57%를 기록했다. 이 기간 ' 통신장비업 ' 업종 평균 주가수익률은 3.33%로 나타났으며, 변동성은 2.08%를 기록했다. 이 시각 현재 ' 통신장비업 '은 0.43% 상승 중이며, 46(매도):54(매수)의 매수우위를 기록하고 있다."
아시아경제,046310,/news/news_read.nhn?article_id=0004191892&office_id=277&mode=search&query=백금T&amp;A&page=1,2018-03-06 16:46,백금T&amp;A &quot;안희정 테마주? 사업적 관련성 없다&quot;,"[아시아경제 조강욱 기자] 백금T&A는 주요 언론매체에 게시된 '안희정 테마주' 등 기사와 관련해 대표이사와 안희정 충남도지사가 고려대 동문이라는 점 외 구체적인 일면식은 없고 현재 사업적 관련성이 없다고 6일 공시했다. 이어 회사 측은 ""따라서 해당 보도와 관련해 주가와 거래량에 영향을 미칠 수 있는 사실 역시 없다""고 설명했다."
파이낸셜뉴스,046310,/news/news_read.nhn?article_id=0003753352&office_id=014&mode=search&query=백금T&amp;A&page=1,2016-12-26 13:24,[fnRASSI]백금T&amp;A(046310) 전일대비 6.01% 상승,"백금T&amp;A(046310)는 현재 주가가 전일 대비 6.01% 상승한 5,470원 선에서 거래가 이루어지고 있다.  
 





 




       지표 
     


       항목 
     


       값 
     


       종합점수 
     




       성장성 
     


       매출액증가율 
     


       -0.39 
     


       1.27 
     




       자기자본증가율 
     


       -0.12 
     




       안정성 
     


       부채비율 
     


       148.36 
     


       5.28 
     




       유동비율 
     


       102.27 
     




       이익안정성 
     


       6.67 
     




       수익성 
     


       ROA 
     


       -0.18 
     


       2.93 
     




       ROE 
     


       -0.46 
     




       영업이익율 
     


       1.04 
     


 백금T&amp;A의 퀀트 재무 점수는 9.48점으로 지난 분기에 비해 성장성 점수가 하락했다. 이는 매출액 증가율이 감소하였기 때문이다. 안정성 종합 점수는 부채비율 증가, 유동비율 감소로 하락했다. 수익성 측면에서 볼때 ROA, ROE, 영업이익률 모두 하락하여 이전보다 낮은 점수를 받았다.  외국인 보유량 증가, 기관 변화 없음 (5일 누적)최근 5일간 동종목의 외국인 투자자는 63,229주 매수하였고 마찬가지로 기관은 0주 매수하였다. 전날 외국인은 46,433주 매수했지만 기관은 순매수량이 0으로 보유비율 그대로 유지했다.다음 표는 동종목의 외국인, 기관의 일별 순매수량을 나타낸 것이다.  'fnRASSI'는 증권전문 기업 씽크풀과 파이낸셜뉴스의 협업으로 로봇기자가 실시간으로 생산하는 기사입니다."
한국경제TV,046310,/news/news_read.nhn?article_id=0000642024&office_id=215&mode=search&query=백금T&amp;A&page=1,2018-06-04 13:49,"백금T&amp;A, 12% 급등... 전일 보다 495원 상승한 4,475원","[한국경제TV 라이온봇 기자] 백금T&A는 6월 4일 13시 48분 전일 대비 약 12% 급등한 4,475원에 거래되고 있다. 백금T&A는 코스닥 상장 기업으로 통신장비 업종에 속해 있다. 시가총액은 569억원으로 코스닥 상장기업 중 998위에 위치 해 있다. [종목 성향 진단] [그림 1] 종목 성향 진단 백금T&A의 투자 스타일은 가치주에 가깝다. 기업 가치 대비 낮은 주가가 매력적인 기업이다. 주가 모멘텀은 좋은 편에 속했다. 최근 1개월 수익률은 22.46%의 상승폭을 기록했다. 백금T&A 종목에 대한 투자자의 관심도는 높은 편에 속한다. [투자 점수 진단] [그림 2] 투자 점수 진단 백금T&A는 효율성(ROA) 측면에서 두각을 나타내고 있다. 최근 ROA는 95점으로 6개의 핵심 팩터 중 가장 높은 점수를 기록했다. ROA는  전체 시장 내 90위를 기록하며 상위 4.56%에 위치했다. 업종별로는 42위를 기록하며 상위 7.18%에 위치했다. 그리고 저평가성1(PER) 역시 도드라지는 편이다. 저평가성1 점수는 95점으로 또한 가장 높은 점수를 기록했다. PER은 전체 시장 내 94위를 기록하며 상위 5%에 위치했다. 업종별로는 17위를 기록하며 상위 2.96%에 위치했다. 그러나 부채비율과 PBR은  아쉬움을 나타냈다. [종합 투자점수] [그림 3] 종합 투자점수 AI 인공지능 분석을 통한 백금T&A의 종목 종합 스코어는 61점을 기록했다. 이는 동일 업종 평균점수인 52점과 시장 평균점수인 52점를 상회하는 수치였다. (위의 AI인공지능 점수는 재무 데이터를 기반으로 전체 상장 종목과 비교/분석하여 도출한 점수로 높은 점수가 반드시 높은 수익률을 보장하지 않습니다. 위의 자료는 당사의 추천 종목이 아니며, 투자 시 참고용으로 제시해드리는 것입니다.) 라이온봇 기자 -한국경제TV※ 본 기사는 한국경제TV와 '거장들의 투자공식이'자체 개발한 '라이온봇 기자'가 실시간으로 작성한 기사입니다. 라이온봇기자 ⓒ 한국경제TV, 무단 전재 및 재배포 금지 한국경제TV 관련뉴스해당 언론사에서 선정하며 언론사 페이지(아웃링크)로 이동해 볼 수 있습니다.기성용♥한혜진 딸 공개…보스니아 경기서 '센추리클럽' 가입 축하'골프' 이젠 대중 스포츠?…국민 57% ""사치스럽지 않다""""다방커피·자장면 다 돼요""…당뇨 환자에게 '먹는 즐거움'을 주다'상의 탈의 시위' 불꽃페미액션 어떤 단체? 옷 벗고 길거리로 나선 까닭[깡통전세 공포확산①] ""믿었던 강남마저""…커지는 깡통전세 우려"
한국경제TV,046310,/news/news_read.nhn?article_id=0000608205&office_id=215&mode=search&query=백금T&amp;A&page=1,2018-03-06 09:42,"백금T&amp;A, 하한가 기록 (▼1,455) - 현재가 3,410원","[한국경제TV 라이온봇 기자] 3월 6일 9시 42분 백금T&A가 하한가를 기록했다. 백금T&A는 전일 대비 약 1,455원 하락한 3,410원을 기록했다. 백금T&A는 코스닥 상장 기업으로 통신장비 업종에 속해 있다. 시가총액은 696억원으로 코스닥 상장기업 중 834위에 위치 해 있다. 거래량은 전일 대비 67% 감소한 244,260주 이고, 거래대금은 8억3,300만원 수준이다. 현재 총 매도잔량은 0주이고, 하한가 잔량은 4,860,054주이다. 라이온봇 기자 -한국경제TV※ 본 기사는 한국경제TV와 '거장들의 투자공식이'자체 개발한 '라이온봇 기자'가 실시간으로 작성한 기사입니다. 라이온봇기자 ⓒ 한국경제TV, 무단 전재 및 재배포 금지 한국경제TV 관련뉴스해당 언론사에서 선정하며 언론사 페이지(아웃링크)로 이동해 볼 수 있습니다.이상호 2억원, 여자컬링 0원…경기단체 포상금 '천차만별'이하늬 ""살찌면 외삼촌""…문희상 의원과 닮은꼴 '깜짝'전현무♥한혜진 열애, 티격태격 하다가 정 들었다스텔라 해체, 선정성 논란 부담됐나 ""갓 스무살에...""이윤미, 주영훈 몰카논란 사과 ""많이 생각하고 반성"""
파이낸셜뉴스,046310,/news/news_read.nhn?article_id=0004033655&office_id=014&mode=search&query=백금T&amp;A&page=1,2018-06-04 13:48,[fnRASSI]백금T&amp;A 전일대비 11.81% 상승,"현재 백금T&A(046310)는 전일대비 11.81% 상승하여 4,450원 선에서 거래가 이루어지고 있다. 주가등락폭 크고, 주주들의 손바뀜도 잦아 최근 한달간 백금T&A의 매매회전율을 분석한 결과 15일에 1번 꼴로 주식의 주인이 바뀐 것으로 나타났다. 회전율이 높은 경우 유동성이 좋다고 할 수 있으나 이런경우 주가변동이 심한 경우가 많아 주의가 요구된다. 동종목의 경우도 일평균 주가변동률이 7.55%에 달해 장중 주가변동이 상당히 크다는 것을 알 수 있다. 거래참여는 개인투자자가 가장 활발 최근 한달간 주체별 거래비중을 살펴보면 개인이 전체 거래의 84.07%를 차지하며 가장 적극적인 모습을 보여줬고, 외국인은 14.29%를 나타냈으며 기관은 1.63%를 나타냈다. 그리고 최근 5일간 거래비중은 개인이 81.93%로 가장 높은 참여율을 보였고, 외국인이 14.31%를 보였으며 기관은 3.74%를 나타냈다. 'fnRASSI'는 증권전문 기업 씽크풀과 파이낸셜뉴스의 협업으로 로봇기자가 실시간으로 생산하는 기사입니다."
서울경제,046310,/news/news_read.nhn?article_id=0003313604&office_id=011&mode=search&query=백금T&amp;A&page=1,2018-06-04 10:26,"&lt;코&gt;백금T&amp;A, 전일 대비 7.04% 상승.. 일일회전율은 7.75% 기록","[서울경제] 백금T&amp;A(046310) 는 4일 오전 10시 25분 현재 7.04% 오른 4,260원에 거래되고 있으며, 41(매도):59(매수)의 매수우위를 기록하고 있다. 거래대금은 45억9,455만, 거래량은 110만9,389주로 거래량회전율은 7.75%로 나타났다. 지난 1개월간 백금T&A는 상승 16회, 하락 12회를 기록했고, 주가수익률은 30.28% 표준편차는 2.57%를 기록했다. 이 기간 ' 통신장비업 ' 업종 평균 주가수익률은 -4.16%로 나타났으며, 변동성은 1.54%를 기록했다. 이 시각 현재 ' 통신장비업 '은 0.84% 상승 중이며, 58(매도):42(매수)의 매도우위를 기록하고 있다."
머니투데이,046310,/news/news_read.nhn?article_id=0004055453&office_id=008&mode=search&query=백금T&amp;A&page=1,2018-05-24 11:25,"백금T&amp;A, 올해 영업이익 90억원 전망","[머니투데이 하세린 기자] 백금T&A은 올해 매출액 1274억원, 영업이익 90억원을 전망한다고 24일 공시했다."
디지털타임스,046310,/news/news_read.nhn?article_id=0002379577&office_id=029&mode=search&query=백금T&amp;A&page=1,2016-12-26 11:06,"엑시포씨앤에스, ERP 컨설팅 잇달아 수주&hellip;백금T&amp;A와 계약완료","무선통신 기기 개발 및 생산 전문 기업 ㈜백금T&A가 최근 빠르게 변화하는 시장 트렌드에 맞추어 보다 빠른 업무 대응을 위해 한 단계 업그레이드된 기업 가치 창출을 해낼 수 있도록 Microsoft Dynamics ERP 컨설팅기업인 ㈜엑시포씨앤에스(대표 이도정)와 'Microsoft Dynamics AX ERP' 공급 및 구축 계약을 체결했다. 마이크로소프트 다이나믹스 AX는 제조, 유통, 소매, 공공 부문 및 서비스 산업에 필요한 검증된 기능과 함께 즉시 사용 가능한 실무적 기능을 제공하는 ERP 솔루션으로 36개국을 위한 비즈니스 시스템의 특정 요구사항을 모두 지원하는 ERP 솔루션이다. 다양한 통화와 표준시간대 및 언어를 지원하고 여러 은행 및 보고 표준과 법률을 준수하기 때문에 전 세계에 적용 가능하다. ㈜백금T&A는 마이크로소프트 다이나믹스 ERP의 강점을 통해 국내 본사뿐만 아니라, 필리핀 자회사까지 시스템을 구축할 계획이다. 업체는 수주 계약과 동시에 사업 경쟁력을 높여줄 EPR 솔루션 구축을 시작한다. 마이크로소프트 다이나믹스 AX를통한 합리적인 TO-BE 프로세스를 설계하고, 고객사에 맞는 측정 가능한 KPI 제공하며 PLM과 그룹웨어, 바코드를 통합 구성함으로써 마이크로소프트 다이나믹스 AX 근간의 전사적 통합 경영정보 시스템을 제공하게 될 예정이다. 백금T&A 김영민 전략기획팀장은 ""SAP과 Oracle을 비교 검토한 바, 이러한 Dynamics AX의 다양한 업무적 기능과 실무 편의성을 통한 효율성 향상을 높이 평가하게 되었다. 그래서 최종적으로 Dynamics AX를 백금의 글로벌 통합 솔루션으로 선정하게 되었다. 또한, 해당 컨설턴트의 자질과 태도는 타 ERP 컨설턴트보다 우수하다는 내부 평가를 종합적으로 받았고, 유사한 글로벌 MRP, MPS 사례를 보유하고 있었으므로 향후 ERP 프로젝트 성공에 대한 확실한 신뢰를 기대할 수 있었다""고 언급하였다. 업체 관계자는 ""Radar Detector 분야 세계 최대시장인 미국에서 시장점유율 1위를 수성하고 있는 ERP시스템 구축에 참여할 수 있어 매우 기쁘게 생각한다. 이번 프로젝트는 업무의 속도를 향상시키고 다양한 관점별 수익성 분석을 도출하여 경영 환경 전반에 걸친 통찰력 있는 의사 결정 및 정보 제공을 목표로 진행될 것""이라며 ""각 산업군별로 특화된 프로세스 및 모델을 통해 향후 수주 확대에도 최선을 다할 것""이라고 전했다. 한편, 잇따른 수주 성공으로 ERP 전문 컨설팅 부문에서 두각을 나타내고 있는 마이크로소프트의 골드역량파트너사인 ㈜엑시포씨앤에스(AXI4CNS)는 ERP 구축 프로젝트 및 실무 경험을 갖추고 있는 인재들로 구성된 ERP 전문 컨설팅을 진행하고 있다. ERP 프로젝트 실행 방법론을 통해 마이크로소프트(Microsoft)의 연구원들이 수년간 노력을 담아 개발한 Sure Step Methodology를 채택 프로젝트의 성격이나 규모에 따라 차별화된 단계를 체계적으로 수행해 기업들의 비용을 최소화할 수 있도록 돕고 있다."
연합뉴스,046310,/news/news_read.nhn?article_id=0009938912&office_id=001&mode=search&query=백금T&amp;A&page=1,2018-03-06 14:56,'안희정 테마주' 백금T&amp;A &quot;대표와 일면식 없다&quot;,"(서울=연합뉴스) 전명훈 기자 = 백금T&A는 6일 자사가 '안희정 테마주'로 지목되는 언론보도와 관련해 ""당사의 대표이사와 (안희정 전 지사는) 고려대 동문이라는 점 이외에 구체적인 일면식이 없다""며 관련성을 부인했다."
헤럴드경제,046310,/news/news_read.nhn?article_id=0001397094&office_id=016&mode=search&query=백금T&amp;A&page=1,2018-05-24 11:30,"[생생코스닥]백금T&amp;A, 올해 영업익 90억ㆍ매출액 1274억 전망","[헤럴드경제=증권팀] 백금T&A는 올해 연결기준 영업이익이 90억원, 매출액은 1274억원을 기록할 것으로 전망한다고 24일 공시했다."
파이낸셜뉴스,046310,/news/news_read.nhn?article_id=0003774772&office_id=014&mode=search&query=백금T&amp;A&page=1,2017-02-10 11:13,"[fnRASSI]백금T&amp;A(046310), 52주 신고가 경신...11.42% &uarr;","백금T&A(046310)은 52주신고가를 기록하고 있어 주목할만하다. 동종목의 현재 주가는 7,900원 선에서 이루어지고 있다. 거래일을 기준으로 최근 3일간 평균 거래량은 382만 주이다. 이는 60일 일 평균 거래량 92만 주와 비교해보면 최근 거래량이 급격히 늘어났다는 것을 알 수 있다.                   지표               항목               값               종합점수                 성장성               매출액증가율               -0.39               1.25                 자기자본증가율               -0.12                 안정성               부채비율               148.36               5.28                 유동비율               102.27                 이익안정성               6.67                 수익성               ROA               -0.18               2.86                 ROE               -0.46                 영업이익율               1.04          백금T&A의 퀀트 재무 점수는 9.39점으로 지난 분기에 비해 성장성 점수가 하락했다. 이는 매출액 증가율이 감소하였기 때문이다. 안정성 종합 점수는 부채비율 증가, 유동비율 감소로 하락했다. 수익성 측면에서 볼때 ROA, ROE, 영업이익률 모두 하락하여 이전보다 낮은 점수를 받았다. 외국인과 기관은 순매도, 개인은 순매수(한달누적)  2월8일부터 전일까지 외국인이 2거래일 연속 순매도했다. 4주간을 기준으로 보면 외국인이 매도 우위로 반전되면서 136,138주를 순매도했고, 기관도 근래에 동종목을 매도하면서 19,777주를 순매도했지만, 개인은 오히려 순매도를 기록하다가 다시 순매수로 돌아서면서 155,915주를 순매수했다. 'fnRASSI'는 증권전문 기업 씽크풀과 파이낸셜뉴스의 협업으로 로봇기자가 실시간으로 생산하는 기사입니다."
한국경제,046310,/news/news_read.nhn?article_id=0003945952&office_id=015&mode=search&query=백금T&amp;A&page=1,2018-05-24 11:17,백금T&amp;A &quot;올 매출액 1274억&middot;영업익 90억 전망&quot;,"백금T&A는 올해 매출액 1274억원, 영업이익 90억원을 기록할 것으로 24일 전망했다. 노정동 한경닷컴 기자"
이데일리,046310,/news/news_read.nhn?article_id=0003741154&office_id=018&mode=search&query=백금T&amp;A&page=1,2017-02-03 16:06,백금T&amp;A &quot;주가급등 사유없다&quot;,[이데일리 오희나 기자] 백금T&A(046310)는 한국거래소의 최근의 현저한 주가급등 관련 조회공시 답변을 통해 “현저한 시황변동(주가급등)에 대해 답변 공시할 중요한 정보가 없다”고 3일 공시했다. 다만 “매출액 또는 손익구조 30% 이상 변동 해당시 공시예정이며 정기주주총회 관련 공시가 있을 수 있다”고 밝혔다.
한국경제,046310,/news/news_read.nhn?article_id=0003769400&office_id=015&mode=search&query=백금T&amp;A&page=1,2017-05-17 01:06,[코스닥 증자공시] (16일) 백금T&amp;A 등,▲백금T&A=운용자금 마련을 위해 70억원 규모의 전환사채 발행 결정. ▲에스맥=122억원 규모 무상증자 실시 결정. [
전자신문,046310,/news/news_read.nhn?article_id=0002705912&office_id=030&mode=search&query=백금T&amp;A&page=1,2018-05-08 14:17,"[ET투자뉴스][백금T&amp;A 지분 변동] 임학규 외 1명 0.39%p 증가, 26....","백금T&amp;A(046310)는 08일 최대주주 임학규를  비롯한 특별관계자의 보유주식이 증가되었다고 발표했다. 이는 직전 보고일보다 56,044주 증가하여 지분율은 26.03%로 상승했다. 이번 보고 사유는 특별관계자및보유주식수변동으로  알려졌다.   최대주주와 특수관계자의 지분 변동은 주가에 영향을 주는 요인이다. 특히 보유비율을 지속적으로 늘리거나 줄일 경우, 해당종목 투자시 유의할 필요가 있다.  다음은 백금T&amp;A의 지분 변동 내역과 보유 내역이다."
뉴시스,046310,/news/news_read.nhn?article_id=0008472336&office_id=003&mode=search&query=백금T&amp;A&page=1,2018-03-06 18:05,백금T&amp;A &quot;안희정과 사업 관련성 없다&quot;,"【서울=뉴시스】이진영 기자 = 백금T&A(046310)는 안희정 테마주 등의 기사와 관련해 ""당사의 대표이사와 고려대 동문이라는 점이외에 구체적인 일면식은 없을 뿐더러, 당사의 현재 사업적 관련성이 없다""라고 6일 해명 공시했다."
한국경제TV,046310,/news/news_read.nhn?article_id=0000649980&office_id=215&mode=search&query=백금T&amp;A&page=1,2018-06-19 10:51,"백금T&amp;A, 전일 대비 약 -4% 하락한 3,580원","[한국경제TV 라이온봇 기자] [그림 1] 최근 3개월 간 주가 추세 및 기간별 수익률 백금T&A는 6월 19일 10시 50분 전일 대비 약 -4% 하락한 3,580원에 거래되고 있다. 백금T&A는 코스닥 상장 기업으로 통신장비 업종에 속해 있다. 시가총액은 539억원으로 코스닥 상장기업 중 1,009위에 위치 해 있다. [종목 성향 진단] [그림 2] 종목 성향 진단 백금T&A의 투자 스타일은 가치주에 가깝다. 기업 가치 대비 낮은 주가가 매력적인 기업이다. 주가 모멘텀은 좋은 편에 속했다. 최근 1개월 수익률은 11.35%의 상승폭을 기록했다. 백금T&A 종목에 대한 투자자의 관심도는 평범한 수준이었다. [투자 점수 진단] [그림 3] 투자 점수 진단 백금T&A는 어느 측면에서 투자 매력도가 높은 종목일까? AI 인공지능 종목 분석 시스템을 이용해 성장성, 수익성, 효율성, 안전성, 저평가성, 추세 등 주가 수익률에 영향을 줄 수 있는 6가지 핵심 투자 지표를 점수화하여 종목의 투자 매력도를 계산해보았다. 그 결과 백금T&A는 상대적으로 수익성 측면에서 두각을 드러내고 있었다. 수익성 점수는 기업이 가진 자산과 자본을 활용하여 얼마나 이익을 실현했는지를 나타낸다. 백금T&A는 특히 ROE 측면에서 가장 높은 점수는 기록했는데, 전체 시장 내 62위를 기록하며 상위 3.07%에 위치했다. 업종별로는 27위를 기록하며 상위 4.46%에 위치했다. 그러나 기업의 자산 활용도를 나타내는 효율성 측면에서는 아쉬움을 나타냈다. (위의 AI인공지능 점수는 재무 데이터를 기반으로 전체 상장 종목과 비교/분석하여 도출한 점수로 높은 점수가 반드시 높은 수익률을 보장하지 않습니다. 위의 자료는 당사의 추천 종목이 아니며, 투자 시 참고용으로 제시해드리는 것입니다. 핵심투자지표를 결합해 종목의 투자매력도를 종합 계산한 ""인공지능 투자점수""는 ""거장들의 투자공식"" 앱에서 확인하실 수 있습니다.) 라이온봇 기자 -한국경제TV※ 본 기사는 한국경제TV와 '거장들의 투자공식이'자체 개발한 '라이온봇 기자'가 실시간으로 작성한 기사입니다. 라이온봇기자 ⓒ 한국경제TV, 무단 전재 및 재배포 금지 한국경제TV 관련뉴스해당 언론사에서 선정하며 언론사 페이지(아웃링크)로 이동해 볼 수 있습니다.코스피 2400p 붕괴…외국인, 5거래일간 1.5조 매도현실화되는 '보유세 폭탄'…똑똑한 절세법은?강진 여고생 실종, 알바 소개해준 '아빠 친구'는 숨진 채 발견투기지역 연내 재조정…""노원구 빠질듯""'아동수당' 미리 신청하세요…몇 세까지 해당?"
아시아경제,046310,/news/news_read.nhn?article_id=0003592513&office_id=277&mode=search&query=백금T&amp;A&page=1,2015-09-25 16:39,"백금T&amp;A, 포인트모바일 주식 1만3980주 처분 결정",[아시아경제 임철영 기자]백금T&A는 25일 재무구조개선과 유동성자금확보를 목적으로 포인트모바일 주식 1만3980주를 처분키로 했다고 공시했다. 처분금액은 71억2431만원이다.
파이낸셜뉴스,046310,/news/news_read.nhn?article_id=0003841091&office_id=014&mode=search&query=백금T&amp;A&page=1,2017-07-10 10:13,[fnRASSI]백금T&amp;A(046310) 현재 +8.16%,"백금T&A(046310)는 현재 주가가 전일 대비 8.16% 상승한 3,975원 선에서 거래가 이루어지고 있다. 주요 매매주체는 개인투자자  최근 한달간 주체별 거래비중을 살펴보면 개인 비중이 95.18%로 가장 높았고, 외국인이 4.54%로 그 뒤를 이었다. 기관은 0.27%를 나타냈다. 그리고 최근 5일간 거래비중은 개인이 전체 거래의 96.95%를 차지하며 가장 적극적인 모습을 보여줬고, 외국인은 2.8%를 나타냈으며 기관은 0.24%를 나타냈다. 외국인, 기관 모두 보유량 감소 (5일 누적) 최근 5일간 동종목의 외국인 투자자는 129,993주 순매도하였고 마찬가지로 기관은 0주 순매도하였다. 전날 외국인은 7,495주 순매수했지만 기관은 순매수량이 0으로 보유비율 그대로 유지했다. 다음 표는 동종목의 외국인, 기관의 일별 순매수량을 나타낸 것이다. 'fnRASSI'는 증권전문 기업 씽크풀과 파이낸셜뉴스의 협업으로 로봇기자가 실시간으로 생산하는 기사입니다."
파이낸셜뉴스,046310,/news/news_read.nhn?article_id=0003769376&office_id=014&mode=search&query=백금T&amp;A&page=1,2017-01-31 14:05,[fnRASSI]백금T&amp;A(046310) 전일대비 14.74% 상승,"백금T&A(046310)는 현재 주가가 전일 대비 14.74% 상승한 5,720원 선에서 거래가 이루어지고 있다.                     지표               항목               값               종합점수                 성장성               매출액증가율               -0.39               1.26                 자기자본증가율               -0.12                 안정성               부채비율               148.36               5.28                 유동비율               102.27                 이익안정성               6.67                 수익성               ROA               -0.18               2.92                 ROE               -0.46                 영업이익율               1.04          백금T&A의 퀀트 재무 점수는 9.46점으로 지난 분기에 비해 성장성 점수가 하락했다. 이는 매출액 증가율이 감소하였기 때문이다. 안정성 종합 점수는 부채비율 증가, 유동비율 감소로 하락했다. 수익성 측면에서 볼때 ROA, ROE, 영업이익률 모두 하락하여 이전보다 낮은 점수를 받았다. 기관과 개인은 순매도, 외국인은 순매수(한달누적)  전일 외국인과 기관이 각각 9,400주, 3,600주를 순매수 했다. 4주간을 기준으로 보면 외국인이 30,753주를 순매수한 반면, 기관은 매도 우위를 보이면서 3,600주를 순매도했고, 개인들도 매도 후 매수의 관점을 보이고 있음에도 불구하고 27,153주를 순매도한 것으로 집계됐다. 'fnRASSI'는 증권전문 기업 씽크풀과 파이낸셜뉴스의 협업으로 로봇기자가 실시간으로 생산하는 기사입니다."
한국경제TV,046310,/news/news_read.nhn?article_id=0000618893&office_id=215&mode=search&query=백금T&amp;A&page=1,2018-04-04 14:53,"백금T&amp;A, 전일 대비 약 -3% 하락한 3,155원","[한국경제TV 라이온봇 기자] 백금T&A는 4월 4일 14시 53분 전일 대비 약 -3% 하락한 3,155원에 거래되고 있다. 백금T&A는 코스닥 상장 기업으로 통신장비 업종에 속해 있다. 시가총액은 467억원으로 코스닥 상장기업 중 1,051위에 위치 해 있다. [종목 성향 진단] [그림 1] 종목 성향 진단 백금T&A의 투자 스타일은 가치주에 가깝다. 기업 가치 대비 낮은 주가가 매력적인 기업이다. 주가 모멘텀은 좋지 못했다. 최근 6개월 수익률은 -39.76%의 하락폭을 기록했다. 최근 1개월 수익률 또한 -38.74% 하락하며 부진한 모멘텀을 이어가고 있다. 백금T&A 종목에 대한 투자자의 관심도는 평범한 수준이었다. [투자 점수 진단] [그림 2] 투자 점수 진단 백금T&A는 성장성(매출증가율(YoY)) 측면에서 두각을 나타내고 있다. 최근 매출증가율(YoY)은 95점으로 6개의 핵심 팩터 중 가장 높은 점수를 기록했다. 매출증가율(YoY)은  전체 시장 내 76위를 기록하며 상위 4.73%에 위치했다. 업종별로는 27위를 기록하며 상위 5.94%에 위치했다. 그리고 저평가성1(PER) 역시 도드라지는 편이다. 저평가성1 점수는 89점으로 두번째로 높은 점수를 기록했다. PER은 전체 시장 내 174위를 기록하며 상위 11.49%에 위치했다. 업종별로는 48위를 기록하며 상위 11.75%에 위치했다. 그러나 부채비율과 PBR은  아쉬움을 나타냈다. [종합 투자점수] [그림 3] 종합 투자점수 AI 인공지능 분석을 통한 백금T&A의 종목 종합 스코어는 77점을 기록했다. 이는 동일 업종 평균점수인 48점과 시장 평균점수인 50점를 상회하는 수치였다. (위의 AI인공지능 점수는 재무 데이터를 기반으로 전체 상장 종목과 비교/분석하여 도출한 점수로 높은 점수가 반드시 높은 수익률을 보장하지 않습니다. 위의 자료는 당사의 추천 종목이 아니며, 투자 시 참고용으로 제시해드리는 것입니다.) 라이온봇 기자 -한국경제TV※ 본 기사는 한국경제TV와 '거장들의 투자공식이'자체 개발한 '라이온봇 기자'가 실시간으로 작성한 기사입니다. 라이온봇기자 ⓒ 한국경제TV, 무단 전재 및 재배포 금지 한국경제TV 관련뉴스해당 언론사에서 선정하며 언론사 페이지(아웃링크)로 이동해 볼 수 있습니다.레드벨벳 아이린 옆에 北 김정은, 실화야?""자연미인"" 셋째 출산에도 여전히 아름다운 '리설주'천안함 추적60분, 이명박 정부 당시 방송 외압 받았나?견미리 딸 이다인, 금수저 논란…주식부자?고 장자연-단역 자매 사건 재수사…""내가 노리개인가"""
한국경제TV,046310,/news/news_read.nhn?article_id=0000632320&office_id=215&mode=search&query=백금T&amp;A&page=1,2018-05-10 10:54,"백금T&amp;A, 전일 대비 약 4% 상승한 3,620원","[한국경제TV 라이온봇 기자] 백금T&A는 5월 10일 10시 53분 전일 대비 약 4% 상승한 3,620원에 거래되고 있다. 백금T&A는 코스닥 상장 기업으로 통신장비 업종에 속해 있다. 시가총액은 498억원으로 코스닥 상장기업 중 1,053위에 위치 해 있다. [종목 성향 진단] [그림 1] 종목 성향 진단 백금T&A의 투자 스타일은 가치주에 가깝다. 기업 가치 대비 낮은 주가가 매력적인 기업이다. 주가 모멘텀은 평범한 수준이었다. 최근 1개월 수익률이 8.92%, 3개월 수익률은 -29.84%, 6개월 수익률은 -35.2%를 기록했다. 백금T&A 종목에 대한 투자자의 관심도는 평범한 수준이었다. [투자 점수 진단] [그림 2] 투자 점수 진단 백금T&A는 성장성(매출증가율(YoY)) 측면에서 두각을 나타내고 있다. 최근 매출증가율(YoY)은 94점으로 6개의 핵심 팩터 중 가장 높은 점수를 기록했다. 매출증가율(YoY)은  전체 시장 내 104위를 기록하며 상위 5.67%에 위치했다. 업종별로는 32위를 기록하며 상위 5.88%에 위치했다. 그리고 저평가성1(PER) 역시 도드라지는 편이다. 저평가성1 점수는 89점으로 두번째로 높은 점수를 기록했다. PER은 전체 시장 내 200위를 기록하며 상위 10.78%에 위치했다. 업종별로는 58위를 기록하며 상위 10.29%에 위치했다. 그러나 부채비율이 아쉬움을 나타냈다. [종합 투자점수] [그림 3] 종합 투자점수 AI 인공지능 분석을 통한 백금T&A의 종목 종합 스코어는 80점을 기록했다. 이는 동일 업종 평균점수인 62점과 시장 평균점수인 61점를 상회하는 수치였다. (위의 AI인공지능 점수는 재무 데이터를 기반으로 전체 상장 종목과 비교/분석하여 도출한 점수로 높은 점수가 반드시 높은 수익률을 보장하지 않습니다. 위의 자료는 당사의 추천 종목이 아니며, 투자 시 참고용으로 제시해드리는 것입니다.) 라이온봇 기자 -한국경제TV※ 본 기사는 한국경제TV와 '거장들의 투자공식이'자체 개발한 '라이온봇 기자'가 실시간으로 작성한 기사입니다. 라이온봇기자 ⓒ 한국경제TV, 무단 전재 및 재배포 금지 한국경제TV 관련뉴스해당 언론사에서 선정하며 언론사 페이지(아웃링크)로 이동해 볼 수 있습니다.노사연♥이무송, 훈남 아들 공개 ""DNA 혁명""김생민 근황은?…박명수 예언 발언 ""소름 돋네""차인표, 신애라 반하게 한 '리즈시절' 미모 봤더니이은하, '쿠싱증후군' 극복 근황…""확 달라졌다""왕빛나 서구적 몸매 비결…'20kg을 한 번에?'"
파이낸셜뉴스,046310,/news/news_read.nhn?article_id=0003797814&office_id=014&mode=search&query=백금T&amp;A&page=1,2017-04-03 14:51,"[fnRASSI]백금T&amp;A(046310), 신저가 경신...-2.16% &darr;","백금T&A(046310)은 당일 2,715원까지 하락하며 52주신저가를 기록했다. 동종목의 현재 주가는 전일대비 -2.16% 하락한 2,715원 선에서 이루어지고 있다. 거래일을 기준으로 최근 3일간 평균 거래량은 366만 주이다. 이는 60일 일 평균 거래량 271만 주와 비교해보면 최근 거래량이 다소 증가했다는 것을 알 수 있다. 외국인 보유량 감소, 기관 증가 (5일 누적) 최근 5일간 동종목의 외국인 투자자는 4,094주 순매도하였고 반면 기관은 54주 순매수하였다. 전날 외국인 52,586주 순매도, 기관54주 순매수하며 보유 비율이 변동했다. 다음 표는 동종목의 외국인, 기관의 일별 순매수량을 나타낸 것이다. 주가등락폭 크고, 상장주식수 대비 거래량도 상당히 높아 최근 한달간 백금T&A의 매매회전율을 분석한 결과 3일에 1번 꼴로 주식의 주인이 바뀐 것으로 나타났다. 이는 비정상적으로 높은 회전율을 보인 것으로 투자에 각별한 주의가 요망된다. 또한 평균적으로 장중 주가변동률이 12.75%에 달할 정도로 등락이 심하기 때문에 다시한번 주의가 필요하다. 'fnRASSI'는 증권전문 기업 씽크풀과 파이낸셜뉴스의 협업으로 로봇기자가 실시간으로 생산하는 기사입니다."
뉴스1,046310,/news/news_read.nhn?article_id=0003261504&office_id=421&mode=search&query=백금T&amp;A&page=1,2018-03-16 11:43,"엑시포씨앤에스, 페레로로쉐 이어 백금T&amp;A MS Power BI 수주 성공","© News1 (서울=뉴스1) 김수경 기자 = Microsoft사의 골드파트너인 엑시포씨앤에스가 백금T&A의 MS Power BI 수주에 성공했다고 밝혔다. 지난 1월 페레로로쉐의 MS Power BI 도입 수주에 이어 연달아 수주에 성공하면서 국내 기업들의 MS Power BI의 사용이 크게 늘어날 것으로 기대하고 있다. MS Power BI는 조직 전체에 정보를 제공하는 비즈니스 분석 툴로 수백개에 달하는 데이터 원본을 연결하고 이를 간소화, 특별 분석하는 기능을 가지고 있다. 또한 이를 웹 대시보드에 작성하고 게시함으로써 공유할 수 있다. 자연어 툴과 코타나 음성 인터페이스를 통해 사용자는 질문에 대한 해답도 얻을 수 있는 한편 머신러닝 기능은 흥미로운 데이터를 식별, 이를 시각화하여 보여주며 데이터의 특이점을 찾아준다. 더불어 기존의 조회 기능을 넘어 Azure 환경과 Office365 기반의 플로우(Flow)를 활용하여 특정 상황에 사용자가 문제를 사전인지할 수 있도록 BI 화면을 이메일이나 메신저로 공유해준다. 엑시포씨앤에스의 관계자는 “MS Power BI는 비즈니스 데이터를 통해 효과적인 솔루션을 얻고자 하는 기업에 유효한 인사이트를 가져다 줄 것이다”라며, “현재 PowerBI뿐만 아니라 마이크로소프트 PowerApps 단독 프로젝트까지 연달아 수주하며, cloud 서비스를 국내에 보급하기 위해 박차를 가하고 있다. 국내 많은 기업들이 MS Cloud 서비스에 관심을 보이고 있는 만큼 빠른 시일 내에 서비스가 안정적으로 국내 시장에 안착할 수 있도록 최선을 다할 것”이라 전했다. 한편 엑시포씨앤에스는 마이크로소프트사의 ERP 솔루션과 클라우드 서비스를 전문적으로 제공하고 있는 기업으로 잇따른 클라우드 프로젝트 수주로 관련 업계에서의 입지를 다지고 있다."
이데일리,046310,/news/news_read.nhn?article_id=0003355893&office_id=018&mode=search&query=백금T&amp;A&page=1,2015-09-25 16:46,"백금T&amp;A, 71억 규모 계열사 주식 처분",[이데일리 송이라 기자] 백금T&A(046310)는 재무구조개선과 유동성자금 확보를 위해 보유 중인 계열사 포인트모바일 주식 1만3980주를 처분키로 했ㄷ고 25일 공시했다. 처분금액은 71억2400만원이며 이는 자기자본의 23.24% 수준이다.
머니투데이,046310,/news/news_read.nhn?article_id=0003844866&office_id=008&mode=search&query=백금T&amp;A&page=1,2017-03-24 15:52,"백금T&amp;A, &quot;답변공시할 중요 정보 없다&quot;","[머니투데이 백지수 기자] 백금T&A는 전날 한국거래소가 최근의 주가급락에 대해 조회공시를 요구한 데 대해 ""답변공시할 중요 정보가 없다""고 24일 공시했다. textlinktopstart textlinktopend textlinkstart"
파이낸셜뉴스,046310,/news/news_read.nhn?article_id=0003794870&office_id=014&mode=search&query=백금T&amp;A&page=1,2017-03-28 13:54,[fnRASSI]백금T&amp;A(046310) 현재 +5.29%,"백금T&A(046310)는 현재 주가가 전일 대비 5.29% 상승한 3,880원 선에서 거래가 이루어지고 있다. 외국인과 개인은 순매도, 기관은 순매수(한달누적)  전일 외국인이 41,936주를 순매도했다. 4주간을 기준으로 보면 기관이 초반에 동종목을 순매수한 이후에 기세를 이어가며 76,296주를 순매수한 반면, 외국인은 매도쪽으로 방향을 잡으면서 41,346주를 순매도했고, 개인들도 순매수에서 순매도로 반전되면서 34,950주를 순매도했다. 주가등락폭 크고, 상장주식수 대비 거래량도 상당히 높아 최근 한달간 백금T&A의 매매회전율을 분석한 결과 4일에 1번 꼴로 주식의 주인이 바뀐 것으로 나타났다. 이는 비정상적으로 높은 회전율을 보인 것으로 투자에 각별한 주의가 요망된다. 또한 평균적으로 장중 주가변동률이 20.89%에 달할 정도로 등락이 심하기 때문에 다시한번 주의가 필요하다. 'fnRASSI'는 증권전문 기업 씽크풀과 파이낸셜뉴스의 협업으로 로봇기자가 실시간으로 생산하는 기사입니다."
아이뉴스24,046310,/news/news_read.nhn?article_id=0000384409&office_id=031&mode=search&query=백금T&amp;A&page=1,2016-08-16 09:42,[특징주]백금T&amp;A 급락&hellip;100억 규모 유증,"[윤지혜기자] 통신기기 업체 백금T&A가 100억원 규모의 유상증자 소식에 급락하고 있다. 백금T&A는 16일 오전 9시 28분 현재 전 거래일보다 12.60%(620원) 내린 4천300원에 거래되고 있다. 백금T&A는 운영자금 조달을 위해 99억6천만원 규모의 유상증자를 이사회에서 결의했다고 지난 12일 공시했다. 주주배정 후 실권주 일반 공모 방식으로 증자가 진행될 예정이며 새로 발행될 보통주는 286만2천750주로, 현 발행주식(1천145만1천주)의 25% 수준에 해당한다. 신주 상장 예정일은 오는 11월 4일이다. /윤지혜기자"
파이낸셜뉴스,046310,/news/news_read.nhn?article_id=0003797461&office_id=014&mode=search&query=백금T&amp;A&page=1,2017-04-03 09:31,"[fnRASSI]백금T&amp;A, 52주 신저가 경신...-3.42% &darr;","백금T&A(046310)은 당일 2,680원까지 하락하며 52주신저가를 기록했다. 동종목의 현재 주가는 전일대비 -3.42% 하락한 2,680원 선에서 이루어지고 있다. 거래일을 기준으로 최근 3일간 평균 거래량은 339만 주이다. 이는 60일 일 평균 거래량 270만 주와 비교해보면 최근 거래량이 다소 증가했다는 것을 알 수 있다. 외국인과 개인은 순매도, 기관은 순매수(한달누적)  3월29일부터 전일까지 기관이 3거래일 연속 순매수했다. 4주간을 기준으로 보면 기관이 초반에 동종목을 순매수한 이후에 기세를 이어가며 81,995주를 순매수한 반면, 외국인은 매도 우위로 반전되면서 15,461주를 순매도했고, 개인들도 매도 우위를 보이면서 66,534주를 순매도했다. 외국인 보유량 감소, 기관 증가 (5일 누적) 최근 5일간 동종목의 외국인 투자자는 4,094주 순매도하였고 반면 기관은 54주 순매수하였다. 전날 외국인 52,586주 순매도, 기관54주 순매수하며 보유 비율이 변동했다. 다음 표는 동종목의 외국인, 기관의 일별 순매수량을 나타낸 것이다. 'fnRASSI'는 증권전문 기업 씽크풀과 파이낸셜뉴스의 협업으로 로봇기자가 실시간으로 생산하는 기사입니다."
아시아경제,046310,/news/news_read.nhn?article_id=0004231471&office_id=277&mode=search&query=백금T&amp;A&page=1,2018-05-03 13:37,"백금T&amp;A, 1Q 영업익 17억&hellip;전년比 316%&uarr;","[아시아경제 권성회 기자] 백금T&A는 1분기 연결기준 영업이익이 전년 동기 대비 315.6% 증가한 17억3500만원으로 잠정집계됐다고 3일 공시했다. 같은 기간 매출액은 54.5% 늘어난 270억6500만원, 당기순이익은 흑자전환한 32억1400만원으로 기록됐다."
머니투데이,046310,/news/news_read.nhn?article_id=0003550475&office_id=008&mode=search&query=백금T&amp;A&page=1,2015-09-25 16:45,"백금T&amp;A, 포인트모바일 주식 71억원에 처분",[머니투데이 백지수 기자] 백금T&A는 재무구조를 개선하고 유동성자금을 확보하기 위해 보유하고 있던 계열사 포인트모바일 주식 1만3980주를 총 71억2432만원에 처분키로 결정했다고 25일 공시했다. 처분금액은 회사의 지난해 말 연결 자기자본 대비 23.24%에 해당한다. 처분 예정일은 오는 30일이다. textlinktopstart textlinktopend textlinkstart
헤럴드경제,046310,/news/news_read.nhn?article_id=0001193618&office_id=016&mode=search&query=백금T&amp;A&page=1,2017-02-06 14:05,"백금T&amp;A, 지난해 영업익 21.1억&hellip;적자전환",[헤럴드경제=증권팀] 백금T&A는 연결 기준 지난해 영업이익이 21억1828만원의 손실을 기록해적자전환했다고6일 공시했다. 같은 기간 매출액은 602억1685만원으로 35.0% 줄어든 것으로 나타났다. 당기순이익은 18억5728만원의 손실을 기록해 적자전환했다.
전자신문,046310,/news/news_read.nhn?article_id=0002717349&office_id=030&mode=search&query=백금T&amp;A&page=1,2018-06-20 17:23,"[ET투자뉴스][백금T&amp;A 지분 변동] 현대자산운용(주)4.31%p 증가, 4.3...","백금T&amp;A(046310)는 20일 주주 현대자산운용(주)의 보유주식이 증가되었다고 발표했다. 이는 직전 보고일보다 254,638주 감소하여 지분율은 4.31%로 하락했다. 이번 보고 사유는 5%미만하락으로  알려졌다.   최대주주와 특수관계자의 지분 변동은 주가에 영향을 주는 요인이다. 특히 보유비율을 지속적으로 늘리거나 줄일 경우, 해당종목 투자시 유의할 필요가 있다.  다음은 백금T&amp;A의 지분 변동 내역과 보유 내역이다."
머니투데이,046310,/news/news_read.nhn?article_id=0003817114&office_id=008&mode=search&query=백금T&amp;A&page=1,2017-02-06 13:58,"백금 T&amp;A, 지난해 영업손실 21억원&hellip;적자전환","[머니투데이 박다해 기자] 백금T&A는 지난해 영업손실 21억 1828만원을 기록, 적자전환했다고 6일 공시했다. 같은 기간 매출액은 602억 1686만원으로 35% 감소했고 당기순손실은 18억 5728만원으로 적자전환했다. textlinktopstart textlinktopend textlinkstart"
한국경제TV,046310,/news/news_read.nhn?article_id=0000629852&office_id=215&mode=search&query=백금T&amp;A&page=1,2018-05-03 13:57,"백금T&amp;A, 전일 대비 약 5% 상승한 3,520원","[한국경제TV 라이온봇 기자] 백금T&A는 5월 3일 13시 56분 전일 대비 약 5% 상승한 3,520원에 거래되고 있다. 백금T&A는 코스닥 상장 기업으로 통신장비 업종에 속해 있다. 시가총액은 478억원으로 코스닥 상장기업 중 1,077위에 위치 해 있다. [종목 성향 진단] [그림 1] 종목 성향 진단 백금T&A의 투자 스타일은 가치주에 가깝다. 기업 가치 대비 낮은 주가가 매력적인 기업이다. 주가 모멘텀은 평범한 수준이었다. 최근 1개월 수익률이 2.45%, 3개월 수익률은 -31.94%, 6개월 수익률은 -35.05%를 기록했다. 백금T&A 종목에 대한 투자자의 관심도는 평범한 수준이었다. [투자 점수 진단] [그림 2] 투자 점수 진단 백금T&A는 성장성(매출증가율(YoY)) 측면에서 두각을 나타내고 있다. 최근 매출증가율(YoY)은 94점으로 6개의 핵심 팩터 중 가장 높은 점수를 기록했다. 매출증가율(YoY)은  전체 시장 내 104위를 기록하며 상위 5.67%에 위치했다. 업종별로는 32위를 기록하며 상위 5.88%에 위치했다. 그리고 저평가성1(PER) 역시 도드라지는 편이다. 저평가성1 점수는 89점으로 두번째로 높은 점수를 기록했다. PER은 전체 시장 내 200위를 기록하며 상위 10.78%에 위치했다. 업종별로는 58위를 기록하며 상위 10.29%에 위치했다. 그러나 부채비율이 아쉬움을 나타냈다. [종합 투자점수] [그림 3] 종합 투자점수 AI 인공지능 분석을 통한 백금T&A의 종목 종합 스코어는 77점을 기록했다. 이는 동일 업종 평균점수인 59점과 시장 평균점수인 59점를 상회하는 수치였다. (위의 AI인공지능 점수는 재무 데이터를 기반으로 전체 상장 종목과 비교/분석하여 도출한 점수로 높은 점수가 반드시 높은 수익률을 보장하지 않습니다. 위의 자료는 당사의 추천 종목이 아니며, 투자 시 참고용으로 제시해드리는 것입니다.) 라이온봇 기자 -한국경제TV※ 본 기사는 한국경제TV와 '거장들의 투자공식이'자체 개발한 '라이온봇 기자'가 실시간으로 작성한 기사입니다. 라이온봇기자 ⓒ 한국경제TV, 무단 전재 및 재배포 금지 한국경제TV 관련뉴스해당 언론사에서 선정하며 언론사 페이지(아웃링크)로 이동해 볼 수 있습니다.충남 청양에서 잡힌 '대형 메기', 크기가 무려…홍윤화 다이어트 식단 공개, 건강하게 살 빼는 비결 무엇?이명희 '임산부' 갑질…""조선시대 노비 다루듯""美 '최악의 연쇄살인' 풀렸다…소름돋는 범인 정체왕빛나 서구적 몸매 비결…'20kg을 한 번에?'"
헤럴드경제,046310,/news/news_read.nhn?article_id=0001214835&office_id=016&mode=search&query=백금T&amp;A&page=1,2017-03-24 15:40,"백금T&amp;A, &ldquo;주가급락 사유없다&rdquo;",[헤럴드경제=증권팀] 백금T&A는 24일 최근 주가급락 관련 조회공시 답변에서 “현저한 시황변동(주가급락)에 대해 공시할 중요한 정보가 없다”고 밝혔다.
세계일보,046310,/news/news_read.nhn?article_id=0003257923&office_id=022&mode=search&query=백금T&amp;A&page=1,2018-03-16 14:13,"백금T&amp;A, 마이크로스프트 파워 BI 도입","비즈니스 데이터 분석과 시각화로 의사결정 도와   비즈니스 데이터 분석과 보고를 위한 필수 툴로 자리잡은 마이크로소프트의 파워 BI를 도입하는 기업이 늘고 있다. 무선 통신기기 개발 및 전문 ODM 기업인 백금T&A도 마이크로소프트의 골드 파트너사인 엑시포앤에스와 손잡고 Microsoft 파워 BI를 도입하기로 결정했다. BI 툴은 수 많은 데이터 속에서 판매량과 구매량, 소비자의 반응, 사업상태 등을 정확하게 분석해 주는 역할을 한다. 비즈니스 플랫폼 기반의 파워 BI는 이러한 비즈니스 데이터를 탐색을 위한 툴이다. 친숙한 엑셀 작업방식을 통해 SQL 서버의 OLAP 툴에 연결해 수십억 개의 데이터 행에 익숙한 사용자 인터페이스로 동작할 수 있으며 표 형식의 데이터를 통해 정형화된 그래픽 응답을 제공하기 전에 이를 잘라내어 다룰 수 있도록 한다. 또 하나 눈길을 끄는 것은 바로 파워 BI를 통해 질의 및 데이터 변환을 쉽게 구축할 수 있다는 점이다. 엑셀과 유사한 원시 데이터 테이블 뷰에서 시작해 사용자는 질의 툴을 사용해 수식과 같은 방식으로 열을 추가하고 데이터 형식을 변경하는 일련의 변환 단계를 구성한다. 질의가 구성되면 고급 편집기에서 파워 쿼리(Power Query) 코드 결과값을 보여줘 추가 편집이나 새로운 단계를 추가하는 기능도 가능하다. 새로운 프리미엄 단계에는 보고서를 공유하는 새로운 방법을 추가하고 데이터를 앱에 포함하고 무제한의 시청자와 공유할 수 있는 옵션을 제공한다. 대화형 보고서를 작성한 다음, 사용자는 스마트폰이나 PC의 데이터를 분석하고, 파워 BI의 모바일 보기 툴을 사용해 보고서를 게시한 다음 앱에서 웹 보기로 확인하는 연동성도 뛰어나다. 마이크로소프트는 Office 365 기업용 사용자들에게 대부분의 기능을 사용하도록 파워 BI를 제공하므로 더욱 편리하게 사용가능 하다. 엑시포씨앤에스 관계자는 “엑셀 쿼리 툴을 넘어선 파워 BI는 다양한 비즈니스 분야에서 활용화되고 있다”며 “백금 T&A 역시 데이터 탐색과 질의 응답, 시각화, 공유 등 비즈니스 의사결정에 꼭 필요한 수단이라는 판단으로 마이크로소프트 파워 BI를 도입하게 됐다”고 밝혔다. 한편, 엑시포씨앤에스는 상위 5%의 MS 파트너사만이 등록되는 Microsoft PRESIDENT’S Club의 멤버로, Microsoft사의 On-premise 솔루션 뿐만 아니라 클라우드 ERP 서비스인 Dynamics 365 for Finance and Operations 클라우드 비즈니스 플랫폼인 Power BI, PowerApps, Flow, Office 365를 전문적으로 제공하고 있다."
머니투데이,046310,/news/news_read.nhn?article_id=0003829016&office_id=008&mode=search&query=백금T&amp;A&page=1,2017-02-27 15:28,"백금T&amp;A, 다음달 24일 주총 소집 결의","[머니투데이 권혜민 기자] 백금T&A는 오는 3월24일 오전 10시 경기도 군포시청소년수련관 소극장에서 정기 주주총회를 개최한다고 27일 공시했다. 안건은 재무제표 승인의 건, 감사 선임의 건 등이다. textlinktopstart textlinktopend textlinkstart"
파이낸셜뉴스,046310,/news/news_read.nhn?article_id=0003838955&office_id=014&mode=search&query=백금T&amp;A&page=1,2017-07-05 09:14,[fnRASSI]백금T&amp;A 전일대비 8.31% 상승,"백금T&A(046310)는 현재 주가가 전일 대비 8.31% 상승한 3,325원 선에서 거래가 이루어지고 있다. 주요 매매주체는 개인투자자  최근 한달간 주체별 거래비중을 살펴보면 개인 비중이 91.81%로 가장 높았고, 외국인이 7.56%로 그 뒤를 이었다. 기관은 0.61%를 나타냈다. 그리고 최근 5일간 거래비중은 개인 비중이 91.17%로 가장 높았고, 외국인이 7.63%로 그 뒤를 이었다. 기관은 1.19%를 나타냈다. 외국인과 기관은 순매도, 개인은 순매수(한달누적)  6월29일부터 전일까지 기관이 4거래일 연속 순매도를 보였다. 4주간을 기준으로 보면 외국인이 매도쪽으로 방향을 잡으면서 254,389주를 순매도했고, 기관도 매도 우위를 지속하면서 124,113주를 순매도했지만, 개인은 오히려 방향성있는 매매를 하면서 378,502주를 순매수했다. 'fnRASSI'는 증권전문 기업 씽크풀과 파이낸셜뉴스의 협업으로 로봇기자가 실시간으로 생산하는 기사입니다."
한국경제TV,046310,/news/news_read.nhn?article_id=0000607960&office_id=215&mode=search&query=백금T&amp;A&page=1,2018-03-05 14:45,"백금T&amp;A, 전일 대비 약 -8% 하락한 4,900원","[한국경제TV 라이온봇 기자] 백금T&A는 3월 5일 14시 44분 전일 대비 약 -8% 하락한 4,900원에 거래되고 있다. 백금T&A는 코스닥 상장 기업으로 통신장비 업종에 속해 있다. 시가총액은 762억원으로 코스닥 상장기업 중 778위에 위치 해 있다. [종목 성향 진단] [그림 1] 종목 성향 진단 백금T&A의 투자 스타일은 성장주에 가깝다. 주가 고평가 우려가 공존하지만 높은 성장성이 기대되는 기업이다. 주가 모멘텀은 평범한 수준이었다. 최근 1개월 수익률이 5.54%, 3개월 수익률은 5.34%, 6개월 수익률은 -3.44%를 기록했다. 백금T&A 종목에 대한 투자자의 관심도는 평범한 수준이었다. [투자 점수 진단] [그림 2] 투자 점수 진단 백금T&A는 성장성(매출증가율(YoY)) 측면에서 두각을 나타내고 있다. 최근 매출증가율(YoY)은 95점으로 6개의 핵심 팩터 중 가장 높은 점수를 기록했다. 매출증가율(YoY)은  전체 시장 내 92위를 기록하며 상위 5.06%에 위치했다. 업종별로는 49위를 기록하며 상위 9.3%에 위치했다. 그리고 효율성(ROA) 역시 도드라지는 편이다. 효율성 점수는 71점으로 두번째로 높은 점수를 기록했다. ROA는 전체 시장 내 566위를 기록하며 상위 29.41%에 위치했다. 업종별로는 215위를 기록하며 상위 37.74%에 위치했다. 그러나 부채비율과 PBR은  아쉬움을 나타냈다. [종합 투자점수] [그림 3] 종합 투자점수 AI 인공지능 분석을 통한 백금T&A의 종목 종합 스코어는 64점을 기록했다. 이는 동일 업종 평균점수인 57점과 시장 평균점수인 57점를 상회하는 수치였다. (위의 AI인공지능 점수는 재무 데이터를 기반으로 전체 상장 종목과 비교/분석하여 도출한 점수로 높은 점수가 반드시 높은 수익률을 보장하지 않습니다. 위의 자료는 당사의 추천 종목이 아니며, 투자 시 참고용으로 제시해드리는 것입니다.) 라이온봇 기자 -한국경제TV※ 본 기사는 한국경제TV와 '거장들의 투자공식이'자체 개발한 '라이온봇 기자'가 실시간으로 작성한 기사입니다. 라이온봇기자 ⓒ 한국경제TV, 무단 전재 및 재배포 금지 한국경제TV 관련뉴스해당 언론사에서 선정하며 언론사 페이지(아웃링크)로 이동해 볼 수 있습니다.이상호 2억원, 여자컬링 0원…경기단체 포상금 '천차만별'이하늬 ""살찌면 외삼촌""…문희상 의원과 닮은꼴 '깜짝'전현무♥한혜진 열애, 티격태격 하다가 정 들었다스텔라 해체, 선정성 논란 부담됐나 ""갓 스무살에...""이윤미, 주영훈 몰카논란 사과 ""많이 생각하고 반성"""
한국경제TV,046310,/news/news_read.nhn?article_id=0000649423&office_id=215&mode=search&query=백금T&amp;A&page=1,2018-06-18 11:49,"백금T&amp;A, 전일 대비 약 -4% 하락한 3,725원","[한국경제TV 라이온봇 기자] [그림 1] 최근 3개월 간 주가 추세 및 기간별 수익률 백금T&A는 6월 18일 11시 48분 전일 대비 약 -4% 하락한 3,725원에 거래되고 있다. 백금T&A는 코스닥 상장 기업으로 통신장비 업종에 속해 있다. 시가총액은 562억원으로 코스닥 상장기업 중 995위에 위치 해 있다. [종목 성향 진단] [그림 2] 종목 성향 진단 백금T&A의 투자 스타일은 가치주에 가깝다. 기업 가치 대비 낮은 주가가 매력적인 기업이다. 주가 모멘텀은 평범한 수준이었다. 최근 1개월 수익률이 6.11%, 3개월 수익률은 8.1%, 6개월 수익률은 -42.54%를 기록했다. 백금T&A 종목에 대한 투자자의 관심도는 높은 편에 속한다. [투자 점수 진단] [그림 3] 투자 점수 진단 백금T&A는 어느 측면에서 투자 매력도가 높은 종목일까? AI 인공지능 종목 분석 시스템을 이용해 성장성, 수익성, 효율성, 안전성, 저평가성, 추세 등 주가 수익률에 영향을 줄 수 있는 6가지 핵심 투자 지표를 점수화하여 종목의 투자 매력도를 계산해보았다. 그 결과 백금T&A는 상대적으로 수익성 측면에서 두각을 드러내고 있었다. 수익성 점수는 기업이 가진 자산과 자본을 활용하여 얼마나 이익을 실현했는지를 나타낸다. 백금T&A는 특히 ROE 측면에서 가장 높은 점수는 기록했는데, 전체 시장 내 62위를 기록하며 상위 3.07%에 위치했다. 업종별로는 27위를 기록하며 상위 4.46%에 위치했다. 그러나 기업의 자산 활용도를 나타내는 효율성 측면에서는 아쉬움을 나타냈다. (위의 AI인공지능 점수는 재무 데이터를 기반으로 전체 상장 종목과 비교/분석하여 도출한 점수로 높은 점수가 반드시 높은 수익률을 보장하지 않습니다. 위의 자료는 당사의 추천 종목이 아니며, 투자 시 참고용으로 제시해드리는 것입니다. 핵심투자지표를 결합해 종목의 투자매력도를 종합 계산한 ""인공지능 투자점수""는 ""거장들의 투자공식"" 앱에서 확인하실 수 있습니다.) 라이온봇 기자 -한국경제TV※ 본 기사는 한국경제TV와 '거장들의 투자공식이'자체 개발한 '라이온봇 기자'가 실시간으로 작성한 기사입니다. 라이온봇기자 ⓒ 한국경제TV, 무단 전재 및 재배포 금지 한국경제TV 관련뉴스해당 언론사에서 선정하며 언론사 페이지(아웃링크)로 이동해 볼 수 있습니다.""금리 계속 오른다""…연내 주택대출 5~6% 간다하반기 'J노믹스' 성패 가를 3대 요인생리컵 쏟아진다…이 질환 있으면 피해야여권 없이 얼굴인식으로 출국…짐은 집에서 부쳐요""도요타 말고 현대차""…터키 경제장관의 의리"
머니투데이,046310,/news/news_read.nhn?article_id=0003726358&office_id=008&mode=search&query=백금T&amp;A&page=1,2016-08-12 17:04,"백금T&amp;A, 보통주 286만2750주 유상증자 결정",[머니투데이 유엄식 기자] 백금T&A는 주주배정 후 실권주 일반공모 방식으로 보통주 286만2750주 유상증자를 결정했다고 12일 공시했다. 회사 측은 이를 통해 운영자금 99억6237만원을 조달할 계획이다. textlinktopstart textlinktopend textlinkstart
머니투데이,046310,/news/news_read.nhn?article_id=0003844142&office_id=008&mode=search&query=백금T&amp;A&page=1,2017-03-23 17:12,"[조회공시]백금T&amp;A, 현저한 시황변동(주가급락) 관련",[머니투데이 강기준 기자] 한국거래소는 백금T&A에 대해 현저한 시황변동(주가급락) 관련 조회공시를 23일 요구했다. 답변 시한은 오는 24일 오후 6시까지다. textlinktopstart textlinktopend textlinkstart
아시아경제,046310,/news/news_read.nhn?article_id=0003807243&office_id=277&mode=search&query=백금T&amp;A&page=1,2016-08-12 16:58,"백금T&amp;A, 100억원 규모 유상증자 결정",[아시아경제 이정민 기자] 백금T&A는 286만2750주 규모의 주주배정후 실권주 일반공모 방식의 유상증자를 결정했다고 12일 공시했다. 사측은 증자를 통해 운영자금 99억6237만원을 조달할 예정이다. 신주의 액면가는 주당 500원으로 오는 11월4일 상장될 예정이다.
연합뉴스,046310,/news/news_read.nhn?article_id=0010064189&office_id=001&mode=search&query=백금T&amp;A&page=1,2018-05-03 13:48,백금T&amp;A 1분기 영업익 17억원&hellip;315% 증가,(서울=연합뉴스) 전명훈 기자 = 백금T&A는 연결기준 올해 1분기 영업이익이 17억원으로 작년 같은 분기보다 315.6% 증가했다고 3일 공시했다. 매출액은 271억원으로 54.5% 늘었고 당기순이익은 32억원으로 전년 동기 대비 흑자 전환한 것으로 잠정 집계됐다.
